0.000000000000000000e+00 0.000000000000000000e+00 0.000000000000000000e+00 0.000000000000000000e+00 0.000000000000000000e+00 0.000000000000000000e+00
-3.860915834022624470e-06 7.153809463394349884e-07 3.145534887756743281e-06 1.693672791199259499e-04 5.333942366373110606e-04 2.823707874780497233e-04
-7.855343941988844088e-06 1.368593984133523840e-06 6.486749957747237150e-06 3.380873495916956973e-04 1.066482880499988566e-03 5.656943763723233307e-04
-1.199893787029021123e-05 1.948328061376454143e-06 1.005060980883380734e-05 5.060303678714986493e-04 1.599250628047051625e-03 8.501159137818251922e-04
-1.631138199529486596e-05 2.440131151360978092e-06 1.387125084368564284e-05 6.730300303915788193e-04 2.131682097973394349e-03 1.135817084588859908e-03
-2.081798859215409277e-05 2.825250157395023355e-06 1.799273843493249094e-05 8.388700189309582786e-04 2.663762121324431045e-03 1.423029375835039440e-03
-2.555215281451373401e-05 3.078911812160640157e-06 2.247324100266363985e-05 1.003263909942544605e-03 3.195476205802781980e-03 1.712053703563565102e-03
-3.055925893428505465e-05 3.167695311428508681e-06 2.739156362323442431e-05 1.165824526450973727e-03 3.726811290439755158e-03 2.003290305636359122e-03
-3.590314020791006579e-05 3.045390498264240122e-06 3.285774970999424081e-05 1.326015632751183747e-03 4.257757025242513843e-03 2.297285767751102749e-03
-4.167726178622539545e-05 2.646204011917481958e-06 3.903105777477870796e-05 1.483072783870828699e-03 4.788308032950013178e-03 2.594809912142007763e-03
-4.802515115684167715e-05 1.873094859590858840e-06 4.615205629775450476e-05 1.635867523034756398e-03 5.318468144426308393e-03 2.896987364719853450e-03
-5.518023796872447524e-05 5.766021552541014108e-07 5.460363581397290153e-05 1.782660974800991810e-03 5.848258905988172780e-03 3.205535454610105445e-03
-6.355008312573687083e-05 -1.486325802362633295e-06 6.503640892873805855e-05 1.920624572116581656e-03 6.377738220982391223e-03 3.523224845519578544e-03
-7.391388093523117023e-05 -4.739757306179920651e-06 7.865363824207607273e-05 2.044820960650702360e-03 6.907045954526445410e-03 3.854853026700172988e-03
-8.795445802248802480e-05 -9.997535801228369561e-06 9.795199382440545905e-05 2.145762295507270406e-03 7.436532961560457164e-03 4.209556987986178694e-03
-1.100061049476120192e-04 -1.905193633966722339e-05 1.290580412880523871e-04 2.202470717524995791e-03 7.967209652838350489e-03 4.607304177908870362e-03
-1.549616445520876835e-04 -3.683275280140225864e-05 1.917943973542698900e-04 2.156519850634659469e-03 8.502916463411322456e-03 5.102680537443836893e-03
-3.199304560463868061e-04 -8.503676707940013846e-05 4.049672231267706412e-04 1.735864382240062675e-03 9.072011249683147038e-03 5.939373522784710015e-03
