1.438046506536494983e-02 1.010110184963890038e-02 1.207246788880061983e-02 1.435282054208093100e-02 2.468560435005751758e-02
2.422253930061528740e-02 1.442645921923241085e-02 1.284343153567595042e-02 1.157402175851013001e-02 1.730713452547313902e-02
1.892670889620664057e-02 1.157365004052350772e-02 1.089683361640160844e-02 1.051400993575261032e-02 1.636006270993891482e-02
3.551792447490541987e-02 1.873248296803843582e-02 1.182438540374631392e-02 5.229464085605423432e-03 2.794688983623691645e-03
2.021052161617259250e-03 4.674101913163372125e-03 1.114257228055572611e-02 1.790499235453880261e-02 3.407576546398478901e-02
1.996603233773007122e-02 1.235159596678835417e-02 1.191253248307903856e-02 1.178896644602287630e-02 1.860278565375447432e-02
1.938750377207283312e-02 1.194668339867606399e-02 1.142914199203326139e-02 1.120441512573112051e-02 1.758927293508988007e-02
1.570069834215066101e-02 1.039426794244280999e-02 1.134214086045258994e-02 1.257877081946051981e-02 2.099383360255214007e-02
2.520182399750488939e-02 1.444576033842755354e-02 1.172226369652030510e-02 9.299860161157649796e-03 1.273199014659071905e-02
1.909990204617535367e-02 1.207084037690825049e-02 1.213693099745014221e-02 1.250895910145367364e-02 2.016209808472710363e-02
1.367434908964022811e-02 8.973050286244897353e-03 9.642367482136742635e-03 1.056283996215069340e-02 1.752362514925373885e-02
1.031543072217269187e-02 8.216618551952412780e-03 1.147415701967665659e-02 1.503712313689913559e-02 2.684217693273130076e-02
1.368134534138245456e-02 9.292951242446608612e-03 1.056351056740286939e-02 1.209860584718791196e-02 2.047711349720938642e-02
4.074147493406359141e-04 3.881663627475261460e-03 1.077902252111840112e-02 1.797175985887719540e-02 3.453834629586607224e-02
2.104649627839936046e-02 1.232933493589381986e-02 1.055147018050802722e-02 9.043191988644288734e-03 1.308750744432737173e-02
6.098857413891668397e-03 5.996045696665620352e-03 1.008874502062886806e-02 1.444424209959128610e-02 2.655705257186759607e-02
9.405690951141444656e-03 6.603783188977528293e-03 7.884495956573995407e-03 9.372321275427111104e-03 1.610362827598106963e-02
2.084161865299217001e-02 1.236432913792303440e-02 1.089865640831890262e-02 9.717482209245315028e-03 1.443006496487574120e-02
1.666305084613845661e-02 1.041882360043484834e-02 1.025688943126675835e-02 1.036838676892038597e-02 1.654115815852628957e-02
1.637865427865344350e-02 1.031612989673049915e-02 1.030019462656997162e-02 1.054813715835237545e-02 1.694079283818651638e-02
1.407890920239491389e-02 9.536111920851214618e-03 1.079370298081697502e-02 1.232484495723332706e-02 2.083439203331184653e-02
1.813974199696759965e-02 1.157073943919588802e-02 1.183562027979472193e-02 1.239015919708981797e-02 2.012584185404867748e-02
2.044898080259253612e-02 1.263299106708488939e-02 1.215141761329274588e-02 1.199448321554978658e-02 1.890167908915861214e-02
3.636332925004010647e-02 1.896297022865591972e-02 1.147987741239171744e-02 4.300851973426675703e-03 8.365054097704506184e-04
-8.948475330717946524e-04 3.607128334423250621e-03 1.154419476772773102e-02 1.978709846508112588e-02 3.831149408450511967e-02
1.185418219617478952e-02 8.737549305731081781e-03 1.114163933697051231e-02 1.384308720210732611e-02 2.422366023359674714e-02
1.881390600594254336e-02 1.166375047907419228e-02 1.129451705536322140e-02 1.121589152790082415e-02 1.772908958688388173e-02
1.716597734459333544e-02 1.088326481712720978e-02 1.100487161979556150e-02 1.140827831308184256e-02 1.843812494859330825e-02
1.939583399570102978e-02 1.217053458258092295e-02 1.207119212692726179e-02 1.228107482468689116e-02 1.966405335669063614e-02
1.574034427100952718e-02 1.037989089980526081e-02 1.125198706286432981e-02 1.241214668318702495e-02 2.066440195378833194e-02
1.653162910211076336e-02 1.072034090308465575e-02 1.129165488889865253e-02 1.215406510077540227e-02 2.000562266222540367e-02
1.611969745869392540e-02 1.092808530751279358e-02 1.238798523159499905e-02 1.417667115567525747e-02 2.399467493237445598e-02
1.734799590022982618e-02 1.098378551397435898e-02 1.107781735226966678e-02 1.144598228021296953e-02 1.846799514582193880e-02
-5.651953407289926103e-03 1.771391792964820957e-03 1.192341275020728647e-02 2.240973482614005627e-02 4.436606405830890304e-02
1.972714651877351122e-02 1.165303170075090641e-02 1.016789477315221957e-02 8.943892267895258222e-03 1.316679545230223583e-02
1.057803878353568219e-02 8.003948200647816383e-03 1.054366215081952926e-02 1.335269804685259784e-02 2.353328344658401836e-02
1.180043815382473757e-02 8.034201435000281818e-03 9.165006737489028027e-03 1.053150447763612566e-02 1.784561654689672053e-02
2.122390228135291948e-02 1.259285836575627961e-02 1.110468436028295633e-02 9.906761152157309361e-03 1.471668234897289228e-02
1.679759278794164257e-02 1.095686815846995572e-02 1.165971177154748704e-02 1.266916067240485798e-02 2.094719675348481747e-02
1.127058343045529536e-02 8.023958832893918203e-03 9.770313257198712936e-03 1.176958459447577897e-02 2.033988046332023750e-02
2.555936893255373460e-02 1.460345237333167054e-02 1.175261297563841463e-02 9.205066862453889151e-03 1.247750724300440532e-02
1.331884891926489803e-02 9.528731105287693848e-03 1.168449972815741034e-02 1.412593478999209749e-02 2.445937878811891772e-02
1.481743545771638075e-02 9.831463545949287869e-03 1.076384146772289829e-02 1.198815108717879961e-02 2.004185648295959965e-02
3.148116724934967720e-02 1.683691992602338872e-02 1.114579297007183001e-02 5.744286947732389452e-03 4.607344245490405110e-03
3.135922482211635394e-03 5.019446103482399189e-03 1.080811103482008650e-02 1.688071151417333896e-02 3.186821393586775075e-02
2.175572149157582041e-02 1.354347678883727549e-02 1.323164341704795646e-02 1.327135653224731718e-02 2.109618307030993942e-02
1.988460933857411073e-02 1.207925128660140325e-02 1.121790818893047756e-02 1.064447250805802478e-02 1.640874180318488765e-02
2.046692986460280778e-02 1.231175338820195489e-02 1.119723896766361242e-02 1.036829252546366507e-02 1.575868387468259968e-02
2.251829815875040081e-02 1.332554071085759705e-02 1.168319492350489153e-02 1.034351470437153836e-02 1.529232924476774981e-02
2.540530847740308032e-02 1.427044058830949542e-02 1.096754949817993312e-02 7.946183937914137740e-03 1.008501116682619485e-02
1.948845950993901080e-02 1.238191394915522624e-02 1.257503758181656439e-02 1.308710833409788832e-02 2.119832128753776357e-02
8.232134290275255548e-03 7.344772792781954947e-03 1.144162760581172826e-02 1.584759946710405723e-02 2.883496859974439899e-02
1.822589854360473841e-02 1.123150579109844296e-02 1.074418105332455853e-02 1.052307459365940841e-02 1.651015721376781348e-02
9.363027992724923428e-04 4.040167898972108450e-03 1.060514554112250950e-02 1.746621049800057418e-02 3.345626303077322422e-02
1.901477780565779749e-02 1.108420108464019255e-02 9.367487901535593436e-03 7.895631028199286833e-03 1.129609855626178237e-02
1.005184131374041619e-02 8.821037606799279548e-03 1.354151525184501409e-02 1.861171353213489366e-02 3.379704485478841197e-02
1.836843874710053851e-02 1.156403154774330103e-02 1.154061262851935506e-02 1.181228276268327451e-02 1.897026697755658381e-02
2.300066268916450829e-02 1.338402515423824449e-02 1.127401307395324397e-02 9.456940632586048265e-03 1.348625517503223431e-02
1.780018932104929924e-02 1.119661743650707253e-02 1.115354003950724121e-02 1.140565613685884383e-02 1.830690939366124911e-02
1.095397540146107046e-02 8.251631863071822934e-03 1.081196893239684195e-02 1.364908129701198139e-02 2.402872569844506298e-02
1.484000750604166224e-02 1.002610037367852869e-02 1.130384372762123155e-02 1.286835791201134185e-02 2.172669863767760431e-02
1.036067168745914181e-02 8.356090104557860679e-03 1.182667599527988112e-02 1.558694391576144651e-02 2.788432224811668650e-02
1.408928193292829575e-02 9.729703197464099895e-03 1.134218484384099529e-02 1.326126708490234229e-02 2.264625583375728252e-02
3.141782767398738907e-02 1.674715268028294235e-02 1.095978659494030276e-02 5.459298880989845761e-03 4.073264238865057993e-03
5.127678458443021489e-03 6.285186001672779001e-03 1.208954383090451307e-02 1.820507336078676722e-02 3.401823878380499239e-02
3.135257503633624709e-02 1.776802727444669674e-02 1.401554243071835050e-02 1.063399740014006091e-02 1.404744779355476987e-02
1.720355031757613701e-02 1.116585065175675073e-02 1.177990173344937649e-02 1.269321664445774260e-02 2.090522438449419346e-02
2.141225131480208391e-02 1.274178933108120922e-02 1.131380550457990707e-02 1.017205412931564482e-02 1.518637944786791795e-02
1.712494874930870631e-02 1.050627441255586915e-02 9.956516907518227558e-03 9.662158009302583561e-03 1.508122715830541825e-02
1.788709068616414072e-02 1.123065259656415987e-02 1.114891371779621818e-02 1.135311633438893485e-02 1.818406350915434747e-02
1.939245000700140151e-02 1.178021792893313088e-02 1.093961078660227529e-02 1.037913304109346589e-02 1.599862463042009755e-02
5.725768208600722636e-03 6.194025324954218620e-03 1.110808857112242920e-02 1.632406879836033331e-02 3.026777285606532808e-02
1.566614005078421565e-02 1.039081614959030779e-02 1.137222684050621067e-02 1.263496074253272171e-02 2.110383735290492779e-02
9.970706777817891012e-04 4.349277917116417015e-03 1.142678308547946144e-02 1.881548039750767509e-02 3.604904217888035833e-02
1.930240208843897118e-02 1.159609342706494593e-02 1.051242765410053716e-02 9.697440155064606868e-03 1.470408745873156425e-02
1.005328610079391990e-02 7.608363236757474668e-03 1.002414768233545438e-02 1.270075581653096371e-02 2.238480612880467888e-02
1.246627324036799107e-02 8.375804153811595987e-03 9.357736412287320782e-03 1.058133021780617578e-02 1.780563715420627191e-02
1.648436129971207753e-02 1.054925157398538260e-02 1.085047756192824599e-02 1.143501351489822383e-02 1.863029037609734845e-02
1.532396349866947498e-02 9.872566832491365060e-03 1.027638568617207648e-02 1.095249729520158567e-02 1.793957059536214343e-02
6.069377192835014381e-03 5.898028917581313486e-03 9.839949698713289228e-03 1.403782236485533533e-02 2.577858691064904492e-02
1.649286301421716908e-02 1.067382353527351543e-02 1.120282515862258861e-02 1.201791293341887383e-02 1.974955066185259817e-02
2.087585014003043651e-02 1.241849695593561821e-02 1.101695095678576972e-02 9.883785572077240580e-03 1.473565057210434771e-02
1.795507026386178318e-02 1.104138826156975291e-02 1.051556269433153237e-02 1.027189497843741285e-02 1.609159542772332571e-02
3.031508350438732319e-02 1.621546824028972586e-02 1.073473025047975808e-02 5.531791269655219473e-03 4.436712743393786407e-03
7.715418369267475684e-04 4.421761410565126782e-03 1.190715659612657379e-02 1.970380787262002165e-02 3.780799232844436752e-02
1.613301092702109155e-02 1.020919082099810624e-02 1.028313571623347064e-02 1.063480041320389972e-02 1.716400193434665725e-02
1.773166887951867915e-02 1.110653976412894275e-02 1.097353693576901511e-02 1.112290964752561846e-02 1.777159980440986761e-02
1.756280735934384607e-02 1.123576146649360626e-02 1.155333645251736124e-02 1.216544721083944944e-02 1.981585170500684348e-02
1.870077339720181003e-02 1.162899482470539092e-02 1.133040346920390594e-02 1.132209058125422003e-02 1.795746149484125920e-02
1.714099813216139051e-02 1.112498060493078561e-02 1.173727024308948708e-02 1.264818189266182606e-02 2.083250770422804751e-02
1.844429651680456680e-02 1.131267037910897895e-02 1.071793490819783132e-02 1.039884511378460705e-02 1.623105506979260343e-02
7.344620651369478809e-03 6.225140797082091837e-03 9.258449187425228308e-03 1.254599825803253375e-02 2.264575563330245567e-02
1.516312221327736388e-02 9.917901914182920137e-03 1.060128837743171473e-02 1.155030644033945911e-02 1.911725356272060694e-02
3.808374861596792831e-03 5.398004950951365913e-03 1.109775386511976242e-02 1.709982879662146765e-02 3.215815782624124181e-02
2.020036651722521490e-02 1.171414502093786648e-02 9.776779087485644795e-03 8.091736593274775208e-03 1.142988166122916108e-02
6.086282256943704311e-03 6.460305819684875918e-03 1.144901018614719566e-02 1.673801875471929781e-02 3.098972101014144803e-02
1.029550830246652067e-02 7.572159734822642152e-03 9.629380074175438245e-03 1.193401728437100927e-02 2.085617995902301625e-02
1.839015484936987535e-02 1.151385870355579183e-02 1.136784591244516252e-02 1.151695424880689635e-02 1.839793914233265465e-02
1.733906384086747812e-02 1.079602748474104389e-02 1.054196580208051001e-02 1.056787653919854554e-02 1.678672836731825296e-02
9.744450808198242692e-03 7.353342250924603703e-03 9.654490058187401025e-03 1.220498504696790679e-02 2.149106896734200717e-02
1.859250617138594186e-02 1.180185623335671709e-02 1.196317358136755361e-02 1.242912945146132375e-02 2.011304696882626128e-02
1.923628764610285993e-02 1.160768500537348938e-02 1.062640064441848498e-02 9.906357289320337836e-03 1.511570212272502801e-02
1.640131945326391005e-02 1.064531266409534521e-02 1.122896969163326986e-02 1.211299359296724373e-02 1.995749189244837296e-02
3.395468641104748553e-02 1.788010377086469635e-02 1.121536457579071396e-02 4.845183609938128952e-03 2.374319457866236414e-03
1.132777822974982349e-02 8.874155504750168635e-03 1.216953391607260987e-02 1.577758153120130749e-02 2.806053884141987420e-02
2.472417101352152730e-02 1.439117544332617522e-02 1.213633472118416483e-02 1.020091773914455491e-02 1.456830127370347186e-02
2.794096548274952602e-02 1.646723710971984000e-02 1.431996922871970820e-02 1.253972161519144660e-02 1.841284826136603200e-02
1.993543960097297549e-02 1.222421485492069214e-02 1.158097423047338773e-02 1.123087698889101843e-02 1.752871078853891415e-02
1.758619057084358922e-02 1.099087254293579924e-02 1.081199941966451764e-02 1.091187775503531937e-02 1.739510686966316486e-02
1.601922194171079977e-02 1.017724401387979163e-02 1.032791638589165839e-02 1.074437133266305765e-02 1.739296369151999144e-02
1.713028960735612019e-02 1.096484600155371580e-02 1.128406924758719454e-02 1.189146893669620030e-02 1.937564060476189634e-02
1.059122529835838065e-02 8.359790783907118661e-03 1.155898792073135027e-02 1.506898868132580498e-02 2.684889593914285832e-02
1.386086629194081994e-02 9.281453100569611939e-03 1.031467350606949697e-02 1.160689342343639366e-02 1.949289441994118618e-02
-1.042337092563903975e-03 3.653620052389337444e-03 1.185310805258489412e-02 2.037971794931566286e-02 3.949298756568110635e-02
1.954566512445883933e-02 1.155376023757609047e-02 1.009683745445260836e-02 8.897940874263611175e-03 1.311463471945380037e-02
8.635707932211227761e-03 6.709559588140763878e-03 9.116078404039152511e-03 1.176355836739821810e-02 2.086936590883749915e-02
1.180184946163563217e-02 8.640514001786957915e-03 1.092414910289050273e-02 1.348595182399640359e-02 2.354001329257318642e-02
1.819386760757920468e-02 1.098384916976043353e-02 1.006112262251217075e-02 9.403975150791320584e-03 1.436837191979379279e-02
2.128176603174260564e-02 1.274364155868835599e-02 1.147432096549369680e-02 1.050910312413501531e-02 1.586764012268224167e-02
9.406481334928648574e-03 7.196245820430756737e-03 9.604109434407346463e-03 1.226019188224407828e-02 2.166683373946745941e-02
1.622416430252864375e-02 1.043427071923452507e-02 1.082860868892654080e-02 1.150177183775456455e-02 1.881030974465870698e-02
1.696710994646100090e-02 1.063201295969395596e-02 1.051312208784497236e-02 1.065544689728888626e-02 1.702412741910705463e-02
1.733846979729654347e-02 1.098399798120261797e-02 1.108916019480163211e-02 1.149113044637120780e-02 1.856734928714660893e-02
2.921417520795295542e-02 1.554340254703539918e-02 1.009795739738521964e-02 4.916946838825186558e-03 3.481569823046476789e-03
-3.356160312169120374e-03 2.236826904708671179e-03 1.052658218758190448e-02 1.909882639973305499e-02 3.748453401301039128e-02
2.890833520603672963e-02 1.698939454978712696e-02 1.467982623929001140e-02 1.275661558142719351e-02 1.863797773691064016e-02
2.237478096024460295e-02 1.358010245889168001e-02 1.259587237680186156e-02 1.193060610846379682e-02 1.837632589189137217e-02
1.620097297185362981e-02 1.027070614676291183e-02 1.038219889104420764e-02 1.075756982040695052e-02 1.738035738847642023e-02
2.294843318181671171e-02 1.391151281170654834e-02 1.287203939658173452e-02 1.216168419555794383e-02 1.870622826027466129e-02
1.987729509019952462e-02 1.224247059261410545e-02 1.170324964115743681e-02 1.146192404308910354e-02 1.798609454932900004e-02
1.869301622098714852e-02 1.173789885782779152e-02 1.165655412046474708e-02 1.187418871857232744e-02 1.902356956313296099e-02
1.145300374872961977e-02 8.747751219727381913e-03 1.165213122119385623e-02 1.486602247711627488e-02 2.627936651302978724e-02
1.904919083916760056e-02 1.156494339682348146e-02 1.072538136673711721e-02 1.015304479981910500e-02 1.562948557574995317e-02
4.055318365077254482e-03 5.603658322860307142e-03 1.139746498055756174e-02 1.749966999739957507e-02 3.287933662328777762e-02
1.921161517707388119e-02 1.097654521048102225e-02 8.817062841512334284e-03 6.886961005409594251e-03 9.314143629788326079e-03
6.582094751038730478e-03 6.130631462581918184e-03 9.899588168625513690e-03 1.392375571539600752e-02 2.545240191381143921e-02
1.312947613114935110e-02 8.811174594042901417e-03 9.826590961456502585e-03 1.109404403854224487e-02 1.865722613560443291e-02
2.731281684381826891e-02 1.501257539379250577e-02 1.083632536420359171e-02 6.944063640177999472e-03 7.768156629386266214e-03
2.309763987271158323e-02 1.381182199513443336e-02 1.240294429056669999e-02 1.131603093632375587e-02 1.704805002629711935e-02
8.711970975584650695e-03 7.088718348228385292e-03 1.012523877270253558e-02 1.342215631190502023e-02 2.404935781540012280e-02
1.997375253958497826e-02 1.236560191189304062e-02 1.194519261915309022e-02 1.182799168914057397e-02 1.867112985073494241e-02
1.599430454383540465e-02 1.001177779229481431e-02 9.877930317021487230e-03 9.990452270787923694e-03 1.594291532988933308e-02
1.779087532593136636e-02 1.130136759125466989e-02 1.146899258034258379e-02 1.194294492743682920e-02 1.934573846666755997e-02
3.070017386254261793e-02 1.603224663449605639e-02 9.735606218789221930e-03 3.699431068700239494e-03 8.401948099006136417e-04
6.123575557114183804e-03 6.440914335360176102e-03 1.134809141072165919e-02 1.654993594299640491e-02 3.061715602972307076e-02
1.603217697145293066e-02 1.056271644558064160e-02 1.143151407257667757e-02 1.260321907398086888e-02 2.097662299378771217e-02
2.426030157393595232e-02 1.423597390577041773e-02 1.224165534429091755e-02 1.055773344874410061e-02 1.534505661608139525e-02
1.729711084839690924e-02 1.107473611891419789e-02 1.140449703596634404e-02 1.202494000029274458e-02 1.959971696350131659e-02
1.469724911987228995e-02 9.585094696962198624e-03 1.019325255433603528e-02 1.106045546234333057e-02 1.827035993585513635e-02
1.791526009138783362e-02 1.120653087743531812e-02 1.104510130701155494e-02 1.116562633490447709e-02 1.781644009917292965e-02
1.767498373951496490e-02 1.096240365895506316e-02 1.062239576762181135e-02 1.055746012227124983e-02 1.669441813626250035e-02
6.933873388671406811e-03 7.036203686976683427e-03 1.210175449098186730e-02 1.749121540885102688e-02 3.227423724909081471e-02
1.548555494924071935e-02 9.918319805428390742e-03 1.021566982149738068e-02 1.076519982150101785e-02 1.753669538140893713e-02
2.104647379396732635e-03 4.621206590912638364e-03 1.088833550413904026e-02 1.745305587338265296e-02 3.318921911454696116e-02
1.845315931563066766e-02 1.128400753655947261e-02 1.062441902585864115e-02 1.023496809321900250e-02 1.591250591148959601e-02
1.031856979744000605e-02 8.270085041068537396e-03 1.162668916718320386e-02 1.528222667400528159e-02 2.731076982148375812e-02
1.810952444281486301e-02 1.083906005103697258e-02 9.742682051261631129e-03 8.897820549236726273e-03 1.340962639594674155e-02
2.678110300747696404e-02 1.550058726411797198e-02 1.289795843586595894e-02 1.063120690707286542e-02 1.497527672690804681e-02
1.642115029631561335e-02 1.056076864526577300e-02 1.096013929766846175e-02 1.165026493212165115e-02 1.906073725287917367e-02
1.042765811505995052e-02 7.761734263684893532e-03 1.002037409023386928e-02 1.253593131156912135e-02 2.198863184862836356e-02
1.809453342188540453e-02 1.135702643570079239e-02 1.126697023375521078e-02 1.146782128074374379e-02 1.836325401035261706e-02
2.270543808680842643e-02 1.346801336368591562e-02 1.187461032619565454e-02 1.057608647668950748e-02 1.569723923897197587e-02
6.912368023162404618e-03 6.134536509908988626e-03 9.514341744787848526e-03 1.315377664018818789e-02 2.390599545397729259e-02
3.196019495338907335e-02 1.717967161881436833e-02 1.157058140161593487e-02 6.260003182148454401e-03 5.500496964437265844e-03
5.627080000519359745e-04 3.355419491564063002e-03 9.071879540236424747e-03 1.502849665956270710e-02 2.881753977510029610e-02
2.492465956180047598e-02 1.358039777061699309e-02 9.532044299366642520e-03 5.741970572038818110e-03 5.948148718445609752e-03
8.570179971375107772e-03 7.395111658889627973e-03 1.118282134088330673e-02 1.526032188497686640e-02 2.762581005046862298e-02
2.436063049983193396e-02 1.391628777574786119e-02 1.119190745299016888e-02 8.754800003967888600e-03 1.185592311342636984e-02
2.062272575212213688e-02 1.238058868891087939e-02 1.120935228651745788e-02 1.032216334068175936e-02 1.563593499654127722e-02
1.923298744487359629e-02 1.202193154281793082e-02 1.183472665924762204e-02 1.195245284375478709e-02 1.906491142520152365e-02
1.774890211761251391e-02 1.102232193997564752e-02 1.070836085627222857e-02 1.067037999726352070e-02 1.689668417344243959e-02
8.772284298391927471e-03 7.550759200950002067e-03 1.139204908557373691e-02 1.553852966106888250e-02 2.812669062976103432e-02
9.219724140767139586e-03 7.549267486793394787e-03 1.085231703314461574e-02 1.442846891457552974e-02 2.588404224162516726e-02
1.651416505645433462e-03 3.741131390588886291e-03 8.883050299705029865e-03 1.426949854168530971e-02 2.713344512509430206e-02
1.552899440542478311e-02 9.684805476646230621e-03 9.484801440334528558e-03 9.528793225550077559e-03 1.515154226404988314e-02
7.625606922026741466e-03 6.525619650302744677e-03 9.794067443766079489e-03 1.331781045221359060e-02 2.407153154167145093e-02
1.191979467545535576e-02 8.373206883527623684e-03 1.000686074626858622e-02 1.189613482486236683e-02 2.045077044012767742e-02
2.296951342526326600e-02 1.351888747993383426e-02 1.170436713206855946e-02 1.019346879989148878e-02 1.491132902765991350e-02
1.553148304948839993e-02 1.003714455648829426e-02 1.050594640558701054e-02 1.125341513199153327e-02 1.847758215192791056e-02
1.036762321026522306e-02 7.955769332936657098e-03 1.065606564716460071e-02 1.362913212985800843e-02 2.410978309057223296e-02
2.259064147395684063e-02 1.339454557251282263e-02 1.179771833750064940e-02 1.050181001360493693e-02 1.558070161960771471e-02
1.715432816963389021e-02 1.086475081501855032e-02 1.096501219130893018e-02 1.133589484293631711e-02 1.829594892061513212e-02
1.077279976587963706e-02 7.613062189339035203e-03 9.174001038256199628e-03 1.098442211335301857e-02 1.893377837358279844e-02
3.548070146970978139e-02 1.836291235395063823e-02 1.078826613089566358e-02 3.493940134864542777e-03 -5.363341756568975206e-04
2.945708387529951712e-03 4.877105511283232400e-03 1.062355557405587902e-02 1.665046963341508188e-02 3.146276547362062553e-02
1.983635707045302773e-02 1.209961190016806132e-02 1.133543611923817224e-02 1.087267584230638094e-02 1.686388583030340102e-02
1.868408318594045811e-02 1.153535208789371706e-02 1.107688878064255755e-02 1.090431988094110217e-02 1.715560686189970818e-02
1.868628716403877149e-02 1.184871339265348468e-02 1.198787911763873025e-02 1.242931462381883893e-02 2.009373202628846750e-02
1.489333374034689135e-02 1.020542102209225435e-02 1.176062286836729830e-02 1.361608411010199055e-02 2.315887272305289929e-02
1.796327102766962641e-02 1.067379869373284891e-02 9.437524951131082834e-03 8.442802697378371315e-03 1.256252971604690516e-02
1.631971845220797981e-02 1.036015444464107038e-02 1.049873541338569236e-02 1.090583838937969965e-02 1.764163481803330408e-02
2.327227255450743746e-03 4.750258740313396781e-03 1.099582476158929290e-02 1.753768278209884290e-02 3.330559447337868434e-02
1.676991277832419816e-02 1.063194474562976707e-02 1.074876829502247749e-02 1.113151412216886044e-02 1.798027332025198266e-02
5.532081634164731903e-04 3.847686132059127857e-03 1.050610149215875158e-02 1.745878907308132458e-02 3.351997076129033248e-02
1.837691896947936734e-02 1.102885727322187696e-02 9.973343088862373154e-03 9.175855957683679009e-03 1.389021613197907908e-02
8.546480984226393490e-03 7.310770612003176724e-03 1.096742879515417990e-02 1.490690159007347637e-02 2.694845692023175102e-02
1.240500428396686117e-02 8.492600525732744987e-03 9.770812361746093397e-03 1.130114215641307013e-02 1.920539608479899032e-02
2.095245414825710334e-02 1.226547943305917460e-02 1.047771263072126875e-02 8.964681590348124937e-03 1.295820978886588412e-02
1.738421024788888367e-02 1.190415758372186106e-02 1.370708082230024348e-02 1.586981019085412226e-02 2.700299166848160390e-02
1.097854380524433855e-02 8.056577285101581762e-03 1.021563614865327735e-02 1.263671561086852045e-02 2.207056044720291654e-02
7.732203735237242609e-03 6.022284368862579514e-03 8.205633192145501270e-03 1.060075135022026278e-02 1.881033988429125017e-02
1.851163735416902836e-02 1.199500796408457977e-02 1.262247656405342429e-02 1.355931550058242507e-02 2.230424883438706513e-02
1.716022736627989195e-02 1.042624185473678411e-02 9.680676588752237105e-03 9.199981347855814770e-03 1.419150832257689600e-02
3.049281335174039431e-02 1.655611489341395764e-02 1.151563938212077191e-02 6.772320616877654069e-03 6.786072614409658331e-03
9.217481698982918446e-04 4.074665147487669531e-03 1.072381115687207759e-02 1.765605020895601521e-02 3.381952839057655869e-02
1.622645734623350683e-02 1.021746200283319209e-02 1.019462315549576718e-02 1.044595868573462011e-02 1.678006274317346211e-02
1.834558960356762539e-02 1.149147911918988775e-02 1.135582062516102969e-02 1.151204646147526746e-02 1.839570848189623839e-02
2.345493099553014327e-02 1.379154481751564305e-02 1.191681121971526446e-02 1.035226458871115959e-02 1.512004837471727856e-02
1.509054770714208897e-02 1.027094220116037473e-02 1.171427476223743658e-02 1.345670830834177351e-02 2.281091793984612454e-02
2.179432004829903388e-02 1.294064575533421593e-02 1.143315913354537271e-02 1.021687918839245084e-02 1.519490794208768966e-02
1.590117727850432275e-02 1.048178421382301925e-02 1.135487411741130728e-02 1.251813470591212410e-02 2.083537867392096926e-02
8.453442618271342357e-03 7.468935991460661297e-03 1.153667560053223996e-02 1.591429696213303088e-02 2.891788189378480603e-02
1.706306733922033705e-02 1.081432325694519150e-02 1.092686492460045143e-02 1.131071304513679363e-02 1.826582060755490081e-02
4.186915984228878340e-03 5.555745248947047826e-03 1.110158950730668823e-02 1.694840515741612846e-02 3.178774393358251710e-02
2.014854022753826204e-02 1.163935989717312762e-02 9.621257032531624342e-03 7.851570870418083520e-03 1.097825579432301288e-02
1.452671341666969540e-02 9.339916530709780132e-03 9.685358387803740324e-03 1.027986135205862135e-02 1.680270671410222239e-02
1.107121845980174081e-02 7.745972772750027435e-03 9.202983137076852990e-03 1.089778620186239270e-02 1.870083140642984226e-02
1.837906260426855690e-02 1.121730976610128827e-02 1.051835767175832853e-02 1.009373241662225515e-02 1.565798057676084584e-02
1.318274295349387837e-02 9.129235128128260907e-03 1.068580332121601625e-02 1.252809951845520499e-02 2.141579714205876783e-02
8.618518594498410929e-03 7.091223016235796359e-03 1.024420830460646276e-02 1.366093084977391785e-02 2.452889679543976409e-02
1.729165033520819669e-02 1.115853940806246260e-02 1.165354796155135958e-02 1.244422757485758382e-02 2.040747043231552413e-02
1.848935521922590378e-02 1.163292014455583230e-02 1.159669880248309116e-02 1.184567081724786225e-02 1.900517513391615509e-02
1.691456127297690307e-02 1.067938934201686021e-02 1.071187979723359045e-02 1.103365374084404847e-02 1.777294524787877139e-02
2.887753956295656052e-02 1.582940199263476941e-02 1.133798696953588168e-02 7.137196846488849666e-03 7.817467846277388263e-03
2.453328288506514097e-03 4.976929214277005589e-03 1.150188800376225617e-02 1.832782904776021973e-02 3.480388312171669996e-02
1.093910818487161055e-02 8.173893307372413763e-03 1.060287247632622949e-02 1.331564585770810341e-02 2.339336191326173847e-02
1.659432437115533621e-02 1.071879757498948350e-02 1.121114730741255665e-02 1.199128896259990008e-02 1.967755640740785975e-02
2.001138227295711988e-02 1.210073289218377424e-02 1.113070155041946847e-02 1.044302875039554955e-02 1.599556807134391856e-02
2.097347887050280552e-02 1.268459834182248877e-02 1.167269184301805360e-02 1.096222608224673573e-02 1.680001161496057216e-02
1.748027260281334594e-02 1.091159472966661895e-02 1.070936968209123749e-02 1.078407134017206857e-02 1.717164863496227142e-02
1.789596304034282714e-02 1.119207064139375422e-02 1.102580738656923180e-02 1.114087780927078275e-02 1.777222130467452643e-02
2.699091415988379410e-03 5.018977068880938266e-03 1.132852817215385458e-02 1.794374175472091340e-02 3.401476821036993059e-02
1.349099177980101968e-02 8.936483982273146776e-03 9.755420004034068976e-03 1.081879065129050244e-02 1.804870038067368093e-02
-1.898383040558549589e-03 2.717306347924905961e-03 1.017000740059294597e-02 1.791254340818614760e-02 3.489977765203158833e-02
2.155212535921669642e-02 1.245194742251306066e-02 1.030035803668406455e-02 8.413708403471333377e-03 1.177258222545984716e-02
9.496879336729647375e-03 7.503837224139539575e-03 1.038846542615771279e-02 1.354155254719375048e-02 2.411985014875783762e-02
5.136867443539113245e-03 5.131423466778970051e-03 8.735498936598324465e-03 1.256635095293874571e-02 2.313061751378624534e-02
2.267979057099258483e-02 1.314933470630261225e-02 1.097613674604891801e-02 9.090655753223349581e-03 1.284782247933177919e-02
1.459546913780073937e-02 9.643938756677870872e-03 1.048620504322460290e-02 1.160829851172921930e-02 1.935341541945006030e-02
1.297995874805053275e-02 9.195098977971650350e-03 1.112101496632144672e-02 1.332854236998210970e-02 2.299421117995937430e-02
1.857756667297089798e-02 1.176195415415165653e-02 1.186522049118431295e-02 1.226977765456313020e-02 1.980855942315997917e-02
1.868613953279458020e-02 1.167164428631750975e-02 1.147329892791215666e-02 1.155425742939691913e-02 1.840199111051017689e-02
2.065012759792600808e-02 1.242636478341222275e-02 1.130901132569481736e-02 1.049418798458409859e-02 1.596897071225425804e-02
3.219817697541470930e-02 1.732426348400977964e-02 1.170616952548423143e-02 6.391401787878625736e-03 5.704922423071571991e-03
2.129413882780007219e-03 4.278186263999421077e-03 9.867328089071472283e-03 1.571574812345108429e-02 2.982387440986099605e-02
2.089814131324601448e-02 1.258135279394896264e-02 1.146215368865752433e-02 1.064626524974243184e-02 1.620963017324677721e-02
1.778957425029882924e-02 1.110150456177615846e-02 1.088900770740018620e-02 1.095771221050689109e-02 1.744152139012632163e-02
1.700827666073062919e-02 1.094393502726375908e-02 1.137059800533327461e-02 1.208560111288328048e-02 1.977474546874076131e-02
1.943065152769908599e-02 1.192733706223187903e-02 1.132174664589782366e-02 1.100490725007104847e-02 1.719599609469035090e-02
1.824705138254510695e-02 1.182850660456662151e-02 1.245535854648245622e-02 1.339460133582347397e-02 2.204371823477482492e-02
2.091063319215537633e-02 1.258986701237207670e-02 1.147311646844265468e-02 1.064897079135307401e-02 1.620803672250614377e-02
8.358475893000602910e-03 7.651065034273174005e-03 1.217816076666553525e-02 1.702801270626968025e-02 3.108665826896902726e-02
1.851725804991199639e-02 1.160269270389982857e-02 1.147419188781045006e-02 1.163003470097746447e-02 1.858379126106648321e-02
2.716711151369099672e-03 5.375112848035676870e-03 1.233763341000732212e-02 1.963404523840341087e-02 3.728033159685681386e-02
2.339186723486226180e-02 1.318406960573075166e-02 1.022166553502489028e-02 7.524969569808599885e-03 9.687390373499518356e-03
1.141398107062529740e-02 8.456707947789904659e-03 1.085510899953032009e-02 1.353174651605914235e-02 2.370797796114213624e-02
1.497604425769517161e-02 1.037014140228091283e-02 1.214011340157957787e-02 1.421292904952967465e-02 2.429031744259939340e-02
2.113990027951226022e-02 1.252027862870652188e-02 1.099405438874079093e-02 9.760226309582554355e-03 1.445382682538812885e-02
2.036256221269744024e-02 1.222025603861682901e-02 1.105476528494884689e-02 1.018581720826459286e-02 1.543418320160357127e-02
9.028582776350175393e-03 7.193465259725087373e-03 1.004932338146969674e-02 1.316406720043884759e-02 2.348684348232425029e-02
2.111595330537344856e-02 1.234585481020023662e-02 1.051581387245677408e-02 8.952024584171372132e-03 1.289627274779425736e-02
1.860942977934982104e-02 1.126996917946410971e-02 1.039608954040459679e-02 9.780422825228902994e-03 1.500216266904528389e-02
1.697259846031905911e-02 1.057486894765707029e-02 1.033772985215355641e-02 1.038383004476778337e-02 1.651019332302911674e-02
3.128650952406797359e-02 1.666253521165320106e-02 1.087053260777816333e-02 5.363172873000719709e-03 3.915136895645804534e-03
1.732880680936055599e-03 4.186909631332442865e-03 1.007763575269905905e-02 1.623655676577836354e-02 3.091213745825726125e-02
1.853105442985352944e-02 1.160833652769311004e-02 1.147323737951506765e-02 1.164163482626537523e-02 1.861202764398764767e-02
1.141309794217026073e-02 7.694405585700181578e-03 8.641280911493758390e-03 9.811582649293248623e-03 1.653695889316666306e-02
2.138500316596291667e-02 1.300628852842253790e-02 1.211601634989557461e-02 1.153389791993749726e-02 1.781662946848436985e-02
1.810460907925982507e-02 1.151068714165066377e-02 1.170173710276314720e-02 1.219241049670530437e-02 1.975692132816021795e-02
1.767915084418190258e-02 1.101748873832846844e-02 1.077858558636637411e-02 1.081662027211688880e-02 1.719285412234232424e-02
1.919157473528548125e-02 1.192672672025193135e-02 1.160724852563235418e-02 1.158479928998426556e-02 1.836330964600166316e-02
7.733600445317513963e-03 7.061305573078759286e-03 1.121726502151649749e-02 1.567345755815374025e-02 2.859924747918789548e-02
1.426294839940847603e-02 9.572895155645381668e-03 1.067922082103197126e-02 1.205112837671402752e-02 2.026598173371112199e-02
4.001418337925785954e-03 5.549483930744609876e-03 1.130544503283618246e-02 1.736601806560796740e-02 3.263169827596543865e-02
1.896220116503626735e-02 1.152962024013736569e-02 1.072756036376083452e-02 1.019759840224159636e-02 1.573597695880437491e-02
1.146875507537238256e-02 9.263234402827493982e-03 1.312805638351734888e-02 1.733087287055509046e-02 3.103159244739358072e-02
1.027858171397865068e-02 7.532124297152558053e-03 9.533256629662355611e-03 1.178103158762108457e-02 2.056536071796360651e-02
1.678451298971327457e-02 1.053403241305857392e-02 1.044587246148382872e-02 1.062924685100407121e-02 1.701537992136597371e-02
1.289309471566214838e-02 9.450960069102681479e-03 1.196740605706478507e-02 1.480065422188175939e-02 2.585881034276734519e-02
1.825493645343385929e-02 1.120426419691290983e-02 1.063025525514092046e-02 1.032830077365828186e-02 1.613349457181410471e-02
1.388462062000908950e-02 9.580104742592111811e-03 1.115434447887582448e-02 1.301416546753042004e-02 2.220462639027567103e-02
2.118710368874618041e-02 1.303178770534634684e-02 1.242773462423050340e-02 1.213003225332667454e-02 1.900151272547893205e-02
2.143557140608204348e-02 1.252562483297268818e-02 1.065436977034031271e-02 9.069901323686980002e-03 1.306543129197033914e-02
2.863304349022449333e-02 1.577116925849944909e-02 1.146224702272778326e-02 7.451303910735206266e-03 8.473979439978431699e-03
3.504650890592749934e-03 5.231576431519075615e-03 1.098126917131064979e-02 1.701718875606278783e-02 3.205585268231915530e-02
1.798727189968359064e-02 1.147414773541161753e-02 1.173541147755434964e-02 1.230828787466335152e-02 2.000896867735333165e-02
1.501602564946745086e-02 1.005194260561075026e-02 1.116686598338624201e-02 1.256993782916050913e-02 2.111671009365696100e-02
1.510586885108843903e-02 1.014060857074096378e-02 1.131884567050277061e-02 1.278504433402348484e-02 2.151331532349537792e-02
1.452500285030062545e-02 1.003526177071407260e-02 1.170787028801042150e-02 1.368243939293925168e-02 2.336349949314694627e-02
2.263217969057998435e-02 1.334894109515977201e-02 1.161550327709847535e-02 1.017685125098571203e-02 1.494588030331879015e-02
1.928868296021299389e-02 1.190305286933725400e-02 1.142172448586639688e-02 1.123257985407923390e-02 1.766442113735748956e-02
1.281465280322099422e-02 9.204166533588672983e-03 1.134494808645431820e-02 1.378840249848805460e-02 2.392216878999949350e-02
1.337672954541547880e-02 9.181910176283258548e-03 1.060643923452287730e-02 1.229485233914522774e-02 2.091691031189243932e-02
1.065175162821820282e-03 4.504323877861507626e-03 1.179378102702522899e-02 1.940127379724645301e-02 3.716664978112628470e-02
1.879914429684098956e-02 1.136100128126674158e-02 1.043301060514745075e-02 9.773647528253095670e-03 1.495493120368911882e-02
1.119181971356526806e-02 8.363120253044168881e-03 1.084969395483451060e-02 1.361487690273752160e-02 2.391386695362212808e-02
1.257875376859260604e-02 8.485392676560558900e-03 9.541267347900369081e-03 1.084434896627238173e-02 1.829001124946364604e-02
1.974097667932776454e-02 1.199424404783096601e-02 1.114379447582888871e-02 1.058275108561894037e-02 1.632163178959152722e-02
1.898270607276394267e-02 1.180354695799086702e-02 1.149939298768627716e-02 1.149757664354827437e-02 1.824159540690067222e-02
1.275772778209178712e-02 8.873454457009882432e-03 1.045376156340825820e-02 1.229919772748322947e-02 2.105500862171245588e-02
1.651253582102547510e-02 1.061809528533584623e-02 1.101769376888100081e-02 1.169947671224026015e-02 1.913252612144313025e-02
1.869602078736481293e-02 1.220400475190478763e-02 1.300863518873791175e-02 1.413382679522246291e-02 2.337554265506006437e-02
1.781699719266270285e-02 1.154161712268761235e-02 1.213576347788737630e-02 1.305521274105420071e-02 2.148590049197972307e-02
3.611598903632801810e-02 1.893573269431695141e-02 1.169860960111619025e-02 4.766850670119221825e-03 1.781036953727198726e-03
1.187206017026575574e-03 4.099638646663630696e-03 1.047799305402558230e-02 1.713642192448452603e-02 3.276244252190783218e-02
1.239101143663025144e-02 8.675275858467151185e-03 1.031706502353671451e-02 1.223814724264319503e-02 2.101992706613493855e-02
1.580528525328126974e-02 1.036436283935773459e-02 1.112766637712609905e-02 1.217596799529468803e-02 2.019450240515701864e-02
1.905621511206914351e-02 1.161474843261189362e-02 1.086330887131612376e-02 1.038959275986923309e-02 1.608867348533028069e-02
1.796170060001641214e-02 1.139211669302122448e-02 1.152835436576397227e-02 1.195807839551862352e-02 1.933337618123712881e-02
1.795715000285152962e-02 1.121994417479628241e-02 1.103394621228187197e-02 1.113043266559008218e-02 1.774057910244580122e-02
1.903366462717028668e-02 1.200831318461344568e-02 1.203411224679925076e-02 1.236473381672390306e-02 1.989780510195984439e-02
1.056567960611460612e-02 8.512763734400928539e-03 1.203356939773289613e-02 1.587163364720142050e-02 2.840129960393118769e-02
1.375443489086334778e-02 9.413641274109315477e-03 1.082633100934259074e-02 1.250907787855274483e-02 2.125294661192959900e-02
9.617419282931717215e-04 4.291538721919958832e-03 1.130168108285795059e-02 1.862164460108265210e-02 3.568205760438750151e-02
2.066091913656276785e-02 1.210614791086634355e-02 1.036479660541656314e-02 8.890837795223326817e-03 1.287411989677045634e-02
1.148489015381345610e-02 8.889521592803739311e-03 1.202557387623234483e-02 1.547089163324376869e-02 2.743604140589410781e-02
1.015685467096157438e-02 7.786430900287670369e-03 1.041763313565600112e-02 1.331690553919466155e-02 2.355151085559378105e-02
2.531659323640035597e-02 1.401498118356924762e-02 1.032815796779880217e-02 6.912845288966245824e-03 8.116676048338601970e-03
1.700820185272466228e-02 1.089689224896089707e-02 1.123296200972608710e-02 1.186422610519395279e-02 1.935213658137345874e-02
1.060278015973156567e-02 7.500801761057758130e-03 9.052495372541720375e-03 1.083750291897106303e-02 1.867940939237345416e-02
7.238712392478072188e-03 6.517554234849991072e-03 1.023495468318723345e-02 1.421676245995571325e-02 2.588437303311820134e-02
1.759856766959097887e-02 1.126010000184936993e-02 1.158190148252224473e-02 1.218463458779811028e-02 1.983914930582195840e-02
1.916040384360859564e-02 1.189832041913340376e-02 1.156111969717037342e-02 1.153176697714603481e-02 1.827247783321896829e-02
3.010106036280649905e-02 1.603017229747038044e-02 1.045090142612986085e-02 5.147201347657577759e-03 3.743194654246345503e-03
1.488543980024419197e-03 4.506870587382759245e-03 1.129626034373931893e-02 1.838210635461891979e-02 3.510656676539286591e-02
1.770815820801911744e-02 1.119605005314523553e-02 1.126145891971352779e-02 1.162723834356792565e-02 1.875313698142730759e-02
1.550499306791463042e-02 1.014649559169848551e-02 1.085497197174054192e-02 1.183933214869528627e-02 1.960596687119516707e-02
1.649979707670523599e-02 1.077103702855341204e-02 1.147827299759919192e-02 1.247862797103098387e-02 2.063767190676634236e-02
1.977455447384850878e-02 1.223879668970105465e-02 1.181490817553623209e-02 1.169427861908002922e-02 1.845526328757270823e-02
1.847030851113754674e-02 1.178631521771020263e-02 1.206536107645393360e-02 1.264892851343341583e-02 2.056130760893373419e-02
1.811021932851067731e-02 1.136992009972203656e-02 1.128561605193992116e-02 1.149101763869333701e-02 1.840390508651608761e-02
7.558867903139265994e-03 6.657534595834214107e-03 1.025590491862601872e-02 1.413124173774165868e-02 2.565864592698453156e-02
1.622053356274265334e-02 1.135655310219622037e-02 1.351131751583143151e-02 1.600343705615233161e-02 2.749055967507867126e-02
7.095256255728408373e-03 7.077321701866570204e-03 1.202719292064470709e-02 1.730020181116114636e-02 3.187220558856349029e-02
1.962734710156269213e-02 1.171444093651696251e-02 1.046680530158897865e-02 9.486693119505215654e-03 1.423205742788609743e-02
5.656333120376425341e-03 5.915308467135145000e-03 1.038450223771316891e-02 1.512510514515462076e-02 2.796171031323059844e-02
9.742122161779633721e-03 7.323805997065423352e-03 9.572172888015526016e-03 1.206774757151828602e-02 2.122756427820757241e-02
1.864013285792750704e-02 1.147965287759880604e-02 1.096804355656870456e-02 1.074292238710800734e-02 1.685566634335266753e-02
1.528843473778641014e-02 9.996259722960008226e-03 1.067878679127113629e-02 1.164395877648407088e-02 1.927977360168790788e-02
9.411366022129510900e-03 7.538803344934089275e-03 1.059282248822634304e-02 1.391709425360555287e-02 2.486054983149690867e-02
1.679274096788867243e-02 1.087729531303744009e-02 1.143483716903726660e-02 1.228436208785124370e-02 2.020235969141700311e-02
1.803189676760151919e-02 1.130024357751646322e-02 1.117816764365664461e-02 1.133000866631359710e-02 1.810429098296758091e-02
1.833752857749748610e-02 1.170229537558402019e-02 1.197864561598800497e-02 1.257355178081209952e-02 2.044940053998992729e-02
3.195320711998967528e-02 1.728358427862574515e-02 1.188261106297045996e-02 6.787586364622766842e-03 6.516642270654586858e-03
1.861719938517088007e-03 4.821935970582650124e-03 1.176122742167657990e-02 1.901432876246267681e-02 3.625526294517834869e-02
1.631473355756569293e-02 1.071235600750327852e-02 1.152774836394453162e-02 1.264808851340178293e-02 2.100552129858353559e-02
2.198370418043629412e-02 1.300435076794476119e-02 1.138945436077948986e-02 1.006991372017372426e-02 1.487396602005412738e-02
1.637464442637323603e-02 1.037266100566065427e-02 1.047005790668632634e-02 1.083525655238091155e-02 1.749530406566213864e-02
1.428448444564033200e-02 1.009265099296816764e-02 1.216282250567003037e-02 1.454215733330879376e-02 2.506941805649436431e-02
1.747111703736010241e-02 1.124073053457012340e-02 1.167736123221068192e-02 1.241072716766696178e-02 2.030662530478713479e-02
2.040184514983345646e-02 1.248393295362209068e-02 1.177528372922840086e-02 1.136727068430193853e-02 1.769605561412066971e-02
1.036729167091907274e-02 8.429241856752358805e-03 1.202866690791014326e-02 1.595028681427630712e-02 2.859595821219026307e-02
1.331408957837676259e-02 9.321275485681804196e-03 1.108679282560577108e-02 1.312640621389063803e-02 2.253278736473828675e-02
-1.060019059817260238e-03 3.235354413547071768e-03 1.066532106458022502e-02 1.838383541728624837e-02 3.563275517526302144e-02
1.981134562318977860e-02 1.176833246472493502e-02 1.040206926747490844e-02 9.302248779962567563e-03 1.383898311420692605e-02
1.076255961803357190e-02 8.141195978957590715e-03 1.072057442000885590e-02 1.357537031060972871e-02 2.392574182370572553e-02
1.686265024675953628e-02 1.114575253603953403e-02 1.213098169533177728e-02 1.342639643756520992e-02 2.239066296120775096e-02
2.107568267252730304e-02 1.234373436026326917e-02 1.055716858678353715e-02 9.047118817217177436e-03 1.309129202807517156e-02
1.716260600638892450e-02 1.068076027715785664e-02 1.041876184555949950e-02 1.043448361320100347e-02 1.656640024550673843e-02
1.536858925115811708e-02 9.896395709575173463e-03 1.029254325834037115e-02 1.095101820303830131e-02 1.792293146089034631e-02
1.553850198929732085e-02 1.000138559330229077e-02 1.039403441886979293e-02 1.105266823629352281e-02 1.808486123438273266e-02
1.646719926861824404e-02 1.064601314763546219e-02 1.115403681441322348e-02 1.193699569760773606e-02 1.959514627460466618e-02
2.034271179686728340e-02 1.235246338132221788e-02 1.146291394997304980e-02 1.087978850149397096e-02 1.677464106842032135e-02
3.912689181962001467e-02 2.065824214398524414e-02 1.310977719709554429e-02 5.900090718622728360e-03 3.341852051304512478e-03
5.023007545067337092e-03 5.784945866341560661e-03 1.076584999448787841e-02 1.602671489080900735e-02 2.983186059420444777e-02
1.900306836691908335e-02 1.152923123710860968e-02 1.067601344247000837e-02 1.010778270883495172e-02 1.556029287437618591e-02
1.890134063172243736e-02 1.191028944338429728e-02 1.190688045859114065e-02 1.220524321587160115e-02 1.961645489649502250e-02
2.083907669107336671e-02 1.280732168551700599e-02 1.219239835882119337e-02 1.188956959556310145e-02 1.861492081131468218e-02
2.205906636238573124e-02 1.300302706714111765e-02 1.129559718517043378e-02 9.880633659849827333e-03 1.449422367987086499e-02
2.022217636656813491e-02 1.217859019314814981e-02 1.110311974966154275e-02 1.031139065749540895e-02 1.569887490869137717e-02
1.727139458307588513e-02 1.063230175698939677e-02 1.014742704726401615e-02 9.920161967964078939e-03 1.554710643777466525e-02
1.116736659940666468e-02 8.832935671736388827e-03 1.224100697194254427e-02 1.597381661351702023e-02 2.847625521657622463e-02
1.776755595586845121e-02 1.109576704379171448e-02 1.089960985720778847e-02 1.097379463844751213e-02 1.747235467593193439e-02
-4.546073521781034479e-03 1.877792576136556304e-03 1.091022199089365825e-02 2.025369646022437409e-02 3.996908313622798276e-02
1.498292846376269097e-02 1.015466518505586668e-02 1.150583920148278566e-02 1.315227620914424453e-02 2.224668537641286831e-02
1.382888239016155651e-02 9.765285947784677414e-03 1.175835503918094826e-02 1.405291176885925877e-02 2.421960784853575271e-02
8.283077197787688806e-03 6.329387803134931510e-03 8.436152475786360544e-03 1.076068472493298643e-02 1.900621935489376496e-02
2.187172814616721722e-02 1.315854968487499208e-02 1.197362728735111050e-02 1.109910717144654314e-02 1.688079644911503335e-02
1.436479952776864751e-02 9.670745843123815244e-03 1.084124924864099740e-02 1.229731644357130206e-02 2.072762466713651275e-02
7.720079822208451847e-03 6.664339273539363930e-03 1.008318214140300172e-02 1.376483985069337085e-02 2.491469646937377255e-02
2.306371169894474299e-02 1.414933511597154039e-02 1.342610569315947321e-02 1.304579612752798656e-02 2.038782687479063702e-02
1.813391948335731779e-02 1.130277550500593392e-02 1.106322139083332906e-02 1.109293172888560497e-02 1.762582805937056019e-02
1.709810169382495679e-02 1.094611728121736363e-02 1.126735965899618164e-02 1.189169986256579520e-02 1.938938047337926060e-02
3.354741154682155252e-02 1.790098158443290469e-02 1.176669040488379121e-02 5.938886601015349459e-03 4.559254750137935706e-03
6.672665207059436804e-03 6.712123814629024354e-03 1.147655168132125786e-02 1.653943314401738751e-02 3.048503225882907841e-02
1.720943229803742133e-02 1.116101235340765004e-02 1.175868272561944768e-02 1.266748147056709697e-02 2.086044358235695367e-02
1.548990519290235207e-02 1.038830984605320501e-02 1.157574004424316225e-02 1.305717921126211406e-02 2.195727788623189417e-02
2.147514410637876500e-02 1.271220920293246112e-02 1.115231869769640893e-02 9.878801649554496550e-03 1.461090297248481343e-02
1.744601063325897788e-02 1.102220188986254186e-02 1.107143080790813118e-02 1.140615339507320553e-02 1.837645797342832635e-02
1.684700890048078034e-02 1.071846554463498982e-02 1.090866028562867407e-02 1.137408461353034417e-02 1.843548499515721556e-02
1.705658277733387504e-02 1.078716515126127047e-02 1.085556211758602514e-02 1.120256382157108939e-02 1.806311249083951409e-02
9.303353933104403090e-03 7.646321218410516429e-03 1.103287107542765683e-02 1.471531468727359238e-02 2.642887440882980138e-02
9.387134714535722360e-03 7.631964030478959396e-03 1.089132487974944254e-02 1.442546232043641352e-02 2.584413611156916729e-02
3.580839382827979110e-03 5.452466719649948571e-03 1.152821969186912203e-02 1.791359974515728884e-02 3.377585621702775681e-02
2.008310999177920567e-02 1.159857827089610764e-02 9.580883988474075269e-03 7.812528816356485023e-03 1.091719556488188018e-02
5.265188259676504764e-03 5.866485834409849651e-03 1.071145242055846630e-02 1.583802628461133608e-02 2.941890984883317045e-02
1.168406763197802657e-02 7.955076038480288561e-03 9.074651177751136277e-03 1.042760661651685739e-02 1.766904468115910315e-02
1.949955122140919692e-02 1.204576903745412791e-02 1.158319506366533268e-02 1.141897109260172662e-02 1.798100589289634149e-02
1.519490913809188291e-02 9.707506266662634109e-03 9.951345243150805375e-03 1.046054331420128054e-02 1.701858402242426710e-02
9.555700809884678723e-03 7.550176200172153615e-03 1.045234305056129930e-02 1.362332199956744344e-02 2.426488464518810478e-02
