-1.505408236966795932e-01 -2.632619113744982253e-01 -4.438119884465678844e-01 -2.084186701066601810e-01
-3.234063492039817023e-01 -2.993976389217297140e-01 -2.494792454606556964e-01 -2.612892839056146776e-01
-7.036742343084115281e-02 -4.174015565322600763e-01 -4.367136096795231071e-01 -3.436012325194519323e-02
-3.039039490998421966e-01 -4.845895376115097464e-01 -2.487583924333811314e-01 -7.466167612236820385e-03
-9.991789469801504175e-03 -2.071364641798107975e-01 -4.792235494433606524e-01 -2.880397159484359149e-01
-1.047297541667478737e-01 -4.328691815232439399e-01 -4.219127251902546893e-01 -9.275759697172193674e-02
-1.599978467032549534e-01 -3.581786451802017046e-01 -3.482843915816176139e-01 -1.426605922313255448e-01
-1.638202584217023916e-01 -2.880573655735776950e-01 -3.434357235629389438e-01 -2.061873478206451837e-01
-2.159653283146810709e-01 -4.314577140706341574e-01 -2.568804225828887899e-01 -1.310444118451602469e-01
-1.956890587479303834e-01 -3.389848353117395074e-01 -3.239297838004655539e-01 -2.128119235810733423e-01
-6.831907035422783714e-02 -3.640882669665426175e-01 -2.771051097523201667e-01 -1.419363365165233482e-01
-2.958585388593328036e-02 -3.259480596962027188e-01 -4.947704075818014635e-01 -1.633539057260632033e-01
-1.399357334205137970e-01 -2.973180024897349449e-01 -2.668243137503951701e-01 -2.283710276801833583e-01
2.523110351984086258e-02 -9.094415366051805671e-02 -7.316561869685199726e-01 -1.552138563478741295e-01
-2.084008013293324468e-01 -2.988878919901711839e-01 -3.122289041187868985e-01 -1.121953712577224149e-01
-5.891140494676863626e-02 -1.828412224581254519e-01 -4.390378411357805932e-01 -2.102644977662427861e-01
-4.031426934335904932e-02 -2.802172310311107917e-01 -2.457675719944564241e-01 -1.300973763904026415e-01
-1.437952883650930325e-01 -3.945277106708556247e-01 -3.341524160004957222e-01 -8.999223909448515746e-02
-6.377579457739523949e-02 -4.152223818572144953e-01 -3.393962806303494339e-01 -8.764572136949320968e-02
-1.577268753094966669e-01 -2.638657917003282560e-01 -3.535484522189783485e-01 -1.343528337944087103e-01
-1.478274707497353457e-01 -2.697167048582317928e-01 -3.298226439488024520e-01 -2.056056084418103336e-01
-2.564865259765004568e-01 -2.462373029627277776e-01 -2.708937820419949905e-01 -2.710237527250457523e-01
-7.751707873756771838e-02 -4.969784839621253503e-01 -4.045162754925922810e-01 -9.057261902184751690e-02
-3.193982874852825393e-01 -4.739518005754553842e-01 -2.271755767033604434e-01 6.276441134143611808e-03
-7.389434743929758354e-03 -1.539381029689519953e-01 -5.249200288305453377e-01 -3.337638108591905461e-01
-3.166821735101496560e-02 -3.504533745941575962e-01 -4.667913593677923689e-01 -1.353579902178456973e-01
-1.451529059469079952e-01 -3.649148159480475329e-01 -3.493507984282547829e-01 -1.378642297327933308e-01
-1.592556918778437192e-01 -3.183278468796560401e-01 -3.212479184198553384e-01 -1.729477994438332888e-01
-1.786518211346070362e-01 -3.552724551654315444e-01 -3.480845734415073389e-01 -1.840785725094270242e-01
-1.339697745779971916e-01 -3.319572568416606639e-01 -3.395150200228741477e-01 -1.879981038986898445e-01
-1.303054816396135573e-01 -3.442066865205010151e-01 -3.564383948899202403e-01 -1.661188638443211740e-01
-5.744872895203190222e-02 -4.422026788611629344e-01 -4.496218759047445612e-01 -1.450725299304897187e-01
-1.987338111318585621e-01 -3.054929183624861544e-01 -2.401348298801333214e-01 -2.333909156846057653e-01
4.698511277275138620e-02 2.333954987156106053e-02 -9.080044820023913665e-01 -2.165706296695353861e-01
-1.918394511406913971e-01 -2.841807836695592893e-01 -3.167931954013702422e-01 -1.051179929892174236e-01
-1.275938831352942948e-01 -1.867045623315135849e-01 -4.158849531467042615e-01 -2.008349145544355008e-01
-8.967984777444895639e-02 -2.996949271859058461e-01 -2.403456677944284525e-01 -1.796576495593493750e-01
-1.420134865513532907e-01 -4.117334180458234183e-01 -3.340351086411115222e-01 -9.297114653056992584e-02
-8.062021615903167127e-02 -4.362389010162783798e-01 -3.591140635779107582e-01 -1.539283681675666371e-01
-1.120810206845750945e-01 -1.766238525348775845e-01 -4.468292623252531071e-01 -1.272236120757578581e-01
-2.223298512450313236e-01 -4.048740513445405753e-01 -3.052129582398643848e-01 -1.054898332206788136e-01
-2.174832255001401538e-01 -2.023393114889730227e-01 -2.982541204268854274e-01 -3.131804830574384524e-01
-7.466239330738283497e-03 -4.325482385817071007e-01 -4.426087129299610679e-01 -6.440334505560194045e-02
-2.761352531052846393e-01 -4.571240147938093745e-01 -1.977077862903160732e-01 -5.351202870249712612e-02
-1.472138952542018098e-02 -2.237580063442767830e-01 -4.437607370325838407e-01 -2.725148195618952163e-01
-1.109403464682651996e-01 -4.801996741603551389e-01 -4.714690101237354325e-01 -1.063254495858599602e-01
-1.605820161603144225e-01 -3.644739033173421960e-01 -3.349948533023452413e-01 -1.304342765232146817e-01
-2.053708962794885129e-01 -3.175816098176821312e-01 -3.129784658031464772e-01 -1.527862706889824007e-01
-1.935283004641667748e-01 -3.586695445803025351e-01 -3.742612354610386216e-01 -1.054649314576206337e-01
-2.089574958146036276e-01 -4.432793557490263270e-01 -2.038792311026844384e-01 -1.122630330525055398e-01
-1.959054625695281771e-01 -3.597587851717244378e-01 -3.291301140136023706e-01 -2.255882800243749209e-01
9.667618723172434481e-03 -3.226291790895408074e-01 -5.446339378204808623e-01 -1.532961513078339444e-01
-2.087475780714435902e-01 -2.984170371540230682e-01 -2.293540599915280531e-01 -2.119356126661758599e-01
4.676431105170767571e-02 -1.056435845818979868e-01 -7.712982603544147331e-01 -1.072387336767304938e-01
-1.663938283867472945e-01 -2.578056853256396885e-01 -3.605630344463351955e-01 -4.256438985427790644e-02
-1.327028523811571992e-01 -1.944511868533856103e-01 -6.020717041445865503e-01 -2.667789362258627950e-01
-1.371187843027172892e-01 -4.341025860306854112e-01 -2.390741618082544429e-01 -2.087920863840529162e-01
-1.839821045391497600e-01 -3.801583193181158338e-01 -3.453588007947407945e-01 -8.617360567788609482e-02
-9.225671940871191246e-02 -4.044283847164686918e-01 -3.836185658498992845e-01 -1.049793763771740274e-01
-1.178711982608512954e-01 -2.309393236292168194e-01 -3.905761199430055619e-01 -2.153373334615150680e-01
-1.487768764631599294e-01 -2.944451972753625024e-01 -3.430859683439273500e-01 -2.117123353445369005e-01
-1.945482218590989243e-01 -1.849277018885005508e-01 -3.113409449770040971e-01 -3.530482839798753658e-01
8.944788725862296008e-04 -4.665332779856616874e-01 -4.192943457649560002e-01 -1.132725190780304453e-01
-2.687391235254185662e-01 -4.444599061166055742e-01 -2.290794316556498122e-01 -2.568946583252019328e-02
-8.095769050988306514e-02 -2.100292672317818077e-01 -4.430111308333115061e-01 -3.337800546666565560e-01
-1.833084910985449123e-01 -6.290213620595910271e-01 -3.438783296680144597e-01 -8.194753090816045416e-02
-1.609866911613048734e-01 -3.292318473414063695e-01 -3.549516585234706589e-01 -1.948394269476709795e-01
-2.160537027875215621e-01 -3.547594276178762662e-01 -2.480968894483928933e-01 -1.800488244097037394e-01
-1.543840907477398161e-01 -2.986627352554963588e-01 -2.940791150916743923e-01 -1.322435884990372790e-01
-1.559541647218354032e-01 -3.250317131363965051e-01 -3.534494757633813156e-01 -1.499071272350004924e-01
-1.788870832417023826e-01 -3.105772485779548786e-01 -3.495235143909273257e-01 -1.268721137075369543e-01
4.292010997993567223e-02 -3.296091911535227181e-01 -5.178310782232263820e-01 -1.770935655277846577e-01
-1.878216541932842820e-01 -2.939951017457420601e-01 -2.607716646538534855e-01 -2.612185720408024547e-01
5.090688462062523123e-03 -9.526392788680293489e-02 -7.345936069421764580e-01 -1.850029029259720736e-01
-1.986641407600005238e-01 -2.598966996063349355e-01 -3.560416623824577131e-01 -1.135926767046105124e-01
-8.246544090746874001e-02 -2.216072901761491354e-01 -4.231426898913956958e-01 -1.580795436850263302e-01
-7.978027470484164163e-02 -3.292386572945822931e-01 -2.488736164076121027e-01 -1.684593441947334902e-01
-9.107813208409135108e-02 -3.990991223030105894e-01 -3.289766647122905896e-01 -1.391167202106872447e-01
-5.047160346627402316e-02 -4.308827404975648090e-01 -3.032431050658008775e-01 -1.231496599161389371e-01
-5.828693266013032503e-02 -1.812168891527983494e-01 -4.236813648225163931e-01 -2.058701707612353438e-01
-1.501673279964221563e-01 -3.143033942608144393e-01 -3.485181519299688224e-01 -1.762053983007128843e-01
-2.816986179157529024e-01 -2.515443745821052124e-01 -2.159032721809635569e-01 -2.231221496162316686e-01
-7.645633014958988505e-02 -3.898656995184159868e-01 -4.107834377487840083e-01 -4.796739944757626162e-02
-2.787056616202295833e-01 -4.131742664885352800e-01 -2.070028520871878830e-01 -4.918499097806938725e-02
-2.782573463240832490e-02 -1.915548965760486833e-01 -4.749712459221223093e-01 -3.575392396799212391e-01
-3.158090012992348372e-02 -4.379966752965772092e-01 -3.742012622987861969e-01 -6.472719301340802700e-02
-1.373304218932586696e-01 -3.491994362881378211e-01 -3.423260800687266681e-01 -1.400743204189783542e-01
-1.704165367284361798e-01 -3.111860878635500649e-01 -3.576311567853364126e-01 -1.807987264439049058e-01
-1.758774974595694041e-01 -3.138514765958362873e-01 -3.582443194832760636e-01 -1.525943367193848543e-01
-1.524615344836975084e-01 -3.582257256693660574e-01 -3.171558210139079348e-01 -2.084045339457137047e-01
-1.457265491813053426e-01 -3.551605765154767225e-01 -3.102802640676897150e-01 -1.351535182081581299e-01
3.850845773564404856e-02 -3.090528099152880515e-01 -4.575904024596548214e-01 -9.002174477996875701e-02
-1.499779805955739898e-01 -3.254674103721811318e-01 -2.348058262832022902e-01 -2.257293620529366440e-01
-1.131244849160409696e-02 -9.437019396247808833e-02 -7.580580798634215522e-01 -1.169231079834779918e-01
-1.865015395086755123e-01 -2.903329827473595248e-01 -3.072472759630781591e-01 -7.930751606478352034e-02
-5.687916357477534185e-02 -2.027798668180600949e-01 -5.115891354283674808e-01 -2.401216764489177424e-01
-7.809029404419651210e-02 -2.961248646128330497e-01 -2.655611074909828284e-01 -2.105701535177642858e-01
-1.359499110319529191e-01 -3.594289887672498240e-01 -3.789452431596033732e-01 -1.295917460558210776e-01
-8.065619587910823063e-02 -4.006903925754016771e-01 -3.629877190808171727e-01 -8.687225272609902516e-02
-8.939121420597592738e-02 -2.128456546052391318e-01 -3.806756080033483203e-01 -1.696897984499684542e-01
-1.739435970484112248e-01 -3.472110652026094146e-01 -3.420728827037083919e-01 -1.930433788389191163e-01
-2.459719509446293972e-01 -2.528434593066458680e-01 -2.344058652035851675e-01 -2.046292809395267309e-01
-5.554558831932512875e-02 -4.148391536984583072e-01 -4.244354634693617845e-01 -9.331429361573993775e-02
-3.023828410019177571e-01 -4.553554057709937597e-01 -2.129447873919433076e-01 -2.008606809611627325e-02
-9.643241093201923575e-02 -3.234278799499608059e-01 -3.889488614837870450e-01 -2.658735698515115597e-01
-1.622000675533805669e-01 -4.589313944158955327e-01 -3.780512439981355000e-01 -7.280847545344912297e-02
-2.184910477944838614e-01 -5.343957283275339032e-01 -3.344153234646737305e-01 -1.772058242311190523e-01
-2.107870793430197121e-01 -3.162673832383232075e-01 -3.101741099007284674e-01 -1.852659547890334324e-01
-1.443510201263625559e-01 -3.349356920736124010e-01 -3.327828438929105737e-01 -1.428851742587921303e-01
-1.196440950643087864e-01 -3.369597262860448139e-01 -3.111745980915618937e-01 -1.440787817544163241e-01
-1.545174977153648266e-01 -3.238473518673403717e-01 -3.445262743849784037e-01 -1.733611761665040107e-01
-1.040870855464687966e-02 -3.523369323974070433e-01 -5.156782489162817784e-01 -1.428287106318424371e-01
-1.298443007054158882e-01 -3.216220945131396114e-01 -2.356685688071497864e-01 -2.234391074566635937e-01
4.855539947253918742e-02 -1.292025635601653510e-01 -7.607935054796626240e-01 -2.062297405329778510e-01
-1.883914992576997960e-01 -2.969165766807430051e-01 -2.898587314234508661e-01 -1.163826047789056350e-01
-5.512789019142708830e-02 -1.995963844638863616e-01 -4.297129032530224158e-01 -1.207930661706130698e-01
-1.112538662570687065e-01 -3.028924258162609684e-01 -3.048850883390750721e-01 -2.455942891871131795e-01
-8.898745026189402996e-02 -4.091163590469931166e-01 -3.141279917973311409e-01 -7.637597192649547839e-02
-1.161650071643450799e-01 -4.546639575519828558e-01 -3.560456954929754891e-01 -8.675842592394993058e-02
-7.270052088113795885e-02 -2.511661375132581142e-01 -3.384878511319006078e-01 -1.858028931801279648e-01
-1.179452628455219809e-01 -3.452938556317003971e-01 -3.449575661448336383e-01 -1.478421110673896199e-01
-1.941498032773560922e-01 -2.847630225256447822e-01 -2.389292895595552524e-01 -2.100687624335351444e-01
-6.018976000415818262e-02 -4.360633503018954693e-01 -3.897975358216083652e-01 -8.974174404427073815e-02
-2.550186326573349316e-01 -4.155884245788083464e-01 -1.883383193359777774e-01 -3.313226526253692378e-02
4.589183963672097827e-02 -1.815246837835335914e-01 -4.629943822524189012e-01 -3.316214722040221052e-01
-1.731991023289216058e-01 -5.909478234608210867e-01 -4.178734034476322967e-01 -1.147260669242305270e-01
-2.277182063664607847e-01 -3.372224742507694550e-01 -3.789579941680212283e-01 -1.681837657360637783e-01
-1.435420850194052411e-01 -3.322135138634205176e-01 -2.594497153182915294e-01 -1.813587950768364154e-01
-1.996215948677427243e-01 -4.284756723096269093e-01 -3.220816270026175543e-01 -1.866530298103504792e-01
-1.836740513034568478e-01 -3.565528589683336080e-01 -3.181810067065264924e-01 -1.747955308211322778e-01
-1.543232729067606501e-01 -3.817276563284699997e-01 -3.119489345182111517e-01 -1.813268079373349106e-01
-3.856386265481594189e-02 -3.476507628219663859e-01 -4.776091321890256203e-01 -1.655332290026376163e-01
-1.793921997478097330e-01 -3.872019978243264604e-01 -1.668769860258736693e-01 -2.132702516900268630e-01
-1.763781145340838699e-02 -1.099939464058260485e-01 -7.400221507702081647e-01 -1.393760025092408705e-01
-1.932306218103197748e-01 -1.992947399346036153e-01 -3.625964059145297957e-01 -2.358493463065913787e-02
-9.356266589118755750e-02 -1.199370313639163133e-01 -4.628883516725616487e-01 -1.978773283068895883e-01
-1.100443715515797838e-01 -2.921083210253867524e-01 -2.913292136437482527e-01 -1.742328994185661784e-01
-2.084758034875025534e-01 -4.400131652792012016e-01 -2.682191211650397644e-01 -4.040608499620956806e-02
-1.684594136639578910e-01 -4.491712882770265702e-01 -3.432584783689291985e-01 -1.345277951677304185e-01
-9.154034822692001805e-02 -2.046770291338731729e-01 -3.911767435197907039e-01 -2.067825440610776833e-01
-2.007645493128412673e-01 -3.284525336673403961e-01 -3.452448708652398057e-01 -1.802308945815353780e-01
-1.903708133785815826e-01 -2.472967209471031713e-01 -2.431379466270970069e-01 -1.911487335861335735e-01
-7.379215056592605682e-02 -4.202033429662828112e-01 -4.254288251274911947e-01 -8.990131741234126672e-02
-2.443633257643014201e-01 -4.338938213260123966e-01 -2.085633818712175347e-01 2.662465031322530998e-02
-5.425928130930082749e-02 -2.406666900703767487e-01 -4.372109591173722332e-01 -2.702118396308869630e-01
-6.320798282239978305e-02 -4.121919854892081014e-01 -4.153551741943117825e-01 -1.189782276098772934e-01
-2.335998347408483333e-01 -3.770032853596643196e-01 -3.193746694797880981e-01 -1.508525521692066773e-01
-1.640143908542113227e-01 -3.426512837423583147e-01 -2.937870440400130456e-01 -2.066473413104160106e-01
-1.437601212971441056e-01 -2.758812919788203866e-01 -3.051636795292980153e-01 -1.753223689730401269e-01
-1.623974308116128695e-01 -3.230921436817369985e-01 -3.309760732403740358e-01 -1.586655781010175292e-01
-1.304328585459396395e-01 -3.440976948761632626e-01 -3.444692733494251757e-01 -1.189849570212680591e-01
-7.917360345254600973e-04 -3.163000480641139367e-01 -5.333929949443027008e-01 -2.187834572495840624e-01
-1.604126628823660528e-01 -3.405639860595129909e-01 -1.548318534507062971e-01 -2.458574784827542159e-01
3.962943227913649780e-03 -8.513004309182503615e-02 -7.468341752669420686e-01 -1.341681372308198839e-01
-1.925209944799064210e-01 -2.703409248107874752e-01 -3.327431471537565244e-01 -1.424868755115885344e-01
-1.220319671409860057e-01 -2.047981272365216043e-01 -4.718486829560021301e-01 -2.280611013719727465e-01
-1.562277905495624009e-01 -3.142343960886749832e-01 -2.752791346157521524e-01 -1.147075248629528671e-01
-2.018570836989316553e-01 -4.751770836898552286e-01 -3.548451704213809177e-01 -1.073108680488510241e-01
-6.663238012590855242e-02 -4.254061277743803604e-01 -3.560457570399221394e-01 -1.200945235132195588e-01
-1.027335271084360013e-01 -2.229782046436256937e-01 -3.724065956041252567e-01 -1.867550019943466089e-01
-1.388261158250963245e-01 -3.639919553625462489e-01 -3.433452515456028586e-01 -1.487419757104918028e-01
-2.669744264203710582e-01 -3.102654466897231678e-01 -2.710500706021624628e-01 -1.998311588599793465e-01
1.204225093881676825e-02 -2.434667480425466435e-01 -5.082453953138021951e-01 -9.716308325832198611e-02
-3.008347137499643997e-01 -4.388155013015596628e-01 -2.081327113703620446e-01 -7.410781357812080972e-02
1.457948261764214354e-02 -1.779342851765325362e-01 -3.971015305973851217e-01 -2.409492725340944275e-01
-1.148476080763804197e-01 -5.193355698105108775e-01 -2.108222525315981977e-01 2.779670901501514208e-03
-7.379049940222293102e-02 -2.319675612252188324e-01 -4.670465491948235792e-01 -2.147519292276233449e-01
-2.311576182898543164e-01 -3.647629435773984685e-01 -2.752277675313147820e-01 -1.172005944159671270e-01
-2.328151474957322886e-01 -2.576244909691179363e-01 -3.570988566528636721e-01 -1.423826413545933867e-01
-1.620857021901986883e-01 -3.445258024497626081e-01 -3.949463536982856793e-01 -1.433674217005110052e-01
-1.479015036907817826e-01 -3.166730457877781624e-01 -3.558715703972884503e-01 -1.250455765195786773e-01
-1.893254036158931175e-02 -2.947297642449005495e-01 -5.295527365797009223e-01 -1.633150350457787947e-01
-1.009228890933255296e-01 -2.792765458642419429e-01 -2.881148218319770082e-01 -2.898060084452853680e-01
2.562944778345959199e-02 -8.913815327961810420e-02 -6.304210172189783634e-01 -9.102100867646652216e-02
-1.603932235896537439e-01 -2.072099036599072686e-01 -3.671534212367194572e-01 -1.028085463293376273e-01
-6.764627847272718097e-02 -1.868328973068934806e-01 -4.349407871897978950e-01 -1.755841438818208922e-01
-1.048965052101757250e-01 -2.918464195226465607e-01 -2.792261705553568674e-01 -2.076582484006436746e-01
-1.698289704191999760e-01 -4.334238039650349927e-01 -3.128665067578343395e-01 -1.175171522980978239e-01
-6.392966931262103469e-02 -3.994388816010258636e-01 -3.504262410971590858e-01 -1.142620713445407499e-01
-1.075087533018008884e-01 -2.300617591964736752e-01 -3.910488520946528990e-01 -2.123296550861090981e-01
-2.053757756483671204e-01 -3.835205431743291538e-01 -2.999015920589654938e-01 -1.529006363336408991e-01
-2.138546629504770036e-01 -2.722689971358314698e-01 -2.460337526070647263e-01 -2.356687075279973453e-01
-5.292970649938187611e-03 -3.184349816617187412e-01 -4.147924088817073196e-01 -6.816261002934394242e-02
-3.459433986439751640e-01 -4.289065622967559444e-01 -1.561084158478145134e-01 -2.196958686351304854e-02
-1.105738517938661958e-02 -2.108935037998601325e-01 -4.592645371166549362e-01 -2.573298191205821706e-01
-9.641728441338726086e-02 -4.373870229815912669e-01 -3.892929079866145892e-01 -7.825467721862451598e-02
-1.325108462131572296e-01 -3.791408838460375019e-01 -3.377996269015076658e-01 -1.286419156678152431e-01
-2.097237510350214440e-01 -3.042541964690724243e-01 -3.257837684790192423e-01 -2.186545385549834297e-01
-1.448990746989686773e-01 -3.098314808567726453e-01 -3.614627257321654796e-01 -2.224495964372798507e-01
-1.539041878016834675e-01 -3.178512272252013160e-01 -2.464186163141479091e-01 -1.150074100710041652e-01
-1.436838224602169367e-01 -3.008775178149001861e-01 -3.346055517646561173e-01 -1.477073366978303715e-01
3.475414250711434533e-02 -2.518006679882370813e-01 -5.225481584469299223e-01 -2.320290747731046377e-01
-1.927082343518009555e-01 -2.982857038169499653e-01 -2.276406316946404107e-01 -2.301056990479277975e-01
5.210282127673521169e-02 -8.876817561865496531e-02 -7.998943192836318605e-01 -9.212974996088231505e-02
-1.567843200542813065e-01 -3.070643605409027477e-01 -3.145935478040453592e-01 -1.023333261331674932e-01
-9.903085021536334187e-02 -1.823159700288723151e-01 -4.730241020783668704e-01 -2.141193546348512944e-01
-9.072178647759338022e-02 -3.094293408457164940e-01 -2.851784229073914823e-01 -1.774966736814378165e-01
-1.354371550862091822e-01 -4.078263705476393719e-01 -3.046805962285288882e-01 -7.744710921474103060e-02
-1.109309215165960871e-01 -3.976555287318756515e-01 -5.241418704202387424e-01 -1.780660997749123897e-01
-9.693291525237596185e-02 -2.547042704823211379e-01 -3.604093035883356722e-01 -1.899471810680170292e-01
-7.952018562640884858e-02 -1.563631901361544618e-01 -3.413713130985799316e-01 -1.473306518296082224e-01
-2.575582086595845643e-01 -2.773205795201755808e-01 -2.790782461876021858e-01 -3.001574329139860553e-01
-3.702395188036183837e-02 -4.151059651600532141e-01 -3.876815695670829953e-01 -1.168804567451172012e-02
-2.834511644890358451e-01 -4.250126254551926941e-01 -2.334460746872982218e-01 -7.515580526935648764e-02
2.663369622357004973e-03 -2.088799340644453828e-01 -4.424875928279558557e-01 -2.986974291959065275e-01
-4.929720509639326509e-02 -3.887852489565594705e-01 -4.157523353115039066e-01 -4.671674828703915178e-02
-1.531224715081101195e-01 -3.329759319540500639e-01 -3.778063249235601995e-01 -1.387957946034384382e-01
-1.960886185071054610e-01 -3.970124470647124482e-01 -3.398326102497427614e-01 -1.196414304273023255e-01
-1.374980677934007356e-01 -3.352686083862296273e-01 -3.360021225333529871e-01 -2.257994829982470919e-01
-2.222461236899475057e-01 -2.989376925411137975e-01 -3.628269983039271729e-01 -1.253752260793209450e-01
-1.369723785969948204e-01 -3.389865982161196500e-01 -3.299638017991431971e-01 -1.966231459975565088e-01
-3.612631614429605981e-03 -3.222808482123425411e-01 -5.207148837757678006e-01 -1.727197703393689721e-01
-1.734671325439534062e-01 -3.542839197449267341e-01 -1.972772203730597806e-01 -2.394774881803728994e-01
-2.806491454508314512e-02 -7.427213656200226666e-02 -7.613093142352284071e-01 -1.172457382794163949e-01
-1.932798484756221014e-01 -2.631963966633934504e-01 -3.275928223668365113e-01 -6.555250622151728712e-02
-1.404796123073676073e-01 -2.241443634499370174e-01 -3.734562660878894547e-01 -1.171341671160163744e-01
-8.058530866810326154e-02 -2.821450503250454989e-01 -2.801427910521409048e-01 -1.698556319518923496e-01
-1.153311770831582650e-01 -3.977320854639937453e-01 -2.992956811741230849e-01 -1.166753960416613278e-01
-2.102580924244334959e-02 -4.103279733680662567e-01 -3.897515234368965631e-01 -1.228691197697899667e-01
-8.232151574831192420e-02 -2.164890210463026321e-01 -4.011203292611331683e-01 -2.046638299099554636e-01
-1.681841397619046052e-01 -3.269599153292646609e-01 -3.312573567946733855e-01 -2.024877933359977289e-01
-2.341887768183653906e-01 -2.963616831652385319e-01 -2.313589622450658578e-01 -2.616585723438620836e-01
-5.475647234855068879e-02 -4.023037738002291919e-01 -4.301489131406591171e-01 -5.541872092108385273e-02
-2.880694019824090457e-01 -3.653334852193321769e-01 -2.698297469294845818e-01 -7.803194316714479051e-02
-1.974243319069102220e-02 -2.349676939558694999e-01 -4.380170248258294374e-01 -3.233271614180521225e-01
-2.680382380157786404e-02 -3.207581585998630080e-01 -4.673175168603371787e-01 -1.218145541586700409e-01
-1.245103685577790276e-01 -3.639785541883387432e-01 -3.302562209090131318e-01 -1.711764364835930974e-01
-2.044459053791248815e-01 -3.224802098977076481e-01 -2.849948894547768008e-01 -1.708062720480376939e-01
-1.789818138258254254e-01 -3.666408329655859721e-01 -3.481661861786591317e-01 -1.372666036173749993e-01
-1.342815186969384955e-01 -3.410344194586939492e-01 -3.389237169475848299e-01 -1.314460439324801611e-01
-1.599392800580128893e-01 -3.334325333091792132e-01 -3.156896512836965818e-01 -1.643904982327369368e-01
3.426476134293657272e-02 -2.632803487622806249e-01 -5.373603648469152949e-01 -2.346815446814413120e-01
-1.229075935599068248e-01 -3.072960468118083321e-01 -2.293351887950383361e-01 -2.016096285738534499e-01
8.872726847780856851e-02 -7.061419478480801537e-02 -8.340537291511265217e-01 -8.316329191601824766e-02
-2.111007156940375717e-01 -2.806633214010262334e-01 -3.390948516829945802e-01 -7.872507215204160858e-02
-1.015975893460994428e-01 -1.818007253415597213e-01 -4.541066574771789321e-01 -1.798495425925664692e-01
-4.575415771536090609e-02 -1.842555647151717380e-01 -3.371445991823075472e-01 -2.043744657625529426e-01
-1.550641849977210940e-01 -4.245451195624816432e-01 -3.098303069305343715e-01 -7.999099856353945881e-02
-3.794179516510276517e-02 -4.245896677832220467e-01 -3.442441686606828588e-01 -1.196758614435914636e-01
-1.532044817390681157e-01 -2.239861301593223386e-01 -3.923252451106586935e-01 -2.123607890806818999e-01
-1.790757976080247504e-01 -3.448386596472859944e-01 -3.235039092922157300e-01 -2.002031018940143570e-01
-2.692590542870323400e-01 -2.307075960880775600e-01 -2.543722234951098504e-01 -2.582088015019752825e-01
-9.978315969061465895e-02 -4.328150809583569680e-01 -4.085282570521444057e-01 -5.405103560875801350e-02
-2.931320158731006709e-01 -4.496702591292899287e-01 -2.277824968986849608e-01 -6.334029606175556326e-02
-3.573855349158674977e-03 -2.166045082704494973e-01 -3.825746583618255814e-01 -2.689361887725568723e-01
-1.266058812486076379e-01 -4.071879447049644996e-01 -4.055000999769515224e-01 -7.329888195022199460e-02
-1.375194878108651486e-01 -3.342072930967592836e-01 -3.672403792000834000e-01 -1.225339844266452455e-01
-1.658441767924372645e-01 -3.350799339036437119e-01 -2.907242830129349587e-01 -2.123107404279721278e-01
-1.919580187452860631e-01 -3.128447852604749890e-01 -3.368459168579759355e-01 -1.582714007877773499e-01
-1.987678822726199335e-01 -3.349974785700370328e-01 -3.180505865292841960e-01 -2.477226931523014430e-01
-2.035247499306100938e-01 -3.262560204971915456e-01 -3.372402707326408455e-01 -1.459486390528488553e-01
-2.034699978104186069e-02 -3.402179566486105977e-01 -4.819869335327776616e-01 -2.333562497662681201e-01
-2.056352399860615354e-01 -3.353464892289851895e-01 -2.306269620963354305e-01 -2.412284502999099689e-01
-1.991649111875801181e-02 -1.073953215343839140e-01 -7.672134615920539469e-01 -1.956882908981015523e-01
-2.195254671418086223e-01 -2.921700550136007712e-01 -3.487276961963957644e-01 -4.233591699574599382e-02
-1.252759019842427102e-01 -2.105346614739190825e-01 -4.282841467574808325e-01 -1.944490638243212832e-01
-1.800300344802341357e-01 -3.041086398460110529e-01 -2.997862504691752861e-01 -2.878377163974544795e-01
-1.165613333135085972e-01 -4.122436599629261123e-01 -3.979829072235206988e-01 -4.429816269397977152e-02
-8.844084064440196902e-02 -4.473403622096328580e-01 -3.901113750951665793e-01 -5.071835580409751743e-02
-9.473049096293301163e-02 -1.945703610938511186e-01 -4.068830659575011777e-01 -1.912772013520571135e-01
-2.085737137324353285e-01 -3.204213809709689498e-01 -2.682923958915257034e-01 -1.311011402935116643e-01
-2.131405560218305739e-01 -2.835354771236623939e-01 -2.324822009256799216e-01 -1.885000057526701467e-01
-2.450851401234616089e-02 -4.260073159876037185e-01 -4.468838473643222953e-01 -1.220157890559175028e-02
-2.681793856215663463e-01 -4.464660178119811418e-01 -2.159059919135849215e-01 -2.970727694799581847e-02
6.224958609823715017e-03 -1.864838600325113838e-01 -4.747201616204244079e-01 -2.353379478124085766e-01
-9.431417790327867312e-02 -4.172249764701496666e-01 -4.014194374833123802e-01 -1.004769152362759571e-01
-9.282453139968580014e-02 -2.149967122997935298e-01 -3.463334581406474766e-01 -1.088291631117218189e-01
-2.221566640181892038e-01 -3.260837227700520424e-01 -3.473060079199691286e-01 -1.742908449019916206e-01
-1.678758784524218006e-01 -3.396630723006912045e-01 -3.390879859672520924e-01 -1.869044616232083678e-01
-1.505778634851584197e-01 -3.176104927717455784e-01 -3.488310755436792032e-01 -1.346369167581536186e-01
-1.716688896895759986e-01 -3.482666884713663258e-01 -3.400328629928176527e-01 -1.649536694902405676e-01
-1.957916626463690468e-03 -3.140024795896244614e-01 -4.923934660754564208e-01 -1.826923949406741021e-01
-1.487723233509841703e-01 -3.241218101048016220e-01 -2.159399731129629241e-01 -2.538275078531796458e-01
-2.990020463494681702e-02 -9.422141025782837520e-02 -7.257259650672999163e-01 -1.490351817337233487e-01
-1.829874865343067425e-01 -3.178145938206723420e-01 -2.917928056257168001e-01 -1.544832721662216524e-01
-1.389119113842205433e-01 -2.139583480084592537e-01 -5.601265617131436780e-01 -2.464098512030444277e-01
-6.707206672033802497e-02 -2.992958703935294507e-01 -2.842709957698385526e-01 -1.912871987973166488e-01
-1.171306496277531306e-01 -3.385681443326039597e-01 -3.511526711681322022e-01 -1.155936586749264083e-01
-4.757837429912815941e-02 -3.931476954558850712e-01 -4.338809546531456340e-01 -1.826112327094538412e-01
-1.758502477302306410e-01 -2.850909506115569814e-01 -3.469347588857992215e-01 -1.307650298443660541e-01
-1.233366396090436745e-01 -3.064856950767737009e-01 -3.508674981179439323e-01 -2.042453883205960219e-01
-2.795474191993866930e-01 -2.645980137016222811e-01 -3.148173320139014408e-01 -2.379290176410603919e-01
-7.859267141753231711e-02 -5.020271957089147419e-01 -3.113450597777588924e-01 -4.544024825414592905e-02
-2.321752685961113172e-01 -4.788619364731755423e-01 -2.118061691864374652e-01 -8.962788982501296298e-02
-3.760847741174164205e-02 -2.051942615715897922e-01 -4.388001065706599868e-01 -2.883403624658950615e-01
-8.162292879292404324e-02 -4.237777366938243473e-01 -4.277906143095070446e-01 -1.034741370553494827e-01
-1.053239703689989870e-01 -3.483876176758837762e-01 -3.610987001595596935e-01 -1.712389962666635290e-01
-1.526702313616167539e-01 -3.026445605593537369e-01 -3.255860745372471943e-01 -2.184812506438158219e-01
-1.227400658949854007e-01 -3.244161031350348834e-01 -3.820453278051458290e-01 -2.049274622628102782e-01
-2.486225117631946091e-01 -2.689499200594453465e-01 -3.865558037815738368e-01 -1.213476234605032067e-01
-1.802059575700456773e-01 -3.182401169538149333e-01 -3.635277005115331583e-01 -1.464849148238079879e-01
-5.055959816853874272e-02 -3.288679873005465049e-01 -5.020883176214041566e-01 -1.206973486815286212e-01
-1.379241312852770851e-01 -3.189838347534865726e-01 -2.225618791518359507e-01 -2.567657753396770381e-01
-1.368712122924433360e-02 -8.763972811311360189e-02 -7.252111054056440409e-01 -2.155537348372329187e-01
-1.749820802507841833e-01 -2.966884844812496258e-01 -3.302586143101619021e-01 -1.194139369670087492e-01
-1.256113254293360626e-01 -1.952522801841151401e-01 -4.497190366828950348e-01 -1.874994779398433398e-01
-8.689567924906625718e-02 -3.093703412777953909e-01 -2.852925062754658736e-01 -1.611055768283910228e-01
-1.478170294535891272e-01 -3.714539403873291512e-01 -3.489294586963401779e-01 -1.159543044311828058e-01
-1.023397386606883508e-01 -4.444278402630860714e-01 -3.404404464124301533e-01 -1.285249688751011199e-01
-1.508873925699549257e-01 -2.073133942877773139e-01 -3.735549528485212489e-01 -1.913158100447600873e-01
-1.424690602127203776e-01 -3.248706328217070283e-01 -3.367211016462303697e-01 -1.686966451783611098e-01
-2.571197411862217175e-01 -2.799119439512229857e-01 -3.113826365996088530e-01 -2.998717050760597580e-01
-6.479210188620512789e-02 -4.366264750801294725e-01 -4.717177034086386667e-01 -9.515281961077977357e-02
-3.421380024554436794e-01 -4.565975214382286262e-01 -2.010029394749908160e-01 -3.368883102298263904e-02
1.649058953360677676e-02 -1.957226677657256941e-01 -4.997638600447399382e-01 -2.467803024618411278e-01
-8.834773141352947334e-03 -3.765468194231802457e-01 -4.379723781332370280e-01 -8.819170711268403684e-02
-1.217396962862699605e-01 -3.442528794867446562e-01 -3.443088214165427319e-01 -1.721860535075253329e-01
-1.887200520066062981e-01 -3.035085315865700406e-01 -3.169224927852787310e-01 -1.500983580804141349e-01
-1.788160100424295851e-01 -3.143361304880823437e-01 -3.385573077601345959e-01 -1.864785532123055811e-01
-1.562452176055413311e-01 -3.294240127655323480e-01 -3.373310251358140333e-01 -1.510997338002437740e-01
-1.983572770854311607e-01 -3.117214653594088114e-01 -3.603147723298161242e-01 -1.920897903704731347e-01
-4.361509589475194570e-02 -3.462192889913416338e-01 -4.646218629088323393e-01 -2.085269929495470187e-01
-1.419482051148296398e-01 -3.166867397992725874e-01 -2.450485704815554278e-01 -2.519973873934460706e-01
2.833351289075791007e-02 -1.245016942638770829e-01 -7.345890936675111282e-01 -1.679899813338213699e-01
-1.817427664930469644e-01 -3.331750526286015313e-01 -2.963584756389440189e-01 -1.040785569842963276e-01
-1.137211891121841789e-01 -2.633843764864054471e-01 -4.509691301196375735e-01 -2.339056176764461592e-01
-9.266340873413826673e-02 -2.576746046964599746e-01 -3.547508311728221342e-01 -2.149089030349524976e-01
-1.841447253441778065e-01 -4.205729908911466364e-01 -2.730168645191488053e-01 -3.449876428934654793e-02
-9.689114745909349624e-02 -3.937838465773264018e-01 -3.697636281937696223e-01 -1.317868402846190390e-01
-1.176065629129044859e-01 -1.449383350705257811e-01 -4.153122284118188623e-01 -1.214982947430841009e-01
-8.743365536764621804e-02 -1.623957769432875509e-01 -4.452566477085507790e-01 -2.087835218438630347e-01
-2.654036265339472234e-01 -2.196107766483496870e-01 -2.590727212052175155e-01 -2.779386425037592145e-01
-8.400104032457858527e-02 -4.446453804692255263e-01 -4.001463189688847510e-01 -8.860404932957835489e-02
-2.489247607533053019e-01 -4.219766444544378325e-01 -2.504489830689960450e-01 -1.796785811327321260e-03
-1.524795457576105795e-02 -2.160922540357994859e-01 -4.397075992260140453e-01 -3.269525763177755784e-01
-6.259034706688648697e-02 -4.423999071144200101e-01 -4.017095155748865443e-01 -8.812672780066145573e-02
-1.313726558082838336e-01 -3.365778587502377128e-01 -2.994641225393444572e-01 -1.909692836717157838e-01
-1.542764648785965864e-01 -3.311451331486338079e-01 -3.240612875755767286e-01 -2.040275898119371101e-01
-1.950728813374008330e-01 -2.999145488644275326e-01 -4.028128710054253991e-01 -1.457171531126451869e-01
-1.893151350369511043e-01 -3.366579882260576362e-01 -3.206199736511500253e-01 -2.185219933117295010e-01
-1.550652825654534328e-01 -3.337389721974269308e-01 -3.569597951786807055e-01 -1.507138817019675614e-01
6.644513673360635808e-03 -2.902404651821331449e-01 -4.845730527835497847e-01 -1.380717008628491727e-01
-1.968061198436837356e-01 -3.153931620599985663e-01 -3.761393990548252408e-01 -3.044708385267224648e-01
-4.646734411221306593e-02 -1.445483943589913611e-01 -7.389552258628314663e-01 -1.325921627019720495e-01
-1.895246786465248634e-01 -3.038160573302131073e-01 -3.035057205786220735e-01 -1.273905184911787170e-01
-4.953832545601585813e-02 -1.868164732629758185e-01 -4.669969163734437601e-01 -2.138681136983887898e-01
-5.951627250483035314e-02 -3.103005029869174702e-01 -2.692878120415325149e-01 -2.062439572053411385e-01
-1.182145606442312757e-01 -3.960890734946340697e-01 -3.372056034507812106e-01 -1.172331865958200214e-01
-7.647012767749994389e-02 -3.660368139741138060e-01 -3.844950470142997623e-01 -1.163567381244759447e-01
-1.075078196032049349e-01 -2.212929780780584499e-01 -3.706645064638188214e-01 -2.359061443736112929e-01
-1.516781318563381609e-01 -3.334006653690076982e-01 -3.339862164654305854e-01 -1.906242634450710238e-01
-2.455727638122983947e-01 -2.410697748930340223e-01 -2.597154513171031076e-01 -2.402067487442483551e-01
-7.450267627648435309e-02 -4.565297061025674341e-01 -4.086076307811261632e-01 -1.146629894814841510e-01
-3.068613323686541494e-01 -4.374210843785627523e-01 -2.159409892467368253e-01 -8.930595029653905226e-02
6.840974974602964838e-03 -2.411854586099712594e-01 -5.054177204720585737e-01 -2.994902237899447206e-01
-6.711076599340948245e-02 -4.209245136912925234e-01 -4.034758330660636050e-01 -1.267702268108555630e-01
-1.723286380138804863e-01 -3.715863727979270004e-01 -3.709959569532815249e-01 -9.084235271071872120e-02
-1.438240365429354350e-01 -3.278417576830101043e-01 -2.803955735328720333e-01 -1.724834932178317959e-01
-1.520299146349490538e-01 -2.988897946820227025e-01 -3.722831295570124821e-01 -2.509580671037160426e-01
-1.733564343715143230e-01 -3.018686367785687885e-01 -3.737283733844622979e-01 -1.819673211515511202e-01
-1.857932051262881912e-01 -3.519845495633119326e-01 -3.446365439782050899e-01 -1.572053607061347502e-01
-1.924445844570015635e-02 -3.484697921106194585e-01 -5.259948253554848074e-01 -1.690775796651206309e-01
-1.568550957012538882e-01 -3.058270890446712631e-01 -2.270165219980670446e-01 -2.888949490172746937e-01
1.421347609954933672e-03 -3.063410335449137656e-02 -7.209632521834722363e-01 -1.921912019460117194e-01
-1.905583324816752244e-01 -2.872436112555674104e-01 -3.348923926498910131e-01 -1.057687031056383786e-01
-1.128297373666692222e-01 -2.192976683022281326e-01 -4.152222279725620302e-01 -1.993355401442964414e-01
-1.392963630676285480e-01 -3.892030327041682836e-01 -3.159471970175748989e-01 -2.267921492238735848e-01
-1.435682908824277293e-01 -3.947096051116376625e-01 -3.169463517684293907e-01 -7.730400386455353601e-02
-7.603018289366320070e-02 -4.022284591278382782e-01 -3.585016497431675053e-01 -8.367162689180630830e-02
-1.742436881079076350e-01 -1.960551394846752060e-01 -4.039117797564668599e-01 -1.345554671819665649e-01
-1.352259035732648051e-01 -3.107077706234834813e-01 -3.054646723463863567e-01 -1.663680312178698606e-01
-2.242566707857371611e-01 -2.331268356517381679e-01 -2.837835543058037091e-01 -2.433399208735394781e-01
-1.029613722678585641e-01 -4.063065236772683830e-01 -4.529483462974962515e-01 -4.645000918010465385e-02
-3.986295882334195406e-01 -4.586336701252615722e-01 -2.345306350382865279e-01 -6.623251051809266043e-02
-4.333233252415634451e-02 -2.235628291567724191e-01 -4.203137176270736464e-01 -2.636604537131172488e-01
-8.189109854282378143e-02 -4.213379100067385918e-01 -3.858232666776291175e-01 -5.398376536641579654e-02
-1.603089898086237919e-01 -3.996342316547667473e-01 -2.844712955224417694e-01 -2.068294955388766676e-01
-1.933513630135005046e-01 -3.671397254072757410e-01 -3.387645300919665536e-01 -1.773593743766426756e-01
-1.821348025253314018e-01 -3.747245664824983002e-01 -3.311924582998613809e-01 -1.096926661853044327e-01
-1.840978511602886780e-01 -3.395428080890646738e-01 -3.170611503599368719e-01 -1.396089852468365977e-01
-1.612773596802324072e-01 -3.008636199974178971e-01 -2.880534331279774318e-01 -1.456022471132796259e-01
-3.923392571861475386e-02 -3.429622287496193467e-01 -5.210244251580152808e-01 -1.780966017382724365e-01
-2.013382739413416833e-01 -3.016668737411710710e-01 -2.408961383236724596e-01 -2.181864941996303209e-01
1.003290220416927225e-01 -7.710273592070904236e-02 -8.234597389189273198e-01 -1.645681939304633468e-01
-1.659253215205464538e-01 -2.171359048556565641e-01 -4.666600143335698503e-01 -1.663365087960681776e-01
-1.403302083641355669e-01 -2.578052447866637786e-01 -4.420400506532774498e-01 -1.981408596772219477e-01
-7.319708924264567429e-02 -2.051802843799407916e-01 -2.999589757175246119e-01 -1.666697119797415361e-01
-1.744659951307002965e-01 -3.949035581923047156e-01 -3.588440573460749405e-01 -1.293089013516209862e-01
-6.380705461101346399e-02 -3.911697963785137899e-01 -3.528139921813304714e-01 -1.498654327599844016e-01
-6.894708170883166731e-02 -1.880071112619081108e-01 -4.543678621362932657e-01 -1.791743235014013336e-01
-2.145591593390727969e-01 -4.031372961287968959e-01 -3.741298669971730995e-01 -1.937773202085355806e-01
-2.567810549119782237e-01 -2.356262377223924953e-01 -2.316525571168430164e-01 -2.523200754614280950e-01
-4.865896113293521896e-02 -4.421905910655971605e-01 -4.175136091203225375e-01 -8.320321907672081907e-02
-3.167443440835171486e-01 -4.164149461295738597e-01 -2.743009798496696683e-01 -3.189207421780865248e-02
-4.592907464038836762e-02 -2.809266608653610553e-01 -4.106981016753448732e-01 -2.761139572086545591e-01
-7.315305299731444943e-02 -4.404514175906953377e-01 -3.949475633472412373e-01 -1.301274556398961391e-01
-1.310421187498348461e-01 -3.524904236556553050e-01 -3.235814792405521390e-01 -2.148401432145357892e-01
-2.051702825114266604e-01 -3.457158863544019800e-01 -2.888885219283053307e-01 -1.451973728603255798e-01
-1.458573668599001394e-01 -3.322026954800514353e-01 -3.487595550524269505e-01 -1.510597061590677470e-01
-1.853173715290166168e-01 -2.671543980353147107e-01 -3.267752104689950476e-01 -1.837564004431946341e-01
-1.342196714368516508e-01 -3.487998666563829619e-01 -3.201324658035772375e-01 -1.553253174576022244e-01
-1.869678855539937123e-03 -3.471923166011836592e-01 -4.660548001348967517e-01 -1.596544172880746126e-01
-9.206593513134889162e-02 -2.993983953037108736e-01 -2.833793063638070375e-01 -2.867489955450776007e-01
-4.347401557315010850e-02 -6.692520136739421588e-02 -7.428014750331091154e-01 -1.653552605092074024e-01
-1.886886222806423707e-01 -2.468402884170501077e-01 -3.688545438891752681e-01 -4.177523856933893637e-02
-3.290508356431866288e-02 -2.136122298534568476e-01 -4.754568893144333064e-01 -2.242325698037495041e-01
-8.703366008121139752e-02 -2.930144427221855752e-01 -2.506097722953741780e-01 -1.706650600705849341e-01
-1.474629268869947218e-01 -3.940379990770149776e-01 -3.300264634955599741e-01 -1.513130544812328060e-01
-4.976454380209331674e-02 -4.034890087979475792e-01 -3.307380622915090385e-01 -9.510078178214496913e-02
-9.807074217569740349e-02 -2.129094391844436884e-01 -4.096291925191235528e-01 -2.023979379555483904e-01
