0.000000000000000000e+00 0.000000000000000000e+00 0.000000000000000000e+00 0.000000000000000000e+00 0.000000000000000000e+00 0.000000000000000000e+00 0.000000000000000000e+00 0.000000000000000000e+00
5.568870941807255517e-04 8.826070605677123460e-05 -1.020567716289471803e-04 -5.052717273764067811e-04 1.873157004983803161e-03 1.123807754034915774e-03 1.067357912500411501e-03 1.666502689940937976e-03
1.113433517039703414e-03 1.764887808673438032e-04 -2.040996118277619144e-04 -1.010135461025035968e-03 3.747174889234865681e-03 2.247607872704599115e-03 2.134570282064498191e-03 3.333153889543370545e-03
1.669639067611281263e-03 2.646842180311988375e-04 -3.061285496842510996e-04 -1.514590927525562769e-03 5.622055044228603353e-03 3.371400574840457878e-03 3.201636886284129312e-03 4.999952416083289566e-03
2.225503544726195777e-03 3.528470110883731581e-04 -4.081436143553263487e-04 -2.018637853184124253e-03 7.497798867109239408e-03 4.495186080218300725e-03 4.268557501786387695e-03 6.666897081174470545e-03
2.781026747021149610e-03 4.409771535175956657e-04 -5.101448350685535045e-04 -2.522275964026330589e-03 9.374407760765243736e-03 5.618964609577307631e-03 5.335331904224700772e-03 8.333986690714337980e-03
3.336208472938011899e-03 5.290746387360963868e-04 -6.121322411227179700e-04 -3.025504985795110513e-03 1.125188313386253289e-02 6.742736384627705595e-03 6.401959868274670513e-03 1.000122004485379766e-02
3.891048520723047396e-03 6.171394600984886607e-04 -7.141058618882363800e-04 -3.528324643950414910e-03 1.313022640087744761e-02 7.866501628052391046e-03 7.468441167627943786e-03 1.166859593796570546e-02
4.445546688425220348e-03 7.051716108967537441e-04 -8.160657268075267477e-04 -4.030734663666896839e-03 1.500943898212856245e-02 8.990260563514703568e-03 8.534775574986833840e-03 1.333611315861312277e-02
4.999702773895029623e-03 7.931710843599145203e-04 -9.180118653945785242e-04 -4.532734769832949193e-03 1.688952230381167083e-02 1.011401341566310272e-02 9.600962862058406641e-03 1.500377048951808540e-02
5.553516574783928447e-03 8.811378736526187180e-04 -1.019944307236182084e-03 -5.034324687049398020e-03 1.877047779803171085e-02 1.123776041013661159e-02 1.066700279954794356e-02 1.667156670752998476e-02
