0.000000000000000000e+00 0.000000000000000000e+00 0.000000000000000000e+00 0.000000000000000000e+00 0.000000000000000000e+00 0.000000000000000000e+00 0.000000000000000000e+00 0.000000000000000000e+00
1.029542526374660483e-03 1.435960477972531794e-03 4.111872129088972507e-04 -2.876690217256035100e-03 1.247405159058100500e-03 4.953419296849938432e-03 9.134962625994469745e-03 8.538088626735577599e-03
2.057932230768756698e-03 2.872379793260684995e-03 8.248631766312631165e-04 -5.755175200660564948e-03 2.492170757020927864e-03 9.904405829734560379e-03 1.826952299823895315e-02 1.708165183228147616e-02
3.085167290531876105e-03 4.309257579276459631e-03 1.241032472922505179e-03 -8.635457342730731845e-03 3.734295427337627846e-03 1.485295887687748326e-02 2.740367401845270057e-02 2.563069880324600480e-02
4.111245868493186573e-03 5.746593480938536752e-03 1.659699627897511919e-03 -1.151753897732929986e-02 4.973777771218717766e-03 1.979907771674179959e-02 3.653740865836216378e-02 3.418523868822857803e-02
5.136166112841815054e-03 7.184387154922580385e-03 2.080869109860512128e-03 -1.440142237762472542e-02 6.210616357223795216e-03 2.474276162701397053e-02 4.567071996363175623e-02 4.274528059532015090e-02
6.159926157017673633e-03 8.622638269925028687e-03 2.504545327190135177e-03 -1.728710975413278589e-02 7.444809720863884359e-03 2.968400988352232553e-02 5.480360105789092856e-02 5.131083358955047802e-02
7.182524119614074748e-03 1.006134650694239657e-02 2.930732626294074022e-03 -2.017460325285043085e-02 8.676356364222129539e-03 3.462282175910089133e-02 6.393604514686265783e-02 5.988190669027981111e-02
8.203958104289891737e-03 1.150051155956380300e-02 3.359435289644664181e-03 -2.306390495349827652e-02 9.905254755588503712e-03 3.955919652238708284e-02 7.306804552259861529e-02 6.845850886852912487e-02
9.224226199693133857e-03 1.294013313427635689e-02 3.790657533912506882e-03 -2.595501686788188878e-02 1.113150332911007866e-02 4.449313343655811326e-02 8.219959556782500953e-02 7.704064904424848259e-02
1.024332647939407183e-02 1.438021095078323257e-02 4.224403508213233488e-03 -2.884794093839037829e-02 1.235510048445999549e-02 4.942463175800046460e-02 9.133068876040402462e-02 8.562833608351486103e-02
