0.000000000000000000e+00 0.000000000000000000e+00 0.000000000000000000e+00 0.000000000000000000e+00 0.000000000000000000e+00 0.000000000000000000e+00 0.000000000000000000e+00 0.000000000000000000e+00 0.000000000000000000e+00 0.000000000000000000e+00
1.202193519528709496e-04 3.450594784430724231e-04 -1.379059807075938711e-04 -1.125344159901331588e-04 -4.362903666126710330e-04 3.973334507077656364e-04 7.785075271760313496e-04 1.492403112253481686e-03 2.378568363381207244e-03 8.727371503772623487e-04
2.404068771065574165e-04 6.900776443787351444e-04 -2.759335649796777496e-04 -2.250857682848110184e-04 -8.724071409797855281e-04 7.946670705583106994e-04 1.556927762526406217e-03 2.984644668732566990e-03 4.757430699478804731e-03 1.745345714037957376e-03
3.605625790825153190e-04 1.035054458321848451e-03 -4.140827644619916176e-04 -3.376541109872140513e-04 -1.308350357342284026e-03 1.192000847745587188e-03 2.335260652823307592e-03 4.476724557423843696e-03 7.136587185328974181e-03 2.617825651714463485e-03
4.806864615124466656e-04 1.379989880780151373e-03 -5.523535907616379612e-04 -4.502394983434310932e-04 -1.744120050013230581e-03 1.589334770469214442e-03 3.113506144837544995e-03 5.968642666253025537e-03 9.516037997852418509e-03 3.490176924228064956e-03
6.007785280382792800e-04 1.724883872256040155e-03 -6.907460554472243976e-04 -5.628419847469670351e-04 -2.179716253382188440e-03 1.986668826935021788e-03 3.891664185340634307e-03 7.460398883107482136e-03 1.189578331391632007e-02 4.362399492497338362e-03
7.208387823121231892e-04 2.069736393246047242e-03 -8.292601700491765209e-04 -6.754616247388491165e-04 -2.615139001914200834e-03 2.384003005354981639e-03 4.669734721104719377e-03 8.951993095836406622e-03 1.427582331033146017e-02 5.234493317537271435e-03
8.408672279962495092e-04 2.414547404240717683e-03 -9.678959460600123146e-04 -7.880984730080805006e-04 -3.050388330150367779e-03 2.781337293946623164e-03 5.447717698904311519e-03 1.044342519224991141e-02 1.665615816385477427e-02 6.106458360459724941e-03
9.608638687631907869e-04 2.759316865724955204e-03 -1.106653394934322635e-03 -9.007525843920848518e-04 -3.485464272706881132e-03 3.178671680934036688e-03 6.225613065514119804e-03 1.193469506012063280e-02 1.903678805118817069e-02 6.978294582472703220e-03
1.080828708295617727e-03 3.104044738178125210e-03 -1.245532528089088233e-03 -1.013424013876879646e-03 -3.920366864275911037e-03 3.576006154546100806e-03 7.003420767710048095e-03 1.342580258717999964e-02 2.141771314897882028e-02 7.850001944880589250e-03
1.200761750286498137e-03 3.448730982073044092e-03 -1.384533356903388211e-03 -1.126112816597702728e-03 -4.355096139624182149e-03 3.973340703018540636e-03 7.781140752269454820e-03 1.491674766112158559e-02 2.379893363381915816e-02 8.721580409084148111e-03
