0.000000000000000000e+00 0.000000000000000000e+00 0.000000000000000000e+00 0.000000000000000000e+00
6.705000002063429528e-04 -4.215390215942476748e-04 2.152201294712767499e-03 1.220526872302215475e-03
1.340499261779150427e-03 -8.427855232670652865e-04 4.305299255585639737e-03 2.440897158169315784e-03
2.009997238720400998e-03 -1.263739528069155512e-03 6.459294219169620793e-03 3.661110357279166293e-03
2.678993384395724625e-03 -1.684401059244123580e-03 8.614186521709366051e-03 4.881165968882165279e-03
3.347487151538149335e-03 -2.104770140231667155e-03 1.076997649916886478e-02 6.101063491810368791e-03
4.015477992246517525e-03 -2.524846794666290965e-03 1.292666448722923356e-02 7.320802424477391122e-03
4.682965357984144802e-03 -2.944631046378373869e-03 1.508425082128689657e-02 8.540382264876265894e-03
5.349948699577891480e-03 -3.364122919393816927e-03 1.724273583645366884e-02 9.759802510581637447e-03
6.016427467216188020e-03 -3.783322437934258289e-03 1.940211986755593226e-02 1.097906265874694538e-02
6.682401110448091784e-03 -4.202229626416908830e-03 2.156240324913128587e-02 1.219816220610521994e-02
