0.000000000000000000e+00 0.000000000000000000e+00 0.000000000000000000e+00 0.000000000000000000e+00 0.000000000000000000e+00 0.000000000000000000e+00
2.727203265719238805e-03 8.144154983339242301e-04 -3.541618764053516485e-03 5.522499774683714037e-03 1.288049867772270672e-02 5.396258978046397474e-03
5.440568483834806214e-03 1.633466782399247905e-03 -7.074035266234655200e-03 1.103716758115367950e-02 2.577616262896563482e-02 1.078518465078621633e-02
8.139315764112286730e-03 2.457076618209128732e-03 -1.059639238232227068e-02 1.654381317765061740e-02 3.868732790071507249e-02 1.616663121299254102e-02
1.082263103524061174e-02 3.285154612185910671e-03 -1.410778564742767860e-02 2.204224031359533140e-02 5.161434030156825115e-02 2.154044910664737467e-02
1.348966457970181450e-02 4.117595990648798172e-03 -1.760726057035207071e-02 2.753224652625951147e-02 6.455755569269987226e-02 2.690648493330431018e-02
1.613952951542761000e-02 4.954280284321280203e-03 -2.109380979975061451e-02 3.301362293245174717e-02 7.751734028340184768e-02 3.226458136686320699e-02
1.877130022365366274e-02 5.795069913010993112e-03 -2.456637013666663691e-02 3.848615401534081354e-02 9.049407093080330533e-02 3.761457706702558274e-02
2.138401072249655407e-02 6.639808665981806676e-03 -2.802381938848069395e-02 4.394961740653755000e-02 1.034881354433784262e-01 4.295630659370638926e-02
2.397665298586944271e-02 7.488320074114197117e-03 -3.146497305998623151e-02 4.940378366352981415e-02 1.164999328878924961e-01 4.828960032265254554e-02
2.654817520740248432e-02 8.340405670784357267e-03 -3.488858087818977327e-02 5.484841604251715352e-02 1.295298738995177001e-01 5.361428436249326274e-02
