0.000000000000000000e+00 0.000000000000000000e+00 0.000000000000000000e+00 0.000000000000000000e+00 0.000000000000000000e+00 0.000000000000000000e+00
6.370279005391044124e-04 -1.890833616437591341e-05 -5.226042104876537546e-04 2.133201887020677329e-03 1.116906454002529340e-03 1.677459602232962135e-03
1.273687145202298011e-03 -3.783636856334139447e-05 -1.044724950488388647e-03 4.267787046043349138e-03 2.233769040393469851e-03 3.354779219014202615e-03
1.909977320242966245e-03 -5.678411947002036050e-05 -1.566361896914117468e-03 6.403758174702752111e-03 3.350587870730162374e-03 5.031956530333100107e-03
2.545898010532754354e-03 -7.575161121621650157e-05 -2.087514726580093349e-03 8.541117980189852008e-03 4.467363056798481953e-03 6.708989206899058054e-03
3.181448799565122360e-03 -9.473886619092803871e-05 -2.608183116206886590e-03 1.067986917932532177e-02 5.584094710618449885e-03 8.385874910110167543e-03
3.816629269448015751e-03 -1.137459068412474694e-04 -3.128366742420097667e-03 1.282001449860261169e-02 6.700782944446126953e-03 1.006261129201323386e-02
4.451439000894954860e-03 -1.327727556725597326e-04 -3.648065281750078812e-03 1.496155667423453711e-02 7.817427870771092441e-03 1.173919599526421394e-02
5.085877573216554884e-03 -1.518194352482631082e-04 -4.167278410631980630e-03 1.710449845219714701e-02 8.934029602318977262e-03 1.341562665308649802e-02
5.719944564312547455e-03 -1.708859681910085545e-04 -4.686005805404838340e-03 1.924884258827478517e-02 1.005058825205154029e-02 1.509190088923161033e-02
6.353639550662644291e-03 -1.899723771820927725e-04 -5.204247142312617806e-03 2.139459184810698147e-02 1.116710393316558587e-02 1.676801631793667022e-02
