0.000000000000000000e+00 0.000000000000000000e+00 0.000000000000000000e+00 0.000000000000000000e+00
4.686620640789402291e-03 -4.686620640789434383e-03 1.134998093568731145e-02 1.130771330192270087e-02
9.380120742613119039e-03 -9.380120742613155468e-03 2.269991387890515563e-02 2.261547459631504942e-02
1.408051948891001978e-02 -1.408051948891005274e-02 3.404979763453087893e-02 3.392328507829923956e-02
1.878783613595048918e-02 -1.878783613595046836e-02 4.539963097850534257e-02 4.523114597193497038e-02
2.350209001260190889e-02 -2.350209001260192276e-02 5.674941265895857428e-02 5.653905852909142660e-02
2.822330052072313106e-02 -2.822330052072308249e-02 6.809914139739078887e-02 6.784702402826947587e-02
3.295148713626429304e-02 -3.295148713626423059e-02 7.944881588990390653e-02 7.915504377336637920e-02
3.768666941115815516e-02 -3.768666941115821761e-02 9.079843480848086290e-02 9.046311909239930504e-02
4.242886697609610236e-02 -4.242886697609608154e-02 1.021479968023138035e-01 1.017712513361766213e-01
4.717809954428745650e-02 -4.717809954428744262e-02 1.134975004991727460e-01 1.130794418769277138e-01
