0.000000000000000000e+00 0.000000000000000000e+00 0.000000000000000000e+00 0.000000000000000000e+00 0.000000000000000000e+00 0.000000000000000000e+00
5.031195239677160088e-04 -2.658545073424295620e-05 -3.633613916545753411e-04 1.244371352367999554e-03 2.127615890501845675e-03 6.599740013419847038e-04
1.006102127883295354e-03 -5.319125292549675552e-05 -7.266234931282014933e-04 2.488749988482244577e-03 4.255719864350322908e-03 1.319810441795468301e-03
1.508947821858987615e-03 -7.981744686348265746e-05 -1.089786286442857854e-03 3.733135817861565637e-03 6.384312362760385592e-03 1.979509226678717853e-03
2.011656616073815781e-03 -1.064640729445640878e-04 -1.452849753623779465e-03 4.977528749969674197e-03 8.513393827413865897e-03 2.639070261305325339e-03
2.514228520775743572e-03 -1.331311716733854240e-04 -1.815813876700391859e-03 6.221928694222084166e-03 1.064296470048773161e-02 3.298493450983359162e-03
3.016663546282120391e-03 -1.598187836636102619e-04 -2.178678637705976431e-03 7.466335559986916372e-03 1.277302542465638333e-02 3.957778701016627029e-03
3.518961702978943857e-03 -1.865269496376130757e-04 -2.541444018677917627e-03 8.710749256583365935e-03 1.490357644309086432e-02 4.616925916705142373e-03
4.021123001321793948e-03 -2.132557104271950760e-04 -2.904110001657315889e-03 9.955169693285029903e-03 1.703461819946400224e-02 5.275935003344429594e-03
4.523147451835215008e-03 -2.400051069743548335e-04 -3.266676568689336115e-03 1.119959677931494854e-02 1.916615113794998063e-02 5.934805866225394827e-03
5.025035065112685821e-03 -2.667751803303828077e-04 -3.629143701822821685e-03 1.244403042384955270e-02 2.129817570322634426e-02 6.593538410634472956e-03
