0.000000000000000000e+00 0.000000000000000000e+00 0.000000000000000000e+00 0.000000000000000000e+00
6.603528414639932200e-04 -4.927899728950499913e-04 2.248400300619829168e-03 1.586159102108345613e-03
1.321070408400106845e-03 -9.842662461275587891e-04 4.501551935458199954e-03 3.168832076918488838e-03
1.982163373467296912e-03 -1.474416299381873770e-03 6.759516332925531897e-03 4.747958682471305203e-03
2.643642607381847809e-03 -1.963227374779240742e-03 9.022356093995199250e-03 6.323477534056765048e-03
3.305519183877264795e-03 -2.450686471062455199e-03 1.129013502144511974e-02 7.895326076654064426e-03
3.967804384344594468e-03 -2.936780337601664018e-03 1.356291814872867367e-02 9.463440557146249321e-03
4.630509702604526309e-03 -3.421495468221118219e-03 1.584077176968010439e-02 1.102775599574686190e-02
5.293646849805984204e-03 -3.904818094840909436e-03 1.812376346908289859e-02 1.258820615660079072e-02
5.957227759465257878e-03 -4.386734180930265334e-03 2.041196215412969042e-02 1.414472351754198290e-02
6.621264592642239072e-03 -4.867229414761752547e-03 2.270543808680842643e-02 1.569723923897197587e-02
