0.000000000000000000e+00 0.000000000000000000e+00 0.000000000000000000e+00 0.000000000000000000e+00
5.301114078780291318e-03 -5.301114078780332084e-03 1.321025541929198369e-02 1.262845302089770153e-02
1.061163296860820338e-02 -1.061163296860807501e-02 2.642473105004226538e-02 2.525268583033737912e-02
1.593158540038910193e-02 -1.593158540038903254e-02 3.964350679179415304e-02 3.787261852877475687e-02
2.126099997592628341e-02 -2.126099997592618973e-02 5.286666459073496860e-02 5.048816917002387633e-02
2.659990513523731101e-02 -2.659990513523717570e-02 6.609428850182928750e-02 6.309925369911915938e-02
3.194832912151030629e-02 -3.194832912150993853e-02 7.932646475290587584e-02 7.570578588823234645e-02
3.730629994357125001e-02 -3.730629994357094470e-02 9.256328181074446881e-02 8.830767727058351502e-02
4.267384533573360256e-02 -4.267384533573337357e-02 1.058048304492187203e-01 1.009048370722986643e-01
4.805099271489427643e-02 -4.805099271489378376e-02 1.190512038195485484e-01 1.134971721421591528e-01
5.343776913473867463e-02 -5.343776913473823054e-02 1.323024975227091171e-01 1.260845868791879432e-01
