0.000000000000000000e+00 0.000000000000000000e+00 0.000000000000000000e+00 0.000000000000000000e+00 0.000000000000000000e+00 0.000000000000000000e+00 0.000000000000000000e+00 0.000000000000000000e+00
1.772023361802010834e-03 3.822386843984226139e-04 -3.492428433792167121e-04 -1.805019201311923015e-03 4.603626134680434759e-03 6.544252074822088164e-03 6.626672598169083828e-03 4.747905684782068904e-03
3.544331319523748997e-03 7.645384461958168844e-04 -6.981469327555125514e-04 -3.610722831420130896e-03 9.206961441187657205e-03 1.308759297281103171e-02 1.325329110248801151e-02 9.497067460203918038e-03
5.316920951140491174e-03 1.146902478753291559e-03 -1.046709447789411721e-03 -5.417113980524769327e-03 1.380999575243285413e-02 1.963001645348239413e-02 1.987986096030685754e-02 1.424749629470159831e-02
7.089789271560483289e-03 1.529334033553787602e-03 -1.394927517388178323e-03 -7.224195786110077303e-03 1.841271870774807001e-02 2.617151616402932021e-02 2.650638772336672000e-02 1.899920335000944774e-02
8.862933233060154431e-03 1.911836421857689063e-03 -1.742798218729656613e-03 -9.031971434534215651e-03 2.301511974778593442e-02 3.271208563993090179e-02 3.313287705460005172e-02 2.375219998706278035e-02
1.063634972387011123e-02 2.294413016044221428e-03 -2.090318576123633473e-03 -1.084044416209768887e-02 2.761718810988613576e-02 3.925171830227829062e-02 3.975933473071441293e-02 2.850649777072294944e-02
1.241003556672399047e-02 2.677067250987918805e-03 -2.437485559841052508e-03 -1.264961725613816639e-02 3.221891282330522494e-02 4.579040745502829801e-02 4.638576664484488771e-02 3.326210847464240727e-02
1.418398751736837070e-02 3.059802625475407933e-03 -2.784296084910153467e-03 -1.445949405615956120e-02 3.682028270431382533e-02 5.232814628217537928e-02 5.301217880928371651e-02 3.801904408626254062e-02
1.595820226303312772e-02 3.442622703656130108e-03 -3.130747009878612815e-03 -1.627007795499403608e-02 4.142128635115217145e-02 5.886492784484782803e-02 5.963857735828600320e-02 4.277731681196034197e-02
1.773267642086037016e-02 3.825531116537578269e-03 -3.476835135540614925e-03 -1.808137239999743628e-02 4.602191213883929932e-02 6.540074507831722395e-02 6.626496855095534433e-02 4.753693908234132154e-02
