0.000000000000000000e+00 0.000000000000000000e+00 0.000000000000000000e+00 0.000000000000000000e+00 0.000000000000000000e+00 0.000000000000000000e+00 0.000000000000000000e+00 0.000000000000000000e+00
3.466624737382379513e-04 1.122032323401092927e-04 -5.615502359866728457e-05 -5.451659668230239997e-04 1.092044796065692229e-03 8.556321921246375388e-04 1.085169978358117371e-03 1.875090048427819744e-03
6.923103299245345413e-04 2.245840762999125990e-04 -1.120782022578954294e-04 -1.090752740401946305e-03 2.180913211836008406e-03 1.710255468729682390e-03 2.171221568534597093e-03 3.754136365754457468e-03
1.036935518294909058e-03 3.371444635462968295e-04 -1.677672524136943652e-04 -1.636766861384558302e-03 3.266566948761751715e-03 2.563859640138413561e-03 3.258164707074441991e-03 5.637178332077125847e-03
1.380529872037894717e-03 4.498863512067024823e-04 -2.232198567782572060e-04 -2.183214957944666461e-03 4.348967170406041298e-03 3.416434371692160001e-03 4.346009469429487106e-03 7.524255887835266769e-03
1.723085105978620479e-03 5.628117222958121122e-04 -2.784336638233048870e-04 -2.730103747227358331e-03 5.428074493924722049e-03 4.267969181453170995e-03 5.434766072245645827e-03 9.415409543362165609e-03
2.064592814379592484e-03 6.759225861442578294e-04 -3.334062871458206971e-04 -3.277440036816842064e-03 6.503848980473887417e-03 5.118453437571494902e-03 6.524444875843264137e-03 1.131068038906866274e-02
2.405044468692889032e-03 7.892209788381345523e-04 -3.881353048194039401e-04 -3.825230726235925773e-03 7.576250125418544992e-03 5.967876355596246456e-03 7.615056386748116427e-03 1.321011010584907490e-02
2.744431415261393715e-03 9.027089636663126592e-04 -4.426182587306692505e-04 -4.373482808471662597e-03 8.645236848330895701e-03 6.816226995731293307e-03 8.706611260276782283e-03 1.511374097570499821e-02
3.082744872969137191e-03 1.016388631576675304e-03 -4.968526539022691301e-04 -4.922203371533980659e-03 9.710767482775549062e-03 7.663494260025622423e-03 9.799120303176334437e-03 1.702161589260626356e-02
3.419975930837515152e-03 1.130262101641961708e-03 -5.508359577981897801e-04 -5.471399600044421323e-03 1.077279976587963706e-02 8.509666889510100057e-03 1.089259447632155188e-02 1.893377837358279844e-02
