0.000000000000000000e+00 0.000000000000000000e+00 0.000000000000000000e+00 0.000000000000000000e+00
5.165805503427477532e-03 -5.165805503427293652e-03 1.223532344346311453e-02 1.294414223354669116e-02
1.034055635447576026e-02 -1.034055635447560934e-02 2.446531402650280879e-02 2.589361732751703504e-02
1.552428058315383046e-02 -1.552428058315379750e-02 3.668987537019258172e-02 3.884852166083668096e-02
2.071700618824552642e-02 -2.071700618824535642e-02 4.890890870163765169e-02 5.180895400640161269e-02
2.591876111126571042e-02 -2.591876111126544674e-02 6.112231277389533479e-02 6.477501561115325823e-02
3.112957320823254645e-02 -3.112957320823225155e-02 7.332998378253945126e-02 7.774681027951931001e-02
3.634947021909825521e-02 -3.634947021909812337e-02 8.553181527871142609e-02 9.072444446035637933e-02
4.157847973468457164e-02 -4.157847973468418307e-02 9.772769807849518431e-02 1.037080273375826089e-01
4.681662916094220250e-02 -4.681662916094177229e-02 1.099175201684461783e-01 1.166976709246414917e-01
5.206394568036353671e-02 -5.206394568036312037e-02 1.221011666070966756e-01 1.296934901630008852e-01
