0.000000000000000000e+00 0.000000000000000000e+00 0.000000000000000000e+00 0.000000000000000000e+00 0.000000000000000000e+00 0.000000000000000000e+00 0.000000000000000000e+00 0.000000000000000000e+00
2.965871811959094710e-03 -1.426729940679835520e-03 -7.921391615969027153e-04 -7.470027096823669919e-04 6.793554512856916916e-03 1.132966426417312579e-02 5.390111467497243555e-03 4.971677459581898230e-04
5.940079040812485354e-03 -2.865267870484843396e-03 -1.583133586770392280e-03 -1.491677583557097890e-03 1.358264121456457911e-02 2.266470439903528825e-02 1.078036167720953543e-02 9.932886901610235401e-04
8.922706436039602729e-03 -4.315774919582714315e-03 -2.372929490497830037e-03 -2.234002025958917430e-03 2.036721466810748754e-02 3.400518083275471531e-02 1.617074191346356063e-02 1.488356557129629030e-03
1.191384049299526286e-02 -5.778415853389868607e-03 -3.161471441929209706e-03 -2.973953197675949494e-03 2.714722860097299947e-02 4.535115535850724883e-02 2.156124299295643365e-02 1.982365009504187189e-03
1.491356951104710372e-02 -7.253359195743221133e-03 -3.948702303535830266e-03 -3.711508011767862807e-03 3.392263587767941485e-02 5.670269118224658539e-02 2.695185524533931162e-02 2.475307647161018292e-03
1.792198365496155271e-02 -8.740777358122715432e-03 -4.734563167578554124e-03 -4.446643129259915395e-03 4.069338847127611236e-02 6.805985297243777321e-02 3.234256849287506924e-02 2.967178006322385760e-03
2.093917501983358007e-02 -1.024084677535862936e-02 -5.518993289763298241e-03 -5.179334954711275162e-03 4.745943743376201951e-02 7.942270691186623099e-02 3.773337202912384336e-02 3.457969558644939743e-03
2.396523769989912858e-02 -1.175374804830618507e-02 -6.301930019942288130e-03 -5.909559631650228642e-03 5.422073286538010156e-02 9.079132075161432114e-02 4.312425459659666865e-02 3.947675710290487333e-03
2.700026786160330053e-02 -1.327966609402182925e-02 -7.083308729706744647e-03 -6.637293037874365809e-03 6.097722388271739624e-02 1.021657638673336005e-01 4.851520436332686093e-02 4.436289800989274418e-03
3.004436382135159192e-02 -1.481879030403178768e-02 -7.863062736711631459e-03 -7.362510780607747773e-03 6.772885858554210381e-02 1.135461073179441366e-01 5.390620889828905832e-02 4.923805103076911438e-03
