0.000000000000000000e+00 0.000000000000000000e+00 0.000000000000000000e+00 0.000000000000000000e+00 0.000000000000000000e+00 0.000000000000000000e+00 0.000000000000000000e+00 0.000000000000000000e+00
2.297713041451985780e-03 1.963473999268831231e-04 -6.530234685365349538e-04 -1.841036978798127072e-03 6.286852031535437348e-03 8.137793403216492250e-03 7.098990648053729938e-03 4.524378420339049932e-03
4.599211474902503358e-03 3.892815216136615540e-04 -1.308950133661423640e-03 -3.679542869024192506e-03 1.258609397615115602e-02 1.628150621994860214e-02 1.419076081770414069e-02 9.037667978251626502e-03
6.904546774889661238e-03 5.787475317940940110e-04 -1.967829806012380903e-03 -5.515464507063459233e-03 1.889792147052574145e-02 2.443124417506511298e-02 2.127520228325018720e-02 1.353967555211112866e-02
9.213771494538926243e-03 7.646893799566565611e-04 -2.629713333746135431e-03 -7.348747547373643899e-03 2.522253441777351154e-02 3.258711527880245318e-02 2.835220446295818111e-02 1.803020381029996760e-02
1.152693929579608201e-02 9.470497646789375126e-04 -3.294652632808572814e-03 -9.179336434532461841e-03 3.156013709408888451e-02 4.074922989027809223e-02 3.542165436745099011e-02 2.250905110688213029e-02
1.384410497903557948e-02 1.125770098697058018e-03 -3.962700714984319569e-03 -1.100717436986608372e-02 3.791093826931757338e-02 4.891770078122224807e-02 4.248343653331254632e-02 2.697601136369751074e-02
1.616532451362594908e-02 1.300790472797976570e-03 -4.633911716832683596e-03 -1.283220327697164043e-02 4.427515133153744897e-02 5.709264320178870228e-02 4.953743295448269357e-02 3.143087394857376621e-02
1.849065506948607482e-02 1.472049618491984855e-03 -5.308340929541381301e-03 -1.465436376609089743e-02 5.065299441580261436e-02 6.527417494853325619e-02 5.658352301136164442e-02 3.587342354950093931e-02
2.082015504967279010e-02 1.639484869413307270e-03 -5.986044829734627620e-03 -1.647359509729096061e-02 5.704469053721428207e-02 7.346241643464034021e-02 6.362158339752706226e-02 4.030344004461408614e-02
2.315388412403658266e-02 1.803032121400344624e-03 -6.667081111268702634e-03 -1.828983514240516139e-02 6.345046772848905725e-02 8.165749076248279836e-02 7.065148804397938798e-02 4.472069836782373298e-02
