0.000000000000000000e+00 0.000000000000000000e+00 0.000000000000000000e+00 0.000000000000000000e+00 0.000000000000000000e+00 0.000000000000000000e+00 0.000000000000000000e+00 0.000000000000000000e+00
5.869566407448846904e-04 2.508589985955166231e-04 -2.633757657233571628e-04 -5.612116004392881784e-04 1.669194621915719157e-03 1.380400567694097403e-03 1.320739777376133978e-03 1.606093276904107777e-03
1.173510199888448029e-03 5.018040433526870089e-04 -5.268419990431718724e-04 -1.122039485399481049e-03 3.338466292929199997e-03 2.760941740391770725e-03 2.641557075915752523e-03 3.212260114232544633e-03
1.759660569435239109e-03 7.528352284029382569e-04 -7.903988001883167479e-04 -1.682483567104292154e-03 5.007814141902950517e-03 4.141623810033345614e-03 3.962452074756600204e-03 4.818499827779392300e-03
2.345407641796662130e-03 1.003952648023729525e-03 -1.054046269544130611e-03 -2.242543758084387853e-03 6.677237295880478034e-03 5.522447068984683190e-03 5.283424953210128991e-03 6.424811732104405634e-03
2.930751309795978036e-03 1.255156396640034946e-03 -1.317784507654087400e-03 -2.802219971181516608e-03 8.346734880107630622e-03 6.903411810046335487e-03 6.604475890767869464e-03 8.031195140550298484e-03
3.515691466670245457e-03 1.506446568825465723e-03 -1.581613615220960490e-03 -3.361512119549321491e-03 1.001630601802853959e-02 8.284518326455140094e-03 7.925605067101276421e-03 9.637649365239793139e-03
4.100228006070707337e-03 1.757823259302036378e-03 -1.845533693106764369e-03 -3.920420116653431687e-03 1.168594983128305904e-02 9.665766911884931395e-03 9.246812662063300103e-03 1.124417371707531893e-02
4.684360822063651786e-03 2.009286562941251224e-03 -2.109544842333818671e-03 -4.478943876272102609e-03 1.335566543970259645e-02 1.104715786044824753e-02 1.056809885568688392e-02 1.285076750573567461e-02
5.268089809132151143e-03 2.260836574764414891e-03 -2.373647164084586193e-03 -5.037083312496505594e-03 1.502545196130830422e-02 1.242869146669669383e-02 1.188946382818735839e-02 1.445743003967434916e-02
5.851414862176235014e-03 2.512473389942413305e-03 -2.637840759702281355e-03 -5.594838339732050199e-03 1.669530851230512786e-02 1.381036802562234621e-02 1.321090775995987718e-02 1.606416062611799866e-02
