0.000000000000000000e+00 0.000000000000000000e+00 0.000000000000000000e+00 0.000000000000000000e+00 0.000000000000000000e+00 0.000000000000000000e+00 0.000000000000000000e+00 0.000000000000000000e+00
1.191741059754979244e-03 1.688318070889241376e-03 -1.676323172827897355e-03 -1.203735957816310688e-03 1.688464265644817539e-03 1.092827840658739356e-02 1.100574524753803948e-02 2.300950952895637353e-03
2.377875958964489195e-03 3.384664579779351166e-03 -3.360782314767217158e-03 -2.401758223976625372e-03 3.373592944290557550e-03 2.186010560200139091e-02 2.201510867306560870e-02 4.598070525974712677e-03
3.558301780147560094e-03 5.089113439548311087e-03 -5.053452949845256212e-03 -3.593962269850516523e-03 5.055349033886557403e-03 3.279552033934685085e-02 3.302812792997088936e-02 6.891319314793978128e-03
4.732913251291515425e-03 6.801739661802991103e-03 -6.754411562392838124e-03 -4.780241350701472380e-03 6.733694665212295975e-03 4.373456230447543558e-02 4.404484141543321685e-02 9.180657105543317195e-03
5.901602668765939044e-03 8.522619384326969930e-03 -8.463735611096968176e-03 -5.960486441995601660e-03 8.408591072229937291e-03 5.467727214686878695e-02 5.506528829369831957e-02 1.146604285053293495e-02
7.064259816853323513e-03 1.025182990033293370e-02 -1.018150354421006216e-02 -7.134586172975763974e-03 1.007999856108167738e-02 6.562369151130273415e-02 6.608950852097640605e-02 1.374743464263548758e-02
8.220771883719458703e-03 1.198944968974308134e-02 -1.190779481614110194e-02 -8.302426757321198711e-03 1.174787647766929212e-02 7.657386307026653460e-02 7.711754287211210201e-02 1.602478968861488495e-02
9.371023373635207002e-03 1.373555845275208770e-02 -1.364268990568976922e-02 -9.463891920697336396e-03 1.341218317373086763e-02 8.752783055709957571e-02 8.814943296921755322e-02 1.829806428128044615e-02
1.051489601524724024e-02 1.549023714596231907e-02 -1.538627033622864612e-02 -1.061886282498049686e-02 1.507287597133221899e-02 9.848563879981886426e-02 9.918522131245646745e-02 2.056721377038714729e-02
1.165226866568322243e-02 1.725356802141746540e-02 -1.713861869818307862e-02 -1.176721798891705931e-02 1.672991112567840527e-02 1.094473337555804254e-01 1.102249513132050884e-01 2.283219253219649289e-02
