0.000000000000000000e+00 0.000000000000000000e+00 0.000000000000000000e+00 0.000000000000000000e+00 0.000000000000000000e+00 0.000000000000000000e+00
5.477288676013941952e-04 -3.130669713654225887e-06 -5.271894931372619929e-04 1.828592280649498627e-03 1.044866741033264462e-03 1.746431119483224858e-03
1.095103614380464954e-03 -6.268235582285973655e-06 -1.053977706928647777e-03 3.657890698842584509e-03 2.089660666506272611e-03 3.493201968726279347e-03
1.642124046196515160e-03 -9.412712521600249578e-06 -1.580364364251649143e-03 5.487896134910130730e-03 3.134381794691199451e-03 5.240311904025250593e-03
2.188789968779541410e-03 -1.256411549061821863e-05 -2.106349187767353730e-03 7.318609472646057934e-03 4.179030143909512156e-03 6.987760278143583664e-03
2.735101187735470597e-03 -1.572245949213050474e-05 -2.631931899917714247e-03 9.150031599350745559e-03 5.223605732538087569e-03 8.735546440288630490e-03
3.281057508545907626e-03 -1.888775957314902488e-05 -3.157112222925816808e-03 1.098216340585085431e-02 6.268108579010083468e-03 1.048366973609433060e-02
3.826658736566910472e-03 -2.206003082485300085e-05 -3.681889878794194788e-03 1.281500578651791587e-02 7.312538701812982232e-03 1.223212950760128002e-02
4.371904677028496874e-03 -2.523928838300267558e-05 -4.206264589305682734e-03 1.464855963928973596e-02 8.356896119490104385e-03 1.398092509323855571e-02
4.916795135033730571e-03 -2.842554742801158539e-05 -4.730236076021653024e-03 1.648282586568783348e-02 9.401180850640194001e-03 1.573005582780421033e-02
5.461329915558132790e-03 -3.161882318545892003e-05 -5.253804060282506357e-03 1.831780537083939689e-02 1.044539291391797207e-02 1.747952104244505228e-02
