0.000000000000000000e+00 0.000000000000000000e+00 0.000000000000000000e+00 0.000000000000000000e+00 0.000000000000000000e+00 0.000000000000000000e+00 0.000000000000000000e+00 0.000000000000000000e+00 0.000000000000000000e+00 0.000000000000000000e+00
1.598900164245373916e-03 2.726507823860806591e-04 -6.263010515233197965e-04 4.825361548784970608e-04 -1.727786050379930514e-03 3.020732136696561120e-03 5.763380380241512127e-03 3.721317643703050092e-03 5.281205855787458880e-03 4.981287440888638139e-03
3.198189025908517672e-03 5.451926782551594006e-04 -1.253505055356714465e-03 9.663325588015081891e-04 -3.456209207980387270e-03 6.040555313694343474e-03 1.152802502187216804e-02 7.441721632389423913e-03 1.056219623498222231e-02 9.963348704885983259e-03
4.797866534465893007e-03 8.176259673832450081e-04 -1.881612572766163663e-03 1.451390458846985249e-03 -5.185270388278500134e-03 9.059468090040259311e-03 1.729393484915234258e-02 1.116121309808196412e-02 1.584297180795036716e-02 1.494618251309963626e-02
6.397932629490145177e-03 1.089950929520149339e-03 -2.510624155850188152e-03 1.937711095276794214e-03 -6.914970498760100379e-03 1.207746901532127416e-02 2.306111079624649160e-02 1.487979316875970466e-02 2.112353326207526416e-02 1.992978756641655344e-02
7.998387242352062929e-03 1.362167841053478230e-03 -3.140540347971787494e-03 2.425295705461085870e-03 -8.645310441190531825e-03 1.509455663186933319e-02 2.882955380403973492e-02 1.859746297004791216e-02 2.640388130194259303e-02 2.491416255140803393e-02
9.599230296111198324e-03 1.634276974763169098e-03 -3.771361683430257249e-03 2.914145523676831863e-03 -1.037629111138667001e-02 1.811072947455389520e-02 3.459926482051797758e-02 2.231422362495769779e-02 3.168401664961652264e-02 2.989930614014312676e-02
1.120046170540671404e-02 1.906278599568807762e-03 -4.403088687124946665e-03 3.404261780903034516e-03 -1.210791339898730293e-02 2.112598607057193656e-02 4.037024480115190134e-02 2.603007625362069657e-02 3.696394004491881935e-02 3.488521699000063370e-02
1.280208137634927280e-02 2.178172980270525264e-03 -5.035721874211707312e-03 3.895645704612164285e-03 -1.384017818721962334e-02 2.414032493923224526e-02 4.614249470929699531e-02 2.974502197301548065e-02 4.224365224571123567e-02 3.987189374347686888e-02
1.440408920641226415e-02 2.449960377283965512e-03 -5.669261749750770241e-03 4.388298518559409500e-03 -1.557308635266702740e-02 2.715374459173846081e-02 5.191601551659926622e-02 3.345906189668605007e-02 4.752315402817765960e-02 4.485933502799351047e-02
1.600648508432375716e-02 2.721641046367424127e-03 -6.303708808347997794e-03 4.882221442566372395e-03 -1.730663876503180792e-02 3.016624353096762981e-02 5.769080820341242200e-02 3.717219713445329282e-02 5.280244618711539550e-02 4.984753945570136180e-02
