0.000000000000000000e+00 0.000000000000000000e+00 0.000000000000000000e+00 0.000000000000000000e+00 0.000000000000000000e+00 0.000000000000000000e+00
5.301352887378211337e-04 -1.232995355496535063e-04 -6.572714486871541247e-04 1.477648052026998620e-03 1.299384761184611868e-03 2.587417791830261358e-03
1.059984876540426106e-03 -2.467094964949533443e-04 -1.313853931773256451e-03 2.955425030155649918e-03 2.598742746079618030e-03 5.176539066644986371e-03
1.589548700084438210e-03 -3.702300013625414114e-04 -1.969746165500538704e-03 4.433330619190835840e-03 3.898073975815729598e-03 7.767366265443943242e-03
2.118826696091022799e-03 -4.938611690766301450e-04 -2.624946862472336134e-03 5.911364503149380348e-03 5.197378471370971663e-03 1.035990183583843267e-02
2.647818801326875214e-03 -6.176031189652644946e-04 -3.279454731633509642e-03 7.389526365268500770e-03 6.496656253575769716e-03 1.295414823216012659e-02
3.176524952604577266e-03 -7.414559707626369647e-04 -3.933268478254136127e-03 8.867815888000649821e-03 7.795907343111314024e-03 1.555010791549253472e-02
3.704945086782069231e-03 -8.654198446116170580e-04 -4.586386803913207293e-03 1.034623275301131337e-02 9.095131760510209717e-03 1.814778335370637388e-02
4.233079140761864673e-03 -9.894948610660167163e-04 -5.238808406482650670e-03 1.182477664117647341e-02 1.039432952615205845e-02 2.074717702149233081e-02
4.760927051491692721e-03 -1.113681141093011886e-03 -5.890531980110257776e-03 1.330344723257912386e-02 1.169350066026433356e-02 2.334829140039567166e-02
5.288488755963403898e-03 -1.237978806076247672e-03 -6.541556215203984427e-03 1.478224420650557647e-02 1.299264518291955162e-02 2.595112897885006042e-02
