0.000000000000000000e+00 0.000000000000000000e+00 0.000000000000000000e+00 0.000000000000000000e+00 0.000000000000000000e+00 0.000000000000000000e+00
2.762867400650933017e-03 -3.551168980996445589e-04 -2.407750502551154938e-03 7.468271487841154042e-03 9.829387718650568068e-03 5.811621203956651369e-03
5.529967203318525426e-03 -7.153376625729786047e-04 -4.814629540745472662e-03 1.494765582236940761e-02 1.965786462440168372e-02 1.161304037412569899e-02
8.301342138276072632e-03 -1.080746377869062696e-03 -7.220595760406919514e-03 2.243832480780501640e-02 2.948542805654212270e-02 1.740408836699810363e-02
1.107703572515667152e-02 -1.451428866479843437e-03 -9.625606858676995919e-03 2.994045383010830383e-02 3.931207538495096188e-02 2.318459242673413453e-02
1.385709229132742540e-02 -1.827472732501846846e-03 -1.202961955882566984e-02 3.745422195182975672e-02 4.913780401105126427e-02 2.895437608936026266e-02
1.664155699079511788e-02 -2.208967406495484457e-03 -1.443258958429954712e-02 4.497981201001204077e-02 5.896261136874835634e-02 3.471325908392967896e-02
1.943047582366199885e-02 -2.596004191682680425e-03 -1.683447163197911850e-02 5.251741071725170296e-02 6.878649492533689402e-02 4.046105723054985864e-02
2.222389565615332657e-02 -2.988676311535280218e-03 -1.923521934461785293e-02 6.006720876605029652e-02 7.860945218237812282e-02 4.619758233515806889e-02
2.502186424123653205e-02 -3.387078958801313915e-03 -2.163478528243510321e-02 6.762940093657206220e-02 8.843148067654268973e-02 5.192264208092026156e-02
2.782443023985532032e-02 -3.791309346024286132e-03 -2.403312089383081648e-02 7.520418620794344644e-02 9.825257798040798463e-02 5.763603991613143462e-02
