0.000000000000000000e+00 0.000000000000000000e+00 0.000000000000000000e+00 0.000000000000000000e+00 0.000000000000000000e+00 0.000000000000000000e+00
3.534509739240060031e-04 3.465918787944484550e-05 -5.546223143493966140e-04 1.110981024829980337e-03 8.828978281113700590e-04 1.910141817109370799e-03
7.065525988810294512e-04 6.933944507442621550e-05 -1.109010666094557883e-03 2.221393254936583454e-03 1.765736619930288699e-03 3.821637571551653786e-03
1.059304634879721339e-03 1.040407876602187189e-04 -1.663164721155751397e-03 3.331234450879406051e-03 2.648516337828098460e-03 5.734489929520640746e-03
1.411706841272291832e-03 1.387632317692074767e-04 -2.217084144255462852e-03 4.440502365954903351e-03 3.531236943934582505e-03 7.648701566003977131e-03
1.763758976749426818e-03 1.735067935915206793e-04 -2.770768598930289754e-03 5.549194746142990624e-03 4.413898400138865051e-03 9.564275164867632253e-03
2.115460799335119792e-03 2.082714893757427275e-04 -3.324217747524475450e-03 6.657309330076563447e-03 5.296500668089370277e-03 1.148121341889869924e-02
2.466812066383291310e-03 2.430573354288274824e-04 -3.877431251183831307e-03 7.764843849010021580e-03 6.179043709191974626e-03 1.339951902984292537e-02
2.817812534572745713e-03 2.778643481168308342e-04 -4.430408769849499516e-03 8.871796026789150261e-03 7.061527484607900418e-03 1.531919470844757963e-02
3.168461959902452250e-03 3.126925438649205951e-04 -4.983149962251434868e-03 9.978163579819065987e-03 7.943951955253453906e-03 1.724024317449987520e-02
3.518760097687719576e-03 3.475419391579722414e-04 -5.535654485901949848e-03 1.108394421703258470e-02 8.826317081798139633e-03 1.916266715686976499e-02
