0.000000000000000000e+00 0.000000000000000000e+00 0.000000000000000000e+00 0.000000000000000000e+00 0.000000000000000000e+00 0.000000000000000000e+00 0.000000000000000000e+00 0.000000000000000000e+00 0.000000000000000000e+00 0.000000000000000000e+00
1.447387062457633532e-03 4.919717116459890009e-04 -5.240802162962516445e-06 -4.944842748258828670e-04 -1.439633695566934187e-03 3.837543306381757755e-03 4.980748254903348549e-03 5.070299975992765239e-03 4.956273494469413086e-03 3.812824201491210683e-03
2.894898272050435914e-03 9.837705639950803695e-04 -1.052180375256666234e-05 -9.887856634366435672e-04 -2.879361367301335600e-03 7.675663830119167086e-03 9.961237816269542800e-03 1.014021005315560338e-02 9.912155645907689064e-03 7.626111119302366251e-03
4.342533367015065891e-03 1.475396583613993850e-03 -1.584346674345581910e-05 -1.482903900179408704e-03 -4.319182582144559523e-03 1.151436243230154893e-02 1.494146893816651785e-02 1.520973017860612411e-02 1.486764593482969160e-02 1.143986021236547378e-02
5.790292080600514812e-03 1.966849794709583845e-03 -2.120625811274229333e-05 -1.976838715605734251e-03 -5.759096900022763789e-03 1.535363998196857468e-02 1.992144188166721300e-02 2.027886030432454745e-02 1.982274383734115158e-02 1.525407092248239234e-02
7.238174141611002435e-03 2.458130218863696041e-03 -2.661064981804663922e-05 -2.470589835195497862e-03 -7.199103873885220363e-03 1.919349735601621337e-02 2.490115691590103625e-02 2.534760038802794102e-02 2.477744882484102934e-02 1.906874267451101265e-02
8.686179274373288448e-03 2.949237874917078409e-03 -3.205711882127448321e-05 -2.964156979295743365e-03 -8.639203049590569311e-03 2.303393543937593338e-02 2.988061431824781330e-02 3.041595039326659353e-02 2.973176036385773158e-02 2.288387487606163145e-02
1.013430719870391308e-02 3.440172778848014749e-03 -3.754614711260362975e-05 -3.457539863057476105e-03 -1.007939396579202868e-02 2.687495512519816332e-02 3.485981437453303244e-02 3.548391028951928400e-02 3.468567791589039634e-02 2.669946691718062468e-02
1.158255762987762429e-02 3.930934943648967637e-03 -4.307822173418591333e-05 -3.950738196377348056e-03 -1.151967615381828750e-02 3.071655731504467635e-02 3.983875737923298077e-02 4.055148005228700198e-02 3.963920093723775906e-02 3.051551817003039790e-02
1.303093027859546053e-02 4.421524379200817909e-03 -4.865383480356401391e-05 -4.443751683834861257e-03 -1.296004913755463214e-02 3.455874291908237611e-02 4.481744363567992384e-02 4.561865966319442883e-02 4.459232887882542962e-02 3.433202798856117843e-02
1.447942485095595616e-02 4.911941092143922230e-03 -5.427348353589673408e-05 -4.936580024633768424e-03 -1.440051243332002989e-02 3.840151285628413264e-02 4.979587345628051082e-02 5.068544911008313752e-02 4.954506118602759746e-02 3.814899570817661956e-02
