0.000000000000000000e+00 0.000000000000000000e+00 0.000000000000000000e+00 0.000000000000000000e+00
4.129472928438112332e-03 -4.129472928438016922e-03 8.157007337426733229e-03 1.197822852204994890e-02
8.264615088682463612e-03 -8.264615088682328303e-03 1.629294511248853897e-02 2.397752660646503692e-02
1.240544015164028908e-02 -1.240544015164012429e-02 2.440751583643227529e-02 3.599819174199767047e-02
1.655196165623755086e-02 -1.655196165623731147e-02 3.250041619479325516e-02 4.804052724311321659e-02
2.070419298513824502e-02 -2.070419298513792930e-02 4.057133690018167871e-02 6.010484239720131905e-02
2.486214733842963959e-02 -2.486214733842920938e-02 4.861996254066131701e-02 7.219145261619817899e-02
2.902583770513272876e-02 -2.902583770513247896e-02 5.664597142358423348e-02 8.430067959275171219e-02
3.319527683239179017e-02 -3.319527683239126281e-02 6.464903541474018023e-02 9.643285146107291594e-02
3.737047719218326153e-02 -3.737047719218267866e-02 7.262881977267686417e-02 1.085883029626119878e-01
4.155145094538512107e-02 -4.155145094538480882e-02 8.058498297805251342e-02 1.207673756167137319e-01
