0.000000000000000000e+00 0.000000000000000000e+00 0.000000000000000000e+00 0.000000000000000000e+00
6.190037227909850510e-03 -6.190037227909870460e-03 1.352710594649675011e-02 1.224861426459395580e-02
1.239392766410977835e-02 -1.239392766410977835e-02 2.705449895077566280e-02 2.449694147140553044e-02
1.861173420751896859e-02 -1.861173420751891655e-02 4.058217371079451963e-02 3.674498692247715748e-02
2.484352010983718537e-02 -2.484352010983729639e-02 5.411012491616737363e-02 4.899275592819517244e-02
3.108934895327411171e-02 -3.108934895327415682e-02 6.763834724326062142e-02 6.124025381219251607e-02
3.734928462657197829e-02 -3.734928462657200604e-02 8.116683534959494295e-02 7.348748591694850840e-02
4.362339129916605746e-02 -4.362339129916613378e-02 9.469558386749982182e-02 8.573445761013442912e-02
4.991173339329032371e-02 -4.991173339329040004e-02 1.082245873969601285e-01 9.798117429176457505e-02
5.621437555379567297e-02 -5.621437555379574930e-02 1.217538404975954253e-01 1.102276414022201473e-01
6.253138261540132359e-02 -6.253138261540135134e-02 1.352833376796880316e-01 1.224738644312178271e-01
