0.000000000000000000e+00 0.000000000000000000e+00 0.000000000000000000e+00 0.000000000000000000e+00 0.000000000000000000e+00 0.000000000000000000e+00 0.000000000000000000e+00 0.000000000000000000e+00 0.000000000000000000e+00 0.000000000000000000e+00
1.516937408849522917e-03 6.715693759480137210e-04 6.487253916589224233e-05 -5.892112446369271103e-04 -1.664168073132389408e-03 3.862355905567610090e-03 5.016737532263019529e-03 5.437789755547152784e-03 5.465456089053619126e-03 4.427845155343897166e-03
3.033764680517594091e-03 1.343338790648721318e-03 1.299953956474183018e-04 -1.178355324105738412e-03 -3.328743536454432852e-03 7.724258329830622355e-03 1.003230654287948914e-02 1.087521180565104335e-02 1.093120453252752373e-02 8.857387656345215576e-03
4.550480771668863333e-03 2.015309124050033117e-03 1.953698999707897651e-04 -1.767432765576404125e-03 -4.993727023799151774e-03 1.158570359599369985e-02 1.504670381787108317e-02 1.631226603810873033e-02 1.639724762485691295e-02 1.328863221985777249e-02
6.067084625886587715e-03 2.687481254568529262e-03 2.609973884639484086e-04 -2.356444098375191747e-03 -6.659119164168478960e-03 1.544668799747262594e-02 2.005992612849577181e-02 2.174895235680514641e-02 2.186358767405973541e-02 1.772158356930603196e-02
7.583575177190003506e-03 3.359856061163189571e-03 3.268792012877236568e-04 -2.945389848950942177e-03 -8.324920584252094163e-03 1.930720780256224914e-02 2.507197023130220206e-02 2.718527068043985126e-02 2.733022700169994088e-02 2.215624643958193085e-02
9.099951349932832931e-03 4.032434423286960709e-03 3.930166822616817674e-04 -3.534270540563484546e-03 -9.991131908416555837e-03 2.316725925421406207e-02 3.008283286798625264e-02 3.262122094289995194e-02 3.279716794295538945e-02 2.659262557697391824e-02
1.061621205869948091e-02 4.705217220837304426e-03 4.594111786856665876e-04 -4.123086692960983499e-03 -1.165775375869525926e-02 2.702683856981121305e-02 3.509251076524626256e-02 3.805680309363502350e-02 3.826441284668275628e-02 3.103072573909364598e-02
1.213235620820239669e-02 5.378205334106763574e-03 5.260640411561550052e-04 -4.711838822049917164e-03 -1.332478675478328614e-02 3.088594194093920164e-02 4.010100063463595960e-02 4.349201709804041693e-02 4.373196407548705228e-02 3.547055169480176767e-02
1.364838269317776055e-02 6.051399643731821161e-03 5.929766233771088801e-04 -5.300527439553642806e-03 -1.499223151403387619e-02 3.474456553315381779e-02 4.510829917241578058e-02 4.892686293784288820e-02 4.919982400578940679e-02 3.991210822413363696e-02
1.516429039828133714e-02 6.724801030641740750e-03 6.601502819660459709e-04 -5.889153052663002701e-03 -1.666008865145866477e-02 3.860270548574912253e-02 5.011440305940238760e-02 5.436134061149520968e-02 5.466799502789580073e-02 4.435540011822011741e-02
