0.000000000000000000e+00 0.000000000000000000e+00 0.000000000000000000e+00 0.000000000000000000e+00 0.000000000000000000e+00 0.000000000000000000e+00
5.653742543707263035e-04 -3.174258892275756108e-05 -4.069379752453385437e-04 2.440083699336269459e-03 1.670907091024020474e-03 1.744073505110071672e-03
1.130034476768587747e-03 -6.344983688936993286e-05 -8.134397084457951942e-04 4.881676140726578551e-03 3.342234865609570484e-03 3.488780340776263898e-03
1.693979461075381188e-03 -9.512167398092865667e-05 -1.219504765234116685e-03 7.324779320223490098e-03 5.013983897406827303e-03 5.234120854513036811e-03
2.257207998193408796e-03 -1.267580299707959273e-04 -1.625132710639645272e-03 9.769395239782110996e-03 6.686154760815887430e-03 6.980095394482587617e-03
2.819718876029317367e-03 -1.583588343196890100e-04 -2.030323109085879763e-03 1.221552590733551713e-02 8.358748030993066666e-03 8.726704309505478596e-03
3.381510879480794513e-03 -1.899240161725593919e-04 -2.435075524387670092e-03 1.466317333682930560e-02 1.003176428384984498e-02 1.047394794906436784e-02
3.942582790423370884e-03 -2.214535043573397013e-04 -2.839389519748611659e-03 1.711233954825663872e-02 1.170520409605681732e-02 1.222182666330402616e-02
4.502933387695733786e-03 -2.529472273819169544e-04 -3.243264657758428929e-03 1.956302656769406262e-02 1.337906804504347159e-02 1.397034080303577279e-02
5.062561447087133952e-03 -2.844051134316988739e-04 -3.646700500390522535e-03 2.201523642733720781e-02 1.505335670900052707e-02 1.571949071974056839e-02
5.621465741322352432e-03 -3.158270903672724455e-04 -4.049696608998723177e-03 2.446897116553728435e-02 1.672807066688343156e-02 1.746927676557020678e-02
