0.000000000000000000e+00 0.000000000000000000e+00 0.000000000000000000e+00 0.000000000000000000e+00
2.813952249728174327e-04 -7.022197813472975383e-04 7.714071231093311016e-04 2.446552961068484619e-03
5.622746996564221850e-04 -1.404160238976851979e-03 1.541211575593906319e-03 4.895764792719616877e-03
8.426378229619910102e-04 -2.105820221609953913e-03 2.309408790832340793e-03 7.347641514078802338e-03
1.122483991373128412e-03 -2.807198572187696861e-03 3.075994190588056051e-03 9.802189162946006729e-03
1.401812598987697009e-03 -3.508294127854986490e-03 3.840963185104949353e-03 1.225941379580439486e-02
1.680623037502383590e-03 -4.209105719929254544e-03 4.604311173073688881e-03 1.471932148789858834e-02
1.958914696196828453e-03 -4.909632173870068228e-03 5.366033541593501904e-03 1.718191833330682747e-02
2.236686961919118460e-03 -5.609872309247304970e-03 6.126125666140124458e-03 1.964721044501865216e-02
2.513939219069294580e-03 -6.309824939710174593e-03 6.884582910528699515e-03 2.211520395501056016e-02
2.790670849583989400e-03 -7.009488872955455668e-03 7.641400626877999612e-03 2.458590501432115702e-02
