0.000000000000000000e+00 0.000000000000000000e+00 0.000000000000000000e+00 0.000000000000000000e+00
6.604641848768733970e-04 -4.869770809175733516e-04 2.252821510204486202e-03 1.561204075949183638e-03
1.320583821086800938e-03 -9.734096289903284129e-04 4.507462320587128299e-03 3.121825387421925651e-03
1.980358492015881801e-03 -1.459297157759410161e-03 6.763927055448437815e-03 4.681859907366556911e-03
2.639787779152724754e-03 -1.944639179591341107e-03 9.022220358997756068e-03 6.241303590917357709e-03
3.298871262106863652e-03 -2.429435205665980094e-03 1.128234689555213978e-02 7.800152375265143913e-03
3.957608518594234875e-03 -2.913684745967210464e-03 1.354431134964780188e-02 9.358402179561700618e-03
4.615999124423064703e-03 -3.397387309274309698e-03 1.580811842615508292e-02 1.091604890482423401e-02
5.274042653479505370e-03 -3.880542403152948804e-03 1.807377285039238335e-02 1.247308843383878110e-02
5.931738677713599417e-03 -4.363149533945650041e-03 2.034127936824300931e-02 1.402951663106435237e-02
6.589086767123806393e-03 -4.845208206762969746e-03 2.261064274627068785e-02 1.558532934253387819e-02
