0.000000000000000000e+00 0.000000000000000000e+00 0.000000000000000000e+00 0.000000000000000000e+00 0.000000000000000000e+00 0.000000000000000000e+00 0.000000000000000000e+00 0.000000000000000000e+00
5.475875011067701066e-04 9.448938920180625044e-05 -9.682027053614757279e-05 -5.416657389966792651e-04 1.849166803104908057e-03 1.133918561710497812e-03 1.132720289027337908e-03 1.825009182708627140e-03
1.094758804019418681e-03 1.889243885070654222e-04 -1.935843368003570622e-04 -1.082922220331731860e-03 3.698930210154817606e-03 2.267716201538131585e-03 2.265333878768619087e-03 3.650579967374094608e-03
1.641513611970291976e-03 2.833049312637663073e-04 -2.902921251921795854e-04 -1.623769166527857209e-03 5.549290492487788523e-03 3.401392808851643260e-03 3.397840690878721048e-03 5.476712556171695404e-03
2.187851627891682863e-03 3.776309505698012591e-04 -3.869435618424980883e-04 -2.164206299851399035e-03 7.400247921940447150e-03 4.534948272658894178e-03 4.530240646702545296e-03 7.303407151564413405e-03
2.733772554416385395e-03 4.719023792694445815e-04 -4.835385726104138825e-04 -2.704233342312148576e-03 9.251802770867120079e-03 5.668382481611724914e-03 5.662533667278197951e-03 9.130663956320750688e-03
3.279276093877529687e-03 5.661191499519016091e-04 -5.800770830814840984e-04 -3.243850015662166821e-03 1.110395531214199497e-02 6.801695324003539239e-03 6.794719673333802189e-03 1.095848317351501809e-02
3.824361948305921716e-03 6.602811949506227863e-04 -6.765590185666999065e-04 -3.783056041395310275e-03 1.295670581916339575e-02 7.934886687765693725e-03 7.926798585287355564e-03 1.278686500653260401e-02
4.369029819430472229e-03 7.543884463406410300e-04 -7.729843041003449464e-04 -4.321851140745764687e-03 1.481005456585649666e-02 9.067956460468687765e-03 9.058770323243120481e-03 1.461580965906820670e-02
4.913279408676409984e-03 8.484408359380262669e-04 -8.693528644387384660e-04 -4.860235034687769226e-03 1.666400182667480620e-02 1.020090452931769580e-02 1.019063480699176558e-02 1.644531733513200297e-02
5.457110417164165450e-03 9.424382952983605035e-04 -9.656646240589370975e-04 -5.398207443934423429e-03 1.851854787660582591e-02 1.133373078115148570e-02 1.132239195600647473e-02 1.827538823904810775e-02
