0.000000000000000000e+00 0.000000000000000000e+00 0.000000000000000000e+00 0.000000000000000000e+00 0.000000000000000000e+00 0.000000000000000000e+00 0.000000000000000000e+00 0.000000000000000000e+00
6.334276493215491030e-04 7.981857271161982813e-05 -9.459743357290663801e-05 -5.518654294632120792e-04 2.265143068484486155e-03 1.230953058087022297e-03 1.179966437113857654e-03 1.890053679361772179e-03
1.266291152243154182e-03 1.595778197638576736e-04 -1.890959025479066827e-04 -1.103246311881780168e-03 4.531462959607119451e-03 2.461688652785804649e-03 2.359738052961247046e-03 3.780596556015704181e-03
1.898589863470779692e-03 2.392776843310366413e-04 -2.834952294520820450e-04 -1.654142324434144419e-03 6.798961009470456604e-03 3.692206506014296397e-03 3.539314613560441605e-03 5.671628479644196495e-03
2.530323136532827699e-03 3.189181092495890421e-04 -3.777952360806010831e-04 -2.204553143967042869e-03 9.067638557775044295e-03 4.922506338913525820e-03 4.718695884070034374e-03 7.563149298567365189e-03
3.161490323778592352e-03 3.984990370129719729e-04 -4.719957434878494754e-04 -2.754478446992511455e-03 1.133749694787432316e-02 6.152587871849943095e-03 5.897881628792740749e-03 9.455158859746470162e-03
3.792090776374137419e-03 4.780204097678784360e-04 -5.660965719834837795e-04 -3.303917909686601186e-03 1.360853752679661195e-02 7.382450824410380710e-03 7.076871611166502159e-03 1.134765700877689298e-02
4.422123844298436746e-03 5.574821693130459915e-04 -6.600975411267691589e-04 -3.852871207887636259e-03 1.588076164526203496e-02 8.612094915400355169e-03 8.255665593761346219e-03 1.324064358987965019e-02
5.051588876338234703e-03 6.368842570954053994e-04 -7.539984697226801043e-04 -4.401338017095025347e-03 1.815417065770406901e-02 9.841519862837480245e-03 9.434263338273457880e-03 1.513411844589232329e-02
5.680485220085320502e-03 7.162266142084149599e-04 -8.477991758177676716e-04 -4.949318012467090154e-03 2.042876592228834443e-02 1.107072538394943302e-02 1.061266460552140467e-02 1.702808141825953858e-02
6.308812221931498800e-03 7.955091813890283799e-04 -9.414994766943391054e-04 -5.496810868819623427e-03 2.270454880093313726e-02 1.229971119516885467e-02 1.179086915543826192e-02 1.892253234702694423e-02
