0.000000000000000000e+00 0.000000000000000000e+00 0.000000000000000000e+00 0.000000000000000000e+00 0.000000000000000000e+00 0.000000000000000000e+00 0.000000000000000000e+00 0.000000000000000000e+00 0.000000000000000000e+00 0.000000000000000000e+00
7.744694517725520541e-04 7.876640795849165506e-04 1.219330846705126174e-03 -5.858701955150013782e-04 -2.195594182547571608e-03 1.051095481053314525e-03 2.917201374523296833e-03 5.793497555786165237e-03 8.042949517267921830e-03 5.130550085539797682e-03
1.548684814201604183e-03 1.575044205768687299e-03 2.440265043083657357e-03 -1.172175410687414324e-03 -4.391818652366470330e-03 2.101644889173304599e-03 5.833973411867616511e-03 1.158702049386450654e-02 1.608732406052470337e-02 1.026062517291134388e-02
2.322645658113188863e-03 2.362139566468089528e-03 3.662806194948632979e-03 -1.758918077726515702e-03 -6.588673341803186201e-03 3.151647751256240419e-03 8.750317054205501710e-03 1.738057067320280744e-02 2.413312397415539809e-02 1.539022258969223803e-02
3.096351550028009474e-03 3.148949342675322859e-03 4.886957878823228532e-03 -2.346100604812505035e-03 -8.786158166713780443e-03 4.201103588338094691e-03 1.166623324434816304e-02 2.317414994446871310e-02 3.218034964632682932e-02 2.051933963320067000e-02
3.869802052133620215e-03 3.935472708358703046e-03 6.112723640249550019e-03 -2.933725374572224241e-03 -1.098427302616919454e-02 5.250011915560333885e-03 1.458172292563922161e-02 2.896776014905876051e-02 4.022900151103386140e-02 2.564797356956102087e-02
4.642996722256936479e-03 4.721708830362290020e-03 7.340106992067002220e-03 -3.521794742520839919e-03 -1.318301780216501670e-02 6.298372242140137800e-03 1.749678704184199490e-02 3.476140311808988137e-02 4.827908005019933974e-02 3.077612163275259688e-02
5.415935113838504789e-03 5.507656868305471458e-03 8.569111412660340710e-03 -4.110311035471165240e-03 -1.538239235933275446e-02 7.346184071341573668e-03 2.041142653702741200e-02 4.055508067135579070e-02 5.633058579582615050e-02 3.590378102364336077e-02
6.188616775908845936e-03 6.293315974482998482e-03 9.799740344178116055e-03 -4.699276549912607265e-03 -1.758239654465689611e-02 8.393446900450921011e-03 2.332564235545620673e-02 4.634879461624605984e-02 6.438351933220473611e-02 4.103094890900752661e-02
6.961041253066765737e-03 7.078685293764677873e-03 1.103199719072300682e-02 -5.288693550358868414e-03 -1.978303018719507547e-02 9.440160220752091477e-03 2.623943544145636644e-02 5.214254674662575223e-02 7.243788129817488319e-02 4.615762242052680320e-02
7.733208085459284710e-03 7.863763963496431253e-03 1.226588531651378808e-02 -5.878564267667725843e-03 -2.198429309780119273e-02 1.048632351751006483e-02 2.915280673930046446e-02 5.793633884167470605e-02 8.049367238944482583e-02 5.128379865377687835e-02
