0.000000000000000000e+00 0.000000000000000000e+00 0.000000000000000000e+00 0.000000000000000000e+00 0.000000000000000000e+00 0.000000000000000000e+00
5.540353125381693123e-04 4.551372452986727075e-06 -5.838270349589877234e-04 1.809301407804240385e-03 1.095604419406246734e-03 1.928361720491339514e-03
1.107647083181563432e-03 9.108625925621292147e-06 -1.167271918903222501e-03 3.618977180361917460e-03 2.191169877096995917e-03 3.857536750348101312e-03
1.660835020406266566e-03 1.367176713560674920e-05 -1.750334362877209058e-03 5.429026675985468980e-03 3.286696499346021972e-03 5.787525982384303207e-03
2.213598832597531065e-03 1.824080281281051095e-05 -2.333014077502924659e-03 7.239449249777257268e-03 4.382184412767289004e-03 7.718330312074688816e-03
2.765938228051659491e-03 2.281573969831230078e-05 -2.915310772982666540e-03 9.050244253627361124e-03 5.477633744321707548e-03 9.649950637581146753e-03
3.317852914977124923e-03 2.739658454509146234e-05 -3.497224159096683910e-03 1.086141103620262387e-02 6.573044621317426436e-03 1.158238785976597671e-02
3.869342601494673954e-03 3.198334411745607631e-05 -4.078753945201367762e-03 1.267294894293119131e-02 7.668417171410868427e-03 1.351564288220366214e-02
4.420406995637764062e-03 3.657602519183179201e-05 -4.659899840227602237e-03 1.448485731598927670e-02 8.763751522608853942e-03 1.544971661119302550e-02
4.971045805353367653e-03 4.117463455592926177e-05 -5.240661552678725459e-03 1.629713549428605385e-02 9.859047803268116208e-03 1.738460995576981624e-02
5.521258738502100860e-03 4.577917900962260559e-05 -5.821038790628229286e-03 1.810978281344961111e-02 1.095430614209691109e-02 1.932032382771861276e-02
