0.000000000000000000e+00 0.000000000000000000e+00 0.000000000000000000e+00 0.000000000000000000e+00 0.000000000000000000e+00 0.000000000000000000e+00 0.000000000000000000e+00 0.000000000000000000e+00 0.000000000000000000e+00 0.000000000000000000e+00
6.127655111523414065e-04 2.282450938708945856e-04 -1.032459772655049888e-04 -2.152578346769393571e-04 -4.145817809483458879e-04 1.896645406663484542e-03 1.442283415141987126e-03 1.364262604038008831e-03 9.600350965019443811e-04 1.363403905015892533e-03
1.225095012555427014e-03 4.565030424481435005e-04 -2.064949882682399129e-04 -4.304761303597089790e-04 -8.289092038162553921e-04 3.793845374813267779e-03 2.884572452947542064e-03 2.728460749108634325e-03 1.919975142831849627e-03 2.727118894152176509e-03
1.836988206510414574e-03 6.847738856710924122e-04 -3.097470152652042220e-04 -6.456548872720782465e-04 -1.242982156320245708e-03 5.691600183804192137e-03 4.326867115591444268e-03 4.092594362388533857e-03 2.879820109167601991e-03 4.091145129478100141e-03
2.448444794956285836e-03 9.130576635606958615e-04 -4.130020404787566727e-04 -8.607941056571189169e-04 -1.656800526036881528e-03 7.589910113515567665e-03 5.769167405141357487e-03 5.456663370950462673e-03 3.839569965648450666e-03 5.455482773256434791e-03
3.059464479470941269e-03 1.141354416221656990e-03 -5.162600460966307921e-04 -1.075893785777512794e-03 -2.070364200402601950e-03 9.488775444373338114e-03 7.211473323568708647e-03 6.820667701770828824e-03 4.799224682381437318e-03 6.820131987949469739e-03
3.670046961269576250e-03 1.369664183842105422e-03 -6.195210142720597099e-04 -1.290953927915471956e-03 -2.483673066713517133e-03 1.138819645735700617e-02 8.653784872747262782e-03 8.184607281732644152e-03 5.758784229438162344e-03 8.185092936221693635e-03
4.280191941203935133e-03 1.597987006694528327e-03 -7.227849271234600050e-04 -1.505974532372849782e-03 -2.896727012125009746e-03 1.328817343399842088e-02 1.009610205445287887e-02 9.548482037622534058e-03 6.718248576858128554e-03 9.550365780936943480e-03
4.889899119760138073e-03 1.826322925135383463e-03 -8.260517667342374710e-04 -1.720955599470820347e-03 -3.309525923651406888e-03 1.518870665638498083e-02 1.153842487036322792e-02 1.091229189613260667e-02 7.677617694645396187e-03 1.091595068516156355e-02
5.499168197057957216e-03 2.054671979605533945e-03 -9.293215151531181769e-04 -1.935897129550475607e-03 -3.722069688165905495e-03 1.708979640716135756e-02 1.298075332205841231e-02 1.227603678385891933e-02 8.636891552771388397e-03 1.228184781216298989e-02
6.107998872849167843e-03 2.283034210630574806e-03 -1.032594154393235136e-03 -2.150799122972036313e-03 -4.134358192399522833e-03 1.899144296953196240e-02 1.442308741101840618e-02 1.363971662730266779e-02 9.596070121172212836e-03 1.364805732541089604e-02
