0.000000000000000000e+00 0.000000000000000000e+00 0.000000000000000000e+00 0.000000000000000000e+00 0.000000000000000000e+00 0.000000000000000000e+00
2.542809662865434892e-03 1.385427258652981468e-03 -3.928236921518730995e-03 7.321959271231278168e-03 1.264503162961498617e-02 5.275510814299609261e-03
5.074437933325727686e-03 2.774976247745293643e-03 -7.849414181071677488e-03 1.463338371573982485e-02 2.530708168483085038e-02 1.054453802972148309e-02
7.594113528880641097e-03 4.168408099095513228e-03 -1.176252162797694623e-02 2.193399165500978590e-02 3.798657188071584423e-02 1.580694160971175821e-02
1.010102593703173998e-02 5.565457160097484965e-03 -1.566648309713034384e-02 2.922349163968724836e-02 5.068393796859212153e-02 2.106257725230381572e-02
1.259432337928527261e-02 6.965828602148145011e-03 -1.956015198143493117e-02 3.650158206419563262e-02 6.339963025055710133e-02 2.631129626097682139e-02
1.507311067318747172e-02 8.369195833327354450e-03 -2.344230650651664416e-02 4.376795076850310828e-02 7.613411410718474992e-02 3.155294541518705032e-02
1.753644698847828254e-02 9.775197703241160843e-03 -2.731164469172161352e-02 5.102227462708115724e-02 8.888787053763771984e-02 3.678736684130172463e-02
1.998334349342374694e-02 1.118343548828422060e-02 -3.116677898171038574e-02 5.826421912513235490e-02 1.016613967112530853e-01 4.201439788478108367e-02
2.241276088731243565e-02 1.259346964631067115e-02 -3.500623053362583031e-02 6.549343792218377536e-02 1.144552065295234289e-01 4.723387098460514466e-02
2.482360681497023519e-02 1.400481633091227827e-02 -3.882842314588563770e-02 7.270957240312765635e-02 1.272698311972608187e-01 5.244561355106996947e-02
