0.000000000000000000e+00 0.000000000000000000e+00 0.000000000000000000e+00 0.000000000000000000e+00 0.000000000000000000e+00 0.000000000000000000e+00 0.000000000000000000e+00 0.000000000000000000e+00 0.000000000000000000e+00 0.000000000000000000e+00
5.898510444287710609e-04 -5.448045785668394268e-05 1.171789165298276001e-04 -7.298113168966433896e-05 -3.072298981137650074e-04 2.074574052402623943e-03 9.750657821809719048e-04 1.160766660644125918e-03 8.775828373969192910e-04 8.852899713229680622e-04
1.179390448277810918e-03 -1.089233533957068635e-04 2.343788346426458344e-04 -1.459289195291541572e-04 -6.143826115950587908e-04 4.149706285600680659e-03 1.950044325573117247e-03 2.321464264752688602e-03 1.755081591732471531e-03 1.770644330628563844e-03
1.768617935378996586e-03 -1.633286616497369446e-04 3.515997561360985780e-04 -2.188433455701041671e-04 -9.214581255243105631e-04 6.225397147862864015e-03 2.924935612786950558e-03 3.482092709547907842e-03 2.632496230569031977e-03 2.656063092037377026e-03
2.357533229020127713e-03 -2.176963576243999532e-04 4.688416828147085893e-04 -2.917243918562295807e-04 -1.228456424968008866e-03 8.301647088256845081e-03 3.899739626411213422e-03 4.642651892124093592e-03 3.509826721465207633e-03 3.541546269684316562e-03
2.946136051942630125e-03 -2.720264162980453259e-04 5.861046164900951365e-04 -3.645720404229441992e-04 -1.535377494978736697e-03 1.037845655668845520e-02 4.874456349018532926e-03 5.803141709454487721e-03 4.387073031978955956e-03 4.427093877720881220e-03
3.534426126338576554e-03 -3.263188126212901116e-04 7.033885589817631071e-04 -4.373862732970595197e-04 -1.842221320595596734e-03 1.245582600390696473e-02 5.849085763164556251e-03 6.963562058389902686e-03 5.264235129667366175e-03 5.312705930314660409e-03
4.122403173848624043e-03 -3.805735215173669333e-04 8.206935121163920965e-04 -5.101670724974742338e-04 -2.148987886843688969e-03 1.453375588150825244e-02 6.823627851388357896e-03 8.123912835659254095e-03 6.141312982086563448e-03 6.198382441649626269e-03
4.710066915559890655e-03 -4.347905178813536893e-04 9.380194777282280759e-04 -5.829144200343424004e-04 -2.455677178734374383e-03 1.661224664193645256e-02 7.798082596212025513e-03 9.284193937869918492e-03 7.018306556791826384e-03 7.084123425925066379e-03
5.297417072002841634e-03 -4.889697765800961413e-04 1.055366457658621360e-03 -6.556282979096974585e-04 -2.762289181265205340e-03 1.869129873848989973e-02 8.772449980140251818e-03 1.044440526150504714e-02 7.895215821338064099e-03 7.969928897357743056e-03
5.884453363149356499e-03 -5.431112724522856516e-04 1.172734453757039033e-03 -7.283086881169262804e-04 -3.068823879419763177e-03 2.077091262532291399e-02 9.746729985660085652e-03 1.160454670292773022e-02 8.772040743278199451e-03 8.855798870179979951e-03
