0.000000000000000000e+00 0.000000000000000000e+00 0.000000000000000000e+00 0.000000000000000000e+00 0.000000000000000000e+00 0.000000000000000000e+00 0.000000000000000000e+00 0.000000000000000000e+00
1.432385905478492528e-03 7.284754658248657894e-04 -9.411296312337779973e-06 -2.151450067159163711e-03 3.272383086047016103e-03 5.768288374585803235e-03 7.423263764529215367e-03 6.091718931222378161e-03
2.860900858305894662e-03 1.461018330102338168e-03 -1.422592916583047880e-05 -4.307693251186012554e-03 6.529153084808235301e-03 1.152696373826446116e-02 1.485500309801157659e-02 1.220018837847444866e-02
4.285481518251119809e-03 2.197686410441147559e-03 -1.437656014219570121e-05 -6.468791360261034323e-03 9.770082494662589781e-03 1.727589639564598711e-02 2.229534187960956551e-02 1.832564167280494732e-02
5.706063333323289910e-03 2.938538538626530618e-03 -9.794532278792949446e-06 -8.634807331140441009e-03 1.299493954573248400e-02 2.301495420316857290e-02 2.974440629684663162e-02 2.446831654012694354e-02
7.122580517696327530e-03 3.683634581320693272e-03 -4.098406196033203309e-07 -1.080580524961633274e-02 1.620348812356034798e-02 2.874400252770383662e-02 3.720232489134175924e-02 3.062845518640821760e-02
8.534966022205055236e-03 4.433035462671777727e-03 1.384890054359345208e-05 -1.298185037637963890e-02 1.939548766708100100e-02 3.446290418742331552e-02 4.466922861382543325e-02 3.680630440381098267e-02
9.943151503987371700e-03 5.186803187515017649e-03 3.305449137758095747e-05 -1.516300917356915197e-02 2.257069306371149026e-02 4.017151939097617780e-02 5.214525088069742881e-02 4.300211567986912675e-02
1.134706729524396357e-02 5.945000865181725505e-03 5.728118119315128557e-05 -1.734934933202796764e-02 2.572885454146092363e-02 4.586970567491240741e-02 5.963052763218389812e-02 4.921614530979570579e-02
1.274664237108524834e-02 6.707692733937002660e-03 8.660470414505427568e-05 -1.954093979928590852e-02 2.886971755796082298e-02 5.155731783930622703e-02 6.712519739214029002e-02 5.544865451202922457e-02
1.414180431643538745e-02 7.474944186064617566e-03 1.211023159761781044e-04 -2.173785080829238742e-02 3.199302268631867840e-02 5.723420788150242883e-02 7.462940132955712957e-02 6.169990954712684800e-02
