0.000000000000000000e+00 0.000000000000000000e+00 0.000000000000000000e+00 0.000000000000000000e+00
3.719202511032230975e-04 -7.877176770833171004e-04 1.106062897037357476e-03 2.761257836668568229e-03
7.430806960602946015e-04 -1.575102644290099236e-03 2.210016708787896408e-03 5.525982234344903321e-03
1.113480006330934934e-03 -2.362153827624125131e-03 3.311852105614386706e-03 8.294184359142451474e-03
1.483116845527744860e-03 -3.148870145767212331e-03 4.411559714804278061e-03 1.106587543250357915e-02
1.851989869383540268e-03 -3.935250510122306755e-03 5.509130120247502163e-03 1.384106673178008527e-02
2.220097725682954569e-03 -4.721293824752253142e-03 6.604553862171869474e-03 1.661976959060054368e-02
2.587439054192729702e-03 -5.506998986319209394e-03 7.697821436873646291e-03 1.940199539924804956e-02
2.954012486591762326e-03 -6.292364884023409106e-03 8.788923296447806108e-03 2.218775560503421021e-02
3.319816646400718281e-03 -7.077390399540842494e-03 9.877849848514766440e-03 2.497706171268046157e-02
3.684850148910445104e-03 -7.862074406960340572e-03 1.096459145594626435e-02 2.776992528470157914e-02
