0.000000000000000000e+00 0.000000000000000000e+00 0.000000000000000000e+00 0.000000000000000000e+00 0.000000000000000000e+00 0.000000000000000000e+00 0.000000000000000000e+00 0.000000000000000000e+00 0.000000000000000000e+00 0.000000000000000000e+00
1.607322052323670574e-03 5.668421988580070112e-04 1.232675297331255670e-05 -5.461060331470443327e-04 -1.640384967440834847e-03 4.237417636578150702e-03 5.539688108798164999e-03 5.704170940928090378e-03 5.635576230578189134e-03 4.363995189626363944e-03
3.214424974595072627e-03 1.133690564833722677e-03 2.492238331769835915e-05 -1.091769337290412426e-03 -3.281268581849547221e-03 8.474166526606570840e-03 1.107797223096739295e-02 1.140785503757481799e-02 1.127173263336091885e-02 8.729969781696024500e-03
4.821301945514343094e-03 1.700548914043020386e-03 3.779160371700186413e-05 -1.636985744176937610e-03 -4.922656715450869636e-03 1.271022392202340520e-02 1.661483464366348556e-02 1.711105220579397374e-02 1.690848651300892735e-02 1.309794702941228725e-02
6.427946003482974680e-03 2.267421135358863808e-03 5.093922787899134684e-05 -2.181751000505223036e-03 -6.564555362528495634e-03 1.694556659215501124e-02 2.215025726363728520e-02 2.281376236848726285e-02 2.254585553811170109e-02 1.746795065520357487e-02
8.034350044116100528e-03 2.834311192241507384e-03 6.437017362606579050e-05 -2.726060763448922338e-03 -8.206970642806132171e-03 2.118017081083787417e-02 2.768422163954136969e-02 2.851598545696962250e-02 2.818385775004828009e-02 2.184000486389085088e-02
9.640506816741051602e-03 3.401223124506961692e-03 7.808946567584027290e-05 -3.269910598448638305e-03 -9.849908804704512327e-03 2.541401234376923154e-02 3.321670894253829498e-02 3.421772141111087406e-02 3.382251157241903533e-02 2.621413435514085774e-02
1.124640892079318416e-02 3.968161050151675778e-03 9.210223850981621996e-05 -3.813295976941808232e-03 -1.149337622869921888e-02 2.964706643547380255e-02 3.874769995662757233e-02 3.991897017948513315e-02 3.946183582077202739e-02 3.059036433630879168e-02
1.285204880210239625e-02 4.535129167231191291e-03 1.064137393303717441e-04 -4.356212274024814923e-03 -1.313737943078167707e-02 3.387930779586618979e-02 4.427717506866740704e-02 4.561973171951923256e-02 4.510184971262534009e-02 3.496872053567575550e-02
1.445741874907060381e-02 5.102131755798886351e-03 1.210293311111726965e-04 -4.898654766047736211e-03 -1.478192506603129633e-02 3.811071058640056602e-02 4.980511425809079629e-02 5.132000599763781451e-02 5.074257287780166437e-02 3.934922921610830432e-02
1.606251088873226346e-02 5.669173179905251728e-03 1.359544957433953156e-04 -5.440618628136528398e-03 -1.642701993229720228e-02 4.234124840578755433e-02 5.533149708630023811e-02 5.701979298941543123e-02 5.638402536908397600e-02 4.373191718913645165e-02
