0.000000000000000000e+00 0.000000000000000000e+00 0.000000000000000000e+00 0.000000000000000000e+00 0.000000000000000000e+00 0.000000000000000000e+00 0.000000000000000000e+00 0.000000000000000000e+00
1.900807353756730524e-03 -6.176920389031144345e-04 1.548769107587953924e-04 -1.437992225612386979e-03 3.549063859939462391e-03 5.417674754247137764e-03 9.646836100025571806e-03 2.771266344996732231e-03
3.804009204089570453e-03 -1.239766796534251536e-03 3.118706512160926685e-04 -2.876113058771321163e-03 7.096378386708589170e-03 1.083773366159406469e-02 1.929466515982183189e-02 5.540904910293425849e-03
5.709611933057804484e-03 -1.866255817838603955e-03 4.710018530989859564e-04 -4.314357968317995666e-03 1.064193196167067396e-02 1.626019843800343215e-02 2.894348204732558744e-02 8.308910730627016433e-03
7.617621956246357906e-03 -2.497191011315607039e-03 6.322914100835071854e-04 -5.752722355014153535e-03 1.418571284271837214e-02 2.168509103709893165e-02 3.859328155628552470e-02 1.107527880073280908e-02
9.528045723349578763e-03 -3.132604654638237052e-03 7.957604810239589030e-04 -7.191201549735164004e-03 1.772770916185780268e-02 2.711243365509779374e-02 4.824405840421867875e-02 1.384000407487059534e-02
1.144088971880692120e-02 -3.772529400365022545e-03 9.614304931204482180e-04 -8.629790811562065844e-03 2.126790892274485478e-02 3.254224873585657291e-02 5.789580723032218545e-02 1.660308146632995599e-02
1.335616046249836833e-02 -4.416998281747326963e-03 1.129323145015387504e-03 -1.006848532576610535e-02 2.480629999816964110e-02 3.797455897603899816e-02 6.754852259333643527e-02 1.936450584691765120e-02
1.527386451050286552e-02 -5.066044718631371874e-03 1.299460409808232166e-03 -1.150728020167938320e-02 2.834287012749288001e-02 4.340938733040315689e-02 7.720219896935610893e-02 2.212427204641903566e-02
1.719400845592697000e-02 -5.719702523458076483e-03 1.471864537975002898e-03 -1.294617047044362840e-02 3.187760691403072888e-02 4.884675701721806484e-02 8.685683074959214822e-02 2.488237485203901797e-02
1.911659892980941203e-02 -6.378005907362042232e-03 1.646558060181619459e-03 -1.438515108262861282e-02 3.541049782238708116e-02 5.428669152381045138e-02 9.651241223807700831e-02 2.763880900781458261e-02
