0.000000000000000000e+00 0.000000000000000000e+00 0.000000000000000000e+00 0.000000000000000000e+00 0.000000000000000000e+00 0.000000000000000000e+00
3.464283532740851292e-03 -2.953460809916598180e-04 -3.168937451749186378e-03 6.813877086136494940e-03 1.221607441885963138e-02 5.738975240986834980e-03
6.933112837305976245e-03 -5.917446986105777580e-04 -6.341368138695141314e-03 1.362521896743169869e-02 2.443734704933027413e-02 1.147528747520424469e-02
1.040650221051636105e-02 -8.891972948210937443e-04 -9.517304915694935544e-03 2.043401739962030436e-02 3.666383238643942943e-02 1.720893045188951961e-02
1.388446594566304648e-02 -1.187705158370062127e-03 -1.269676078729251034e-02 2.724026408947741520e-02 4.889554496592032201e-02 2.293989792853497883e-02
1.736701832456339842e-02 -1.487269413162018751e-03 -1.587974891140088440e-02 3.404395069236341997e-02 6.113249936563893566e-02 2.866818367191347611e-02
2.085417360904699702e-02 -1.787891005848271739e-03 -1.906628260319805784e-02 4.084506880963010428e-02 7.337471020712815761e-02 3.439378145914050167e-02
2.434594603184132150e-02 -2.089570692593125875e-03 -2.225637533924737163e-02 4.764360998588428042e-02 8.562219215723126942e-02 4.011668507876678391e-02
2.784234978683058220e-02 -2.392309024979893169e-03 -2.545004076184972930e-02 5.443956570609381068e-02 9.787495992985960347e-02 4.583688833191192774e-02
3.134339901866021322e-02 -2.696106335021481240e-03 -2.864729268363769288e-02 6.123292739253091699e-02 1.101330282878781042e-01 5.155438503343953704e-02
3.484910781166002114e-02 -3.000962719240747069e-03 -3.184814509241809533e-02 6.802368640154012047e-02 1.223964120451170173e-01 5.726916901317435221e-02
