0.000000000000000000e+00 0.000000000000000000e+00 0.000000000000000000e+00 0.000000000000000000e+00 0.000000000000000000e+00 0.000000000000000000e+00
3.756300990662072518e-03 -6.848003025672008432e-04 -3.071500688095047098e-03 3.820073565153809820e-03 1.810870378924073903e-02 4.500212459687015845e-03
7.504070725218874374e-03 -1.376775157049077956e-03 -6.127295568170185863e-03 7.634609514158782924e-03 3.623186183683650696e-02 8.991508277168535138e-03
1.124242700309397922e-02 -2.076036687452343602e-03 -9.166390315642373304e-03 1.144353086993303743e-02 5.436973699649923913e-02 1.347370157581320380e-02
1.497044050518052047e-02 -2.782696076702762499e-03 -1.218774442847872161e-02 1.524675979015176382e-02 7.252259877372407848e-02 1.794660069245111386e-02
1.868713233312126187e-02 -3.496863171509947965e-03 -1.519026916161239117e-02 1.904421768307369353e-02 9.069072341247406965e-02 2.241000797486172869e-02
2.239147142756399075e-02 -4.218646041265736862e-03 -1.817282538629965902e-02 2.283582534409740392e-02 1.088743939695843155e-01 2.686371957080875561e-02
2.608237186149612447e-02 -4.948150487328904779e-03 -2.113422137416887808e-02 2.662150311596800725e-02 1.270739003747346496e-01 3.130752520787000170e-02
2.975869000514604068e-02 -5.685479499199130177e-03 -2.407321050594874237e-02 3.040117107593229978e-02 1.452895394735958523e-01 3.574120796312662413e-02
3.341922155947934375e-02 -6.430732654413205684e-03 -2.698848890506828913e-02 3.417474925359174215e-02 1.635216150515518829e-01 4.016454402159227999e-02
3.706269845605496271e-02 -7.184005459566204788e-03 -2.987869299649113450e-02 3.794215788370335768e-02 1.817704378351315542e-01 4.457730242198319065e-02
