0.000000000000000000e+00 0.000000000000000000e+00 0.000000000000000000e+00 0.000000000000000000e+00
1.557463872758294162e-04 -1.082932585995283973e-03 3.358600757992656269e-04 3.864851839304444397e-03
3.113996756517098375e-04 -2.164432832976184544e-03 6.715458813522931850e-04 7.733022978730221854e-03
4.669598336063069473e-04 -3.244497161939114728e-03 1.007057233296348607e-03 1.160451924762803504e-02
6.224268293079210888e-04 -4.323121980950419933e-03 1.342393947458221572e-03 1.547934649592670568e-02
7.778006306092788121e-04 -5.400303685058117399e-03 1.677555838841483316e-03 1.935751059464507762e-02
9.330812050456090655e-04 -6.476038656209884975e-03 2.012542721622085848e-03 2.323901743604283102e-02
1.088268519832340025e-03 -7.550323263168769172e-03 2.347354409138848082e-03 2.712387293377038072e-02
1.243362541861809138e-03 -8.623153861429496900e-03 2.681990713888148664e-03 3.101208302302255887e-02
1.398363237701582933e-03 -9.694526793133812284e-03 3.016451447518879447e-03 3.490365366069185515e-02
1.553270573591473622e-03 -1.076443838698453066e-02 3.350736420823092511e-03 3.879859082552385846e-02
