0.000000000000000000e+00 0.000000000000000000e+00 0.000000000000000000e+00 0.000000000000000000e+00 0.000000000000000000e+00 0.000000000000000000e+00 0.000000000000000000e+00 0.000000000000000000e+00
1.699189352827929671e-03 6.659969256931296509e-04 -1.425815757524866167e-04 -2.222604709172993753e-03 4.100295059254577268e-03 6.571926504613100073e-03 7.729543853670123484e-03 6.226542228038393564e-03
3.398492665632290091e-03 1.332158534843527059e-03 -2.844933331200701857e-04 -4.446157873867603340e-03 8.200033341309680840e-03 1.314289520399320940e-02 1.545859451024382027e-02 1.245509217024070442e-02
5.097910199102271764e-03 1.998485628547447962e-03 -4.257356853543394718e-04 -6.670660148910503850e-03 1.229921498325554224e-02 1.971290517193130878e-02 2.318714952757481434e-02 1.868565312321724542e-02
6.797442211376302640e-03 2.664979022788816019e-03 -5.663090982102306128e-04 -8.896112142669096445e-03 1.639784011698572005e-02 2.628195545988645451e-02 3.091520647117729226e-02 2.491822833809973978e-02
8.497088960071952357e-03 3.331639550527837682e-03 -7.062140840714567578e-04 -1.112251443333640843e-02 2.049590887381634585e-02 3.285004510959028262e-02 3.864276293283341879e-02 3.115282105005937399e-02
1.019685070213595564e-02 3.998468061870293425e-03 -8.454512027192017699e-04 -1.334986756818375316e-02 2.459342138442553727e-02 3.941717315273726013e-02 4.636981653180703711e-02 3.738943447745753795e-02
1.189672769369157397e-02 4.665465424228863560e-03 -9.840210620714645758e-04 -1.557817206282856651e-02 2.869037777879403575e-02 4.598333861067008255e-02 5.409636491608803277e-02 4.362807182098217551e-02
1.359672018988123711e-02 5.332632522475634282e-03 -1.121924318892553261e-03 -1.780742840052079029e-02 3.278677818614239570e-02 5.254854049405784100e-02 6.182240576365338053e-02 4.986873626276375898e-02
1.529682844470635350e-02 5.999970259085320341e-03 -1.259161679468124954e-03 -2.003763703145004099e-02 3.688262273487075832e-02 5.911277780256871117e-02 6.954793678376224031e-02 5.611143096547673709e-02
1.699705270853364703e-02 6.667479552553342952e-03 -1.395733909128541242e-03 -2.226879835195830562e-02 4.097791154781695033e-02 6.567604951331275365e-02 7.727295570508879718e-02 6.235615903827813195e-02
