0.000000000000000000e+00 0.000000000000000000e+00 0.000000000000000000e+00 0.000000000000000000e+00
9.884147965387573079e-03 -9.884147965387293788e-03 1.175741407302669309e-02 1.256901962702852357e-02
1.984552690862277299e-02 -1.984552690862219013e-02 2.351589976044831526e-02 2.513696763966173642e-02
2.988577402936289096e-02 -2.988577402936198890e-02 3.527548260201730096e-02 3.770381849814751635e-02
4.000658432910267348e-02 -4.000658432910150775e-02 4.703618894907410364e-02 5.026954585114566665e-02
5.020971311698570194e-02 -5.020971311698427253e-02 5.879804599440578011e-02 6.283412250586910275e-02
6.049697857427304565e-02 -6.049697857427131786e-02 7.056108179939148128e-02 7.539752040093887497e-02
7.087026435319605799e-02 -7.087026435319393469e-02 8.232532531669831122e-02 8.795971058368656781e-02
8.133152217476848078e-02 -8.133152217476591339e-02 9.409080640611233726e-02 1.005206631943275641e-01
9.188277437475877996e-02 -9.188277437475601828e-02 1.058575558400523392e-01 1.130803474604423348e-01
1.025261163257474573e-01 -1.025261163257444041e-01 1.176256052939132213e-01 1.256387317066366416e-01
