0.000000000000000000e+00 0.000000000000000000e+00 0.000000000000000000e+00 0.000000000000000000e+00 0.000000000000000000e+00 0.000000000000000000e+00
2.744560004729390545e-03 1.355352478008029307e-04 -2.880095252530080665e-03 6.358154110899196486e-03 1.040054462106092259e-02 7.151501908027661086e-03
5.490946603500470105e-03 2.714284573973817878e-04 -5.762375060897797358e-03 1.271597136410401382e-02 2.080084455280853395e-02 1.430358536306219723e-02
8.239164122543158122e-03 4.076801151980092262e-04 -8.646844237741042882e-03 1.907345511921176157e-02 3.120089284832585144e-02 2.145625395242483149e-02
1.098921689788942731e-02 5.442906771349533684e-04 -1.153350757502423149e-02 2.543060873945052897e-02 4.160068255344440136e-02 2.860951126705471581e-02
1.374110927417837233e-02 6.812605666489750765e-04 -1.442236984082684824e-02 3.178743558936366481e-02 5.200020671106453385e-02 3.576336089950890584e-02
1.649484560342528994e-02 8.185901725707980456e-04 -1.731343577599575231e-02 3.814393903236222572e-02 6.239945836573104754e-02 4.291780644183147697e-02
1.925043024376057316e-02 9.562798468960432945e-04 -2.020671009065616933e-02 4.450012242813541907e-02 7.279843056849030769e-02 5.007285148328639857e-02
2.200786755813209650e-02 1.094329902446313646e-03 -2.310219746057795911e-02 5.085598912991416004e-02 8.319711638203823589e-02 5.722849960794713919e-02
2.476716191297514275e-02 1.232740610417133037e-03 -2.599990252339172414e-02 5.721154248157838546e-02 9.359550888617942932e-02 6.438475439212917872e-02
2.752831767684563169e-02 1.371512197804466027e-03 -2.889982987464947972e-02 6.356678581460012412e-02 1.039936011836157387e-01 7.154161940165863764e-02
