0.000000000000000000e+00 0.000000000000000000e+00 0.000000000000000000e+00 0.000000000000000000e+00 0.000000000000000000e+00 0.000000000000000000e+00 0.000000000000000000e+00 0.000000000000000000e+00 0.000000000000000000e+00 0.000000000000000000e+00
5.932398686983408713e-04 1.724170405484312435e-04 -3.665831882295238781e-06 -1.747807075697349849e-04 -5.747000906518297215e-04 1.965298978507831491e-03 1.142949067447079697e-03 1.131135416037407776e-03 1.114439224131558420e-03 1.892383666505668884e-03
1.186048313217029880e-03 3.448313753054557456e-04 -7.334452263788215811e-06 -3.495588610679866370e-04 -1.148962976976974915e-03 3.931313952877674850e-03 2.285833881281397820e-03 2.262209641362121666e-03 2.228766924862373398e-03 3.785290248995246479e-03
1.778425010218542086e-03 5.172431162335737855e-04 -1.100586437728310022e-05 -5.243345654408877949e-04 -1.722788376721373117e-03 5.898045325982115630e-03 3.428654472037041562e-03 3.393222758259303428e-03 3.342983024281970857e-03 5.678719634405967470e-03
2.370369636050930883e-03 6.896523755488192728e-04 -1.468007146977449560e-05 -6.991079258637319547e-04 -2.296176007491812759e-03 7.865493501412461341e-03 4.571410870435319018e-03 4.524174849237162094e-03 4.457087444270309978e-03 7.572671708630843677e-03
2.961881866752793212e-03 8.620592657224984559e-04 -1.835707680283840877e-05 -8.738790477439342804e-04 -2.869125586756799545e-03 9.833658883511715507e-03 5.714103107391487087e-03 5.655065997035635394e-03 5.571080106499077741e-03 9.467146356520279513e-03
3.552961378052442096e-03 1.034463899482178416e-03 -2.203688365218495670e-05 -1.048648036721101752e-03 -3.441636831846063907e-03 1.180254187737588001e-02 6.856731214018267108e-03 6.785896284627354266e-03 6.684960932431632981e-03 1.136214346187805480e-02
4.143607845367028655e-03 1.206866389812568958e-03 -2.571949530816487360e-05 -1.223414998668217925e-03 -4.013709459950939168e-03 1.377214288885821036e-02 7.999295221625303196e-03 7.916665795216252036e-03 7.798729843321380514e-03 1.325766290745725336e-02
4.733820943801349268e-03 1.379266849955955746e-03 -2.940491507575901780e-05 -1.398180039692158150e-03 -4.585343188123314206e-03 1.574246232457459857e-02 9.141795161720662338e-03 9.047374612241339611e-03 8.912386760211565145e-03 1.515370457495534597e-02
5.323600348146957824e-03 1.551665393412990151e-03 -3.309314627483459420e-05 -1.572943266134251396e-03 -5.156537733276306962e-03 1.771350059190631571e-02 1.028423106601190212e-02 1.017802281937427167e-02 1.002593160393256896e-02 1.705026834500857763e-02
5.912945732881490050e-03 1.724062133943987359e-03 -3.678419223962494728e-05 -1.747704784570670031e-03 -5.727292812183381460e-03 1.968525809900373291e-02 1.142660296640690860e-02 1.130861050052277272e-02 1.113936429510294437e-02 1.894735409718961011e-02
