0.000000000000000000e+00 0.000000000000000000e+00 0.000000000000000000e+00 0.000000000000000000e+00 0.000000000000000000e+00 0.000000000000000000e+00 0.000000000000000000e+00 0.000000000000000000e+00
7.817915956643548870e-05 4.252601391744063788e-04 -7.240768895833878398e-05 -1.119540687769555098e-03 -1.815240476452522375e-04 6.966584166158288141e-04 2.083017533878109631e-03 3.564544111461166905e-03
1.559913669575903360e-04 8.504585696783177650e-04 -1.447346134826185064e-04 -2.237802264432493370e-03 -3.641633136220871520e-04 1.392859863008674703e-03 4.166512385062968310e-03 7.131571633196992846e-03
2.334365702268531551e-04 1.275595300076897819e-03 -2.169805612385596136e-04 -3.354781927026288454e-03 -5.479174136513697549e-04 2.088604035298900503e-03 6.250485752216399481e-03 1.070108153636917248e-02
3.105147177917271678e-04 1.700670340084423126e-03 -2.891453191454378168e-04 -4.470476870155784370e-03 -7.327859604332030317e-04 2.783890630490994285e-03 8.334938839196908214e-03 1.427307276928550979e-02
3.872257584680927414e-04 2.125683700584010249e-03 -3.612286733918184940e-04 -5.584884286021767064e-03 -9.187685636058111468e-04 3.478719346530826078e-03 1.041987285510844775e-02 1.784754425736786304e-02
4.635696414727386895e-04 2.550635393636990506e-03 -4.332304094315763137e-04 -6.698001364439912578e-03 -1.105864829747003550e-03 4.173089882312854340e-03 1.250528901433452765e-02 2.142449490300027404e-02
5.395463164261881089e-04 2.975525432491584778e-03 -5.051503119802847053e-04 -7.809825292860293582e-03 -1.294074362376488718e-03 4.867001937683208997e-03 1.459118853657213367e-02 2.500392358538329821e-02
6.151557333545320909e-04 3.400353831591661474e-03 -5.769881650109617757e-04 -8.920353256386620924e-03 -1.483396761951870412e-03 5.560455213445860551e-03 1.667757264686776930e-02 2.858582916038006697e-02
6.903978426923255713e-04 3.825120606585337944e-03 -6.487437517502357568e-04 -1.002958243779545136e-02 -1.673831625876431818e-03 6.253449411367946117e-03 1.876444257565213977e-02 3.217021046036567383e-02
7.652725952853171344e-04 4.249825774334582175e-03 -7.204168546741543475e-04 -1.113751001755733556e-02 -1.865378548493357722e-03 6.945984234183385890e-03 2.085179955877591862e-02 3.575706629407577469e-02
