0.000000000000000000e+00 0.000000000000000000e+00 0.000000000000000000e+00 0.000000000000000000e+00 0.000000000000000000e+00 0.000000000000000000e+00
4.728681403813615237e-04 2.669218966041979311e-05 -6.266797593810107588e-04 1.525040385855291804e-03 1.132304789553469472e-03 2.131689778779059016e-03
9.445602576577702240e-04 5.364275477332902073e-05 -1.253675775173989336e-03 3.047008981213635871e-03 2.264516572513627923e-03 4.267601560689162840e-03
1.415065792132158985e-03 8.085512354198578881e-05 -1.880997088998274600e-03 4.565854894950474238e-03 3.396635215565332790e-03 6.407787218690778885e-03
1.884373994849443661e-03 1.083327853065854315e-04 -2.508652901343859896e-03 6.081526320888531317e-03 4.528660581092375931e-03 8.552299564011149602e-03
2.352473923196140085e-03 1.360792919714309693e-04 -3.136652575372285163e-03 7.593970516818881328e-03 5.660592527106785184e-03 1.070119236839601855e-02
2.819354436393507746e-03 1.640982594153819708e-04 -3.765005640431051594e-03 9.103133783488421074e-03 6.792430907106140545e-03 1.285452038592802340e-02
3.285004190862412035e-03 1.923933689403181419e-04 -4.393721795662958000e-03 1.060896144302393880e-02 7.924175569926122237e-03 1.501233937544008828e-02
3.749411635460359049e-03 2.209683687591441675e-04 -5.022810913705094173e-03 1.211139781676724529e-02 9.055826359588179872e-03 1.717470612354403056e-02
4.212565006579863970e-03 2.498270755237312494e-04 -5.652283044488900544e-03 1.361038620250635232e-02 1.018738311514272993e-02 1.934167846829138240e-02
4.674452323110894758e-03 2.789733758968050703e-04 -6.282148419137676375e-03 1.510586885108843903e-02 1.131884567050277061e-02 2.151331532349537792e-02
