0.000000000000000000e+00 0.000000000000000000e+00 0.000000000000000000e+00 0.000000000000000000e+00 0.000000000000000000e+00 0.000000000000000000e+00 0.000000000000000000e+00 0.000000000000000000e+00 0.000000000000000000e+00 0.000000000000000000e+00
5.292717309399592703e-04 1.464722656617822351e-04 -2.009756498451688121e-06 -1.483340148579255925e-04 -5.178455156190506703e-04 1.764141660048412080e-03 1.101490003862436087e-03 1.078224682633282822e-03 1.082533837268286059e-03 1.718445423403945236e-03
1.058232180482265947e-03 2.928926728915359485e-04 -4.042619118916237393e-06 -2.966381546296861728e-04 -1.035246878872688034e-03 3.529109339579101275e-03 2.203032962450927716e-03 2.156367999417231011e-03 2.164878537242481259e-03 3.437089522605959319e-03
1.586881971745416611e-03 4.392610905727669865e-04 -6.098890238102145096e-06 -4.449125782030299956e-04 -1.552202982219251168e-03 5.294907594288969337e-03 3.304630538703074577e-03 3.234429952242001433e-03 3.247032427102074150e-03 5.155927932375583243e-03
2.115221742167629464e-03 5.855773851120384989e-04 -8.178877346471919682e-06 -5.931574468976381171e-04 -2.068712703288255218e-03 7.061541057181821082e-03 4.406284424214115987e-03 4.312410542978741858e-03 4.328993805365112003e-03 6.874956210097521621e-03
2.643252143857300653e-03 7.318414203794464242e-04 -1.028289317254415562e-05 -7.413729245233008141e-04 -2.584774904527869458e-03 8.829014440399463037e-03 5.507996339917673248e-03 5.390309773483705283e-03 5.410760941219429354e-03 8.594169833973978878e-03
3.170973843906073168e-03 8.780530576535732715e-04 -1.241125579223862423e-05 -8.895591774319605615e-04 -3.100388432883626876e-03 1.059733253692379806e-02 6.609768036717320397e-03 6.468127645597654060e-03 6.492332073891840527e-03 1.031356420132473022e-02
3.698387524711032031e-03 1.024212155565277496e-03 -1.456428874592244067e-05 -1.037716374572621777e-03 -3.615552119467604821e-03 1.236650022232331329e-02 7.711601296126109097e-03 7.545864161145117432e-03 7.573705412004815701e-03 1.203313462685123847e-02
4.225493884306614351e-03 1.170318570039821171e-03 -1.674232115432238081e-05 -1.185844687544450327e-03 -4.130264779218500298e-03 1.413652245654288195e-02 8.813497930930964258e-03 8.623519321933548892e-03 8.654879132913899376e-03 1.375287634084459802e-02
4.752293636702757673e-03 1.316372154237256328e-03 -1.894568784025258911e-05 -1.333944290655051127e-03 -4.644525210555558274e-03 1.590740428574281481e-02 9.915459785870113507e-03 9.701093129750953947e-03 9.735851382028466380e-03 1.547278448736202038e-02
5.278787512232903725e-03 1.462372758491625171e-03 -2.117472945185860776e-05 -1.482015360977224829e-03 -5.158332195020375564e-03 1.767915084418190258e-02 1.101748873832846844e-02 1.077858558636637411e-02 1.081662027211688880e-02 1.719285412234232424e-02
