0.000000000000000000e+00 0.000000000000000000e+00 0.000000000000000000e+00 0.000000000000000000e+00 0.000000000000000000e+00 0.000000000000000000e+00 0.000000000000000000e+00 0.000000000000000000e+00 0.000000000000000000e+00 0.000000000000000000e+00
1.427030526466445230e-03 -1.977070710005985579e-05 -9.095860321140620489e-05 1.122742697345754308e-04 -1.428575485699231339e-03 4.391761152511009132e-03 5.093676351043427072e-03 4.373755141764374549e-03 5.114911432115480314e-03 4.747975444023056803e-03
2.854149704984113023e-03 -4.049026138535358806e-05 -1.821132887286378097e-04 2.257617140790927810e-04 -2.857307868766385990e-03 8.784258743170994879e-03 1.018683933578013769e-02 8.746028230006631238e-03 1.022934266401951189e-02 9.497690058733234894e-03
4.281357492666822660e-03 -6.215983651656055518e-05 -2.734643489769909234e-04 3.404639614790878031e-04 -4.286197268476561566e-03 1.317749231628799998e-02 1.527948839417806771e-02 1.311681840420614829e-02 1.534329335979570108e-02 1.424914606749056074e-02
5.708653838391176960e-03 -8.478060658586000341e-05 -3.650120769879818070e-04 4.563826402949749950e-04 -5.715243794943303951e-03 1.757146140059325998e-02 2.037162297574530989e-02 1.748612480136971237e-02 2.045676319445189489e-02 1.900234568004142630e-02
7.136038683217089604e-03 -1.083537453274003269e-04 -4.567567668338592176e-04 5.735193809172893379e-04 -7.144447551810447980e-03 2.196616551170650286e-02 2.546324253963584347e-02 2.185394655671372977e-02 2.556975185554669072e-02 2.375729109883711193e-02
8.563511960156533487e-03 -1.328804259807193824e-04 -5.486987136804541681e-04 6.918758158450020145e-04 -8.573808636183927190e-03 2.636160415185627437e-02 3.055434655497406629e-02 2.622028280355808913e-02 3.068225904346333355e-02 2.851398451882053431e-02
9.991073593940618530e-03 -1.583618211508507501e-04 -6.408382138418388958e-04 8.114535797696445767e-04 -1.000332713856703568e-02 3.075777680960214977e-02 3.564493450118336876e-02 3.058513267321839521e-02 3.579428447168539473e-02 3.327242812720992288e-02
1.141872350077964039e-02 -1.847991026649826660e-04 -7.331755648361405059e-04 9.322543096656724267e-04 -1.143300314279902148e-02 3.515468295954440880e-02 4.073500586832319581e-02 3.494849529489608975e-02 4.090582786707704088e-02 3.803262410328021870e-02
1.284646158812143869e-02 -2.121934414260205799e-04 -8.257110654429080602e-04 1.054279644885511508e-03 -1.286283672599799338e-02 3.955232206203015966e-02 4.582456015743213013e-02 3.931036979556634670e-02 4.601688897016754237e-02 4.279457461814158148e-02
1.427428775440415382e-02 -2.405460072622445274e-04 -9.184450157616267513e-04 1.177531227261868069e-03 -1.429282795850662230e-02 4.395069356285456752e-02 5.091359688087871566e-02 4.367075529986315374e-02 5.112746753543842559e-02 4.755828183451332042e-02
