0.000000000000000000e+00 0.000000000000000000e+00 0.000000000000000000e+00 0.000000000000000000e+00 0.000000000000000000e+00 0.000000000000000000e+00 0.000000000000000000e+00 0.000000000000000000e+00 0.000000000000000000e+00 0.000000000000000000e+00
1.183046012758650137e-03 3.879074928059837355e-04 -4.143249281156522975e-04 5.776454044467255709e-04 -1.734273979142947428e-03 2.672701158985067715e-03 5.896152408935696927e-03 6.411969917452177599e-03 5.965179029559160816e-03 4.124445383300359355e-03
2.366266214064975497e-03 7.762021772969173068e-04 -8.301924627785472501e-04 1.158587551163114482e-03 -3.470863476940387604e-03 5.344069230046980500e-03 1.179338752680080329e-02 1.282442295505407254e-02 1.193160606860719196e-02 8.247409990043334457e-03
3.549658065972996403e-03 1.164886642462371023e-03 -1.247612971832339802e-03 1.742847680997039201e-03 -5.209779414739702970e-03 8.014099158154944225e-03 1.769170980928549616e-02 1.923736011570331000e-02 1.789928838451753865e-02 1.236888617517025758e-02
4.733218990542647012e-03 1.553963513338837369e-03 -1.666596951526030500e-03 2.330447262344654494e-03 -6.951032811784388192e-03 1.068278584473241789e-02 2.359112374222652880e-02 2.565078240094772685e-02 2.386823329657869128e-02 1.648886623058377562e-02
5.916946370256248589e-03 1.943435451802820067e-03 -2.087155026879691875e-03 2.921407992618980931e-03 -8.694634784826221069e-03 1.335012415082466666e-02 2.949163384957148928e-02 3.206469081298118917e-02 2.983844817979062689e-02 2.060734239409491367e-02
7.100837547351707829e-03 2.333305156787310927e-03 -2.509297953610906996e-03 3.515751801991533632e-03 -1.044059654948974701e-02 1.601610889652221870e-02 3.539324469389278777e-02 3.847908635465271954e-02 3.580994046559517197e-02 2.472430684874757367e-02
8.284889823146148607e-03 2.723575364471443258e-03 -2.933036620075561186e-03 4.113500857213096482e-03 -1.218892942166650839e-02 1.868073486037542807e-02 4.129596087690906581e-02 4.489397002947728005e-02 4.178271764261550641e-02 2.883975172213275665e-02
9.469100457347856895e-03 3.114248848440537461e-03 -3.358382049222183655e-03 4.714677565518105018e-03 -1.393964481893571368e-02 2.134399677879637511e-02 4.719978704000862835e-02 5.130934284165839659e-02 4.775678725740834657e-02 3.295366908568810038e-02
1.065346666735955163e-02 3.505328419815335536e-03 -3.785345400559998654e-03 5.319304578610617278e-03 -1.569275426201547502e-02 2.400588934545066708e-02 5.310472786478030727e-02 5.772520579611269825e-02 5.373215691522470472e-02 3.706605095398896044e-02
1.183798562756904760e-02 3.896816927346255770e-03 -4.213937972137590110e-03 5.927404796738151849e-03 -1.744826937624287602e-02 2.666640721063813502e-02 5.901078807354744743e-02 6.414155989850460482e-02 5.970883428078591071e-02 4.117688928402385429e-02
