0.000000000000000000e+00 0.000000000000000000e+00 0.000000000000000000e+00 0.000000000000000000e+00 0.000000000000000000e+00 0.000000000000000000e+00
4.608827683800124182e-04 -4.123661001726154033e-05 -5.734780071205442670e-04 1.560909261414487577e-03 1.134863267108208009e-03 2.176474402208250069e-03
9.214459686208168127e-04 -8.255224922261860819e-05 -1.146414295178168046e-03 3.122262549075122389e-03 2.269582258507209585e-03 4.354131121826456709e-03
1.381689356504189631e-03 -1.239470352011056320e-04 -1.718808055106628300e-03 4.684060119894304861e-03 3.404156830717747825e-03 6.532971793872612010e-03
1.841612687407209129e-03 -1.654210859221296685e-04 -2.290658475715595058e-03 6.246302231124394380e-03 4.538586839907970266e-03 8.712998058183997127e-03
2.301215716301977052e-03 -2.069745197419181647e-04 -2.861964743680132928e-03 7.808989140370008707e-03 5.672872141897611527e-03 1.089421155947397843e-02
2.760498197753652114e-03 -2.486074554063448234e-04 -3.432726043532566534e-03 9.372121105587277387e-03 6.807012592155246150e-03 1.307661394735751964e-02
3.219459885919123687e-03 -2.903200120526791116e-04 -4.002941557652647461e-03 1.093569838508604355e-02 7.941008045799478193e-03 1.526020687637739091e-02
3.678100534546012174e-03 -3.321123092120684605e-04 -4.572610466257846090e-03 1.249972123752937647e-02 9.074858357593130337e-03 1.744499200603048458e-02
4.136419896970689250e-03 -3.739844668123863832e-04 -5.141731947394618564e-03 1.406418992193506426e-02 1.020856338194464988e-02 1.963097100079541982e-02
4.594417726116812456e-03 -4.159366051796534571e-04 -5.710305176928151538e-03 1.562910469767731306e-02 1.134212297290472342e-02 2.181814553015738734e-02
