0.000000000000000000e+00 0.000000000000000000e+00 0.000000000000000000e+00 0.000000000000000000e+00 0.000000000000000000e+00 0.000000000000000000e+00 0.000000000000000000e+00 0.000000000000000000e+00 0.000000000000000000e+00 0.000000000000000000e+00
7.431472241112301079e-04 -2.738057994120362336e-05 1.586311049583203074e-04 -1.173226129029726362e-04 -6.018701036842854504e-04 3.100048128169796604e-03 1.171628873770553820e-03 3.139947930406811953e-04 1.216288345164098740e-03 2.730556577417517315e-03
1.485466663996434832e-03 -5.459416844376543216e-05 3.172490190876942322e-04 -2.347629396639703994e-04 -1.203023042676436283e-03 6.201680750655488503e-03 2.343127422752276732e-03 6.278656456786097743e-04 2.432443173064364333e-03 5.462503341829643214e-03
2.226956525839471346e-03 -8.164060676393241711e-05 4.758537180330703787e-04 -3.523210906071013609e-04 -1.803457247853990867e-03 9.304900655341449139e-03 3.514495584292059473e-03 9.416125319101113170e-04 3.648464382168981925e-03 8.195842688612009486e-03
2.967615008159324615e-03 -1.085197354969933423e-04 6.344451774392008934e-04 -4.699971766422839634e-04 -2.403171143585053088e-03 1.240971064107245121e-02 4.685733295342582073e-03 1.255235425668945132e-03 4.864351870542065782e-03 1.093057702227100136e-02
3.707440301712959952e-03 -1.352313945647293117e-04 7.930233729502610737e-04 -5.877913092752878313e-04 -3.002163147654134112e-03 1.551611351795913196e-02 5.856840492465487970e-03 1.568734300824672261e-03 6.080105535850471345e-03 1.366670875664952392e-02
4.446430589441233150e-03 -1.617754232099899089e-04 9.515882802108850506e-04 -7.057036006119379130e-04 -3.600431671216990700e-03 1.862411210746105564e-02 7.027817111826422693e-03 1.882109131183496006e-03 7.295725275357147106e-03 1.640424031499351093e-02
5.184584046411730256e-03 -1.881516599911676015e-04 1.110139874865167728e-03 -8.237341633626975128e-04 -4.197975118756275270e-03 2.173370924246830621e-02 8.198663089192526759e-03 2.195359890487207869e-03 8.511210985921778202e-03 1.914317413001566381e-02
5.921898839762499214e-03 -2.143599427756057781e-04 1.268678132557642026e-03 -9.418831108482903121e-04 -4.794791888036917075e-03 2.484490776738454421e-02 9.369378359926926192e-03 2.508486552411539564e-03 9.726562563994975083e-03 2.188351264396270340e-02
6.658373128644760192e-03 -2.404001087343201205e-04 1.427203028932866888e-03 -1.060150557004058700e-03 -5.390880370060187159e-03 2.795771053821125007e-02 1.053996285898645656e-02 2.821489090567056834e-03 1.094177990561669665e-02 2.462525830868134841e-02
7.394005064165412935e-03 -2.662719943358146939e-04 1.585714539635581233e-03 -1.178536616384701086e-03 -5.986238949017911627e-03 3.107212042263109153e-02 1.171041652091758117e-02 3.134367478497507992e-03 1.215686290641363604e-02 2.736841358568630617e-02
