0.000000000000000000e+00 0.000000000000000000e+00 0.000000000000000000e+00 0.000000000000000000e+00 0.000000000000000000e+00 0.000000000000000000e+00 0.000000000000000000e+00 0.000000000000000000e+00 0.000000000000000000e+00 0.000000000000000000e+00
1.531055735614631841e-03 5.496250303136814529e-04 2.136662177761700868e-05 -5.173864916845764047e-04 -1.584660893034427328e-03 4.025242471499300596e-03 5.282611096502911989e-03 5.472351766842220230e-03 5.439250603096490791e-03 4.227543583082335292e-03
3.061918305054399554e-03 1.099251036223815705e-03 4.296819205925586811e-05 -1.034365784426033007e-03 -3.169771745894964764e-03 8.049902926535672243e-03 1.056397565851869245e-02 1.094425373064402719e-02 1.087898889672853781e-02 8.456877827277553550e-03
4.592582575779535596e-03 1.648880864363051323e-03 6.480809978404774435e-05 -1.550934686230288646e-03 -4.755336850649677198e-03 1.207396453103231487e-02 1.584408061863259651e-02 1.641570580656553924e-02 1.631922758188599637e-02 1.268802002026882259e-02
6.123043317222728876e-03 2.198517410699030433e-03 8.688980199209094327e-05 -2.067089945028467192e-03 -6.341360581808196117e-03 1.609741011826198651e-02 2.112291266166473405e-02 2.188670791572114652e-02 2.175997961060984615e-02 1.692098777080569202e-02
7.653295199304900771e-03 2.748163621697451847e-03 1.092168258817302791e-04 -2.582828245240194158e-03 -7.927847398535452922e-03 2.012022218038656343e-02 2.640045821994123007e-02 2.735725998633072725e-02 2.720125819165438927e-02 2.115579901742762128e-02
9.183332790131323864e-03 3.297822495443970738e-03 1.317927706151326202e-04 -3.098146206300522211e-03 -9.514801846750374492e-03 2.414238286018837235e-02 3.167670346716463387e-02 3.282736195384111655e-02 3.264307679665731654e-02 2.539247203656543744e-02
1.071315055362257601e-02 3.847497082798280888e-03 1.546213091805754246e-04 -3.613040381142877764e-03 -1.110222856128681435e-02 2.816387394255469995e-02 3.695163431210787830e-02 3.829701376105089372e-02 3.808544916648813616e-02 2.963102545088898421e-02
1.224274284707727728e-02 4.397190488583246383e-03 1.777061903090811253e-04 -4.127507254644243936e-03 -1.269013226812120039e-02 3.218467684571877513e-02 4.222523639212046043e-02 4.376621535823359277e-02 4.352838931778806736e-02 3.387147823790283979e-02
1.377210391866698011e-02 4.946905872808235113e-03 2.010512404497849168e-04 -4.641543242024401966e-03 -1.427851778666305166e-02 3.620477261223900567e-02 4.749749506644080493e-02 4.923496670326191205e-02 4.897191154969837701e-02 3.811384973879544669e-02
1.530122790485817161e-02 5.496646451930643079e-03 2.246603658053857727e-04 -5.155144687203619056e-03 -1.586739003211955906e-02 4.022414189971082465e-02 5.276839540931448774e-02 5.470326776173362049e-02 5.441603045078913237e-02 4.235815966755782785e-02
