0.000000000000000000e+00 0.000000000000000000e+00 0.000000000000000000e+00 0.000000000000000000e+00 0.000000000000000000e+00 0.000000000000000000e+00 0.000000000000000000e+00 0.000000000000000000e+00
2.697660652708974271e-03 -2.722256610531251144e-03 2.825275883409926296e-03 -2.800679925587487226e-03 6.812003916936191540e-03 5.399266492309253915e-03 5.601618907447369032e-03 6.598852800269235097e-03
5.403824213152019253e-03 -5.459794094038039960e-03 5.665695219157595823e-03 -5.609725338271594197e-03 1.362121348108854407e-02 1.080119998901481887e-02 1.120653239807221750e-02 1.319453836574842331e-02
8.118564869447543464e-03 -8.212783657714323518e-03 8.521422051401468870e-03 -8.427203263134685346e-03 2.042758631924140866e-02 1.620583936482229703e-02 1.681479013969411004e-02 1.978701052712791841e-02
1.084195789802397565e-02 -1.098139978635504291e-02 1.139262352394401594e-02 -1.125318163561287582e-02 2.723107920068185486e-02 2.161322426094799964e-02 2.242644281513479429e-02 2.637622219108343852e-02
1.357407968764733769e-02 -1.376582033663212648e-02 1.427946997175169944e-02 -1.408772932276679268e-02 3.403164800918744015e-02 2.702339511016219747e-02 2.804154215508699449e-02 3.296212531037374938e-02
1.631500776448777112e-02 -1.656622663521448505e-02 1.718213501627512477e-02 -1.693091614554824431e-02 4.082924771388994623e-02 3.243639316281519275e-02 3.366014097240748598e-02 3.954467085265961357e-02
1.906482081832343994e-02 -1.938280358095772690e-02 2.010079566477083329e-02 -1.978281290213629307e-02 4.762383233895932377e-02 3.785226051388946439e-02 3.928229319791519403e-02 4.612380876797010643e-02
2.182359872999067515e-02 -2.221573975141091437e-02 2.303563241384334534e-02 -2.264349139242300898e-02 5.441535493204543300e-02 4.327104013112892389e-02 4.490805391778368572e-02 5.269948795473836795e-02
2.459142260020238599e-02 -2.506522751390756476e-02 2.598682935743977865e-02 -2.551302444373445416e-02 6.120376753140580744e-02 4.869277588430301340e-02 5.053747941262237003e-02 5.927165622432689629e-02
2.736837477987079728e-02 -2.793146314153719528e-02 2.895457429954673492e-02 -2.839148593788009406e-02 6.798902113164539962e-02 5.411751257567012918e-02 5.617062719835171081e-02 6.584026026395276010e-02
