0.000000000000000000e+00 0.000000000000000000e+00 0.000000000000000000e+00 0.000000000000000000e+00
5.051534959580891194e-03 -5.051534959580957114e-03 1.337207237938098890e-02 1.125297669518322830e-02
1.011156734152465243e-02 -1.011156734152452059e-02 2.675889004119276493e-02 2.249120810793506925e-02
1.518011913428163329e-02 -1.518011913428158471e-02 4.016071470768924068e-02 3.371443251600290958e-02
2.025721201587523182e-02 -2.025721201587508957e-02 5.357781445900515471e-02 4.492238183925074263e-02
2.534286731498091097e-02 -2.534286731498088668e-02 6.701046392635766347e-02 5.611478144646256383e-02
3.043710596956958683e-02 -3.043710596956933356e-02 8.045894449190608977e-02 6.729134995547791931e-02
3.553994848301735704e-02 -3.553994848301717663e-02 9.392354449551648665e-02 7.845179902643209524e-02
4.065141487758847788e-02 -4.065141487758835992e-02 1.074045594486655875e-01 8.959583314784679009e-02
4.577152464520033159e-02 -4.577152464520019282e-02 1.209022922557352192e-01 1.007231494153411899e-01
5.090029669538841811e-02 -5.090029669538822382e-02 1.344170534429546260e-01 1.118334373026858564e-01
