0.000000000000000000e+00 0.000000000000000000e+00 0.000000000000000000e+00 0.000000000000000000e+00 0.000000000000000000e+00 0.000000000000000000e+00 0.000000000000000000e+00 0.000000000000000000e+00
1.499771664577075124e-04 2.408554483779065507e-04 -2.298865923131359853e-05 -9.519115773393451146e-04 2.058215693161094670e-04 6.588329380489566910e-04 1.536141736824792135e-03 3.397027878275736372e-03
2.990011569737541100e-04 4.816951229680289091e-04 -4.581769005746354803e-05 -1.903308730592677758e-03 4.081036477714139205e-04 1.316748062109095174e-03 3.072892717492437670e-03 6.799351640722899569e-03
4.470698498398828990e-04 7.225184043781948933e-04 -6.848657616878391541e-05 -2.854187646062560438e-03 6.068374635969448405e-04 1.973743117142158846e-03 4.610253942523823666e-03 1.020698557799683444e-02
5.941811121852622144e-04 9.633246697528998360e-04 -9.099479885919369709e-05 -3.804544487497324608e-03 8.020142276326315848e-04 2.629815839900628838e-03 6.148226413235729181e-03 1.361994402930763633e-02
7.403328002661947954e-04 1.204113292686503000e-03 -1.133418370760527175e-04 -4.754375395903270157e-03 9.936251342041067455e-04 3.284963959198942181e-03 7.686811131545339716e-03 1.703824138195744395e-02
8.855227593990947377e-04 1.444883643204844959e-03 -1.355271674090737508e-04 -5.703676489411134420e-03 1.181661361092539199e-03 3.939185195875686760e-03 9.226009099969770602e-03 2.046189207154215303e-02
1.029748823893934231e-03 1.685635087748592028e-03 -1.575502640801633978e-04 -6.652443863142020603e-03 1.366114069502094054e-03 4.592477262759845323e-03 1.076582132161854957e-02 2.389091058215762550e-02
1.173008816986556655e-03 1.926366989153549319e-03 -1.794105989320953442e-04 -7.600673589072844821e-03 1.546974404029187282e-03 5.244837864633105154e-03 1.230624880019304083e-02 2.732531144660459155e-02
1.315300550771126989e-03 2.167078706633462481e-03 -2.011076414181747155e-04 -8.548361715900027608e-03 1.724233492629929617e-03 5.896264698194412027e-03 1.384729253998199378e-02 3.076510924659571142e-02
1.456621826131603188e-03 2.407769595761812421e-03 -2.226408585908464736e-04 -9.495504268902929534e-03 1.897882446587798250e-03 6.546755452022249948e-03 1.538895354585827734e-02 3.421031861296212895e-02
