0.000000000000000000e+00 0.000000000000000000e+00 0.000000000000000000e+00 0.000000000000000000e+00 0.000000000000000000e+00 0.000000000000000000e+00 0.000000000000000000e+00 0.000000000000000000e+00
9.413830896895446459e-05 2.251112357374042948e-04 2.857206646655176712e-06 -9.120458352983260584e-04 -7.175009434392620142e-07 7.781121345612621639e-04 1.527040924071041165e-03 3.310754568841022850e-03
1.881938649727819769e-04 4.501241951985048093e-04 5.556903106876534410e-06 -1.823005025714677504e-03 -1.643863711201529274e-06 1.556155166743732358e-03 3.053709117240413062e-03 6.624076990443355378e-03
2.821666209911726365e-04 6.750387870723040164e-04 8.098605933895228361e-06 -2.732875140576296324e-03 -2.779178609623286883e-06 2.334129050245843402e-03 4.580003950761544172e-03 9.939971629516279952e-03
3.760565297393519859e-04 8.998549195703151385e-04 1.048182987581188893e-05 -3.641653740899946767e-03 -4.123536480551596935e-06 3.112033738466870279e-03 6.105924793950211552e-03 1.325844286541794266e-02
4.698635436652798931e-04 1.124572500418803732e-03 1.270608784764058799e-05 -4.549338379340419312e-03 -5.677028708340012980e-06 3.889869184506576909e-03 7.631471014175412494e-03 1.657949509245852660e-02
5.635876149483798120e-04 1.349191436855687711e-03 1.477089091970487127e-05 -5.455926600142490222e-03 -7.439747222957250237e-06 4.667635341164161865e-03 9.156641976845498673e-03 1.990313271999330155e-02
6.572286954968815931e-04 1.573711635626726373e-03 1.667574830579979695e-05 -6.361415939093218591e-03 -9.411784504280726142e-06 5.445332160933545780e-03 1.068143704539475936e-02 2.322936017251775800e-02
7.507867369473707805e-04 1.798133002981453128e-03 1.842016735088110123e-05 -7.265803923474154283e-03 -1.159323358798651407e-05 6.222959596003986744e-03 1.220585558127090624e-02 2.655818188976159788e-02
8.442616906618233188e-04 2.022455444669711468e-03 2.000365351952238392e-05 -8.169088072011606444e-03 -1.398418806608937425e-05 7.000517598256676341e-03 1.372989694392026845e-02 2.988960232678489898e-02
9.376535077262917713e-04 2.246678865937834241e-03 2.142571038265612726e-05 -9.071265894828688808e-03 -1.658474209450803196e-05 7.778006119261580281e-03 1.525356049077458177e-02 3.322362595407517272e-02
