0.000000000000000000e+00 0.000000000000000000e+00 0.000000000000000000e+00 0.000000000000000000e+00
3.209952929040908731e-04 -8.135501927120106442e-04 7.215713129868953600e-04 2.551832641748452528e-03
6.417165988965285815e-04 -1.626411110849444990e-03 1.442471441118414873e-03 5.104891992608088028e-03
9.621640246865646945e-04 -2.438581783423387356e-03 2.162699817783633044e-03 7.659178017482197107e-03
1.282337677119060187e-03 -3.250061238596962335e-03 2.882255876989744513e-03 1.021469067788136759e-02
1.602237663182833581e-03 -4.060848503693623851e-03 3.601139053384809323e-03 1.277142993195568357e-02
1.921864090010135754e-03 -4.870942605196710955e-03 4.319348782257169395e-03 1.532939573448380798e-02
2.241217064875971991e-03 -5.680342568750463943e-03 5.036884499538657987e-03 1.788858803685886012e-02
2.560296695198002563e-03 -6.489047419160768118e-03 5.753745641804149970e-03 2.044900678707495256e-02
2.879103088536086492e-03 -7.297056180395178511e-03 6.469931646273120035e-03 2.301065192971517293e-02
3.197636352591145745e-03 -8.104367875583877445e-03 7.185441950813091332e-03 2.557352340593813111e-02
