0.000000000000000000e+00 0.000000000000000000e+00 0.000000000000000000e+00 0.000000000000000000e+00 0.000000000000000000e+00 0.000000000000000000e+00 0.000000000000000000e+00 0.000000000000000000e+00
3.308002209935574016e-04 1.373308544529729634e-04 -2.720926091806740815e-05 -7.383960396656463060e-04 9.850366766587207064e-04 8.922878693109598768e-04 1.338808323913919483e-03 2.609668584059850280e-03
6.608501309508313859e-04 2.746503437062999473e-04 -5.425917009426810776e-05 -1.476566982745427040e-03 1.967842471360828002e-03 1.783923911793378189e-03 2.678055892251340452e-03 5.222710879241729970e-03
9.901482012399142121e-04 4.119583435239208727e-04 -8.114926463197841798e-05 -2.214512098700814960e-03 2.948407587004295109e-03 2.674906040480875061e-03 4.017744368703748264e-03 7.839138244675103798e-03
1.318692893868637526e-03 5.492547285971653443e-04 -1.078790788215596189e-04 -2.952230651076512280e-03 3.926722180034708173e-03 3.565232157415830147e-03 5.357875424803038890e-03 1.045896209712752871e-02
1.646482661485674506e-03 6.865393725424437333e-04 -1.344481441376447562e-04 -3.689721897517731983e-03 4.902776360249935968e-03 4.454900153622184771e-03 6.698450739985429593e-03 1.308219391147096011e-02
1.973515947298936681e-03 8.238121478921781515e-04 -1.608559892170282821e-04 -4.426985089718177800e-03 5.876560190501820338e-03 5.343907909027780304e-03 8.039472001640873833e-03 1.570884522107417886e-02
2.299791184993830399e-03 9.610729260861727982e-04 -1.871021398363254874e-04 -5.164019473367566226e-03 6.848063686402252465e-03 6.232253292386312309e-03 9.380940905167061902e-03 1.833892761819803235e-02
2.625306798650209328e-03 1.098321577462873068e-03 -2.131861188899958587e-04 -5.900824288098631583e-03 7.817276816022128080e-03 7.119934161199660029e-03 1.072285915402121197e-02 2.097245275439417467e-02
2.950061202658446364e-03 1.235557971249769821e-03 -2.391074463664109146e-04 -6.637398767434294147e-03 8.784189499589827380e-03 8.006948361636677045e-03 1.206522845977385169e-02 2.360943234091069515e-02
3.274052801635622852e-03 1.372781975554872996e-03 -2.648656393261408890e-04 -7.373742138732935700e-03 9.748791609184978210e-03 8.893293728454773964e-03 1.340805054216120777e-02 2.624987814909581288e-02
