0.000000000000000000e+00 0.000000000000000000e+00 0.000000000000000000e+00 0.000000000000000000e+00 0.000000000000000000e+00 0.000000000000000000e+00 0.000000000000000000e+00 0.000000000000000000e+00
7.742524885175175757e-05 4.134290855192679793e-04 -1.072642962392887368e-04 -7.274824376377947086e-04 -3.651901253119375760e-04 1.300950448809457200e-03 1.883849707076712008e-03 1.843875700349345819e-03
1.547023884472111888e-04 8.269071379246703719e-04 -2.144196564250670344e-04 -1.454534603192320693e-03 -7.307006894157570473e-04 2.601963115456444858e-03 3.767715111412413189e-03 3.687808143940627531e-03
2.318313577057844231e-04 1.240434247733808839e-03 -3.214659054840764444e-04 -2.181156492451934333e-03 -1.096531560701016631e-03 3.903038086664734150e-03 5.651596048075631200e-03 5.531796417131465936e-03
3.088120955245423206e-04 1.654010505637328911e-03 -4.284028680661766480e-04 -2.907348101808903025e-03 -1.462682607502320022e-03 5.204175449365921330e-03 7.535492351665333544e-03 7.375839604507916300e-03
3.856445407824342776e-04 2.067636002501851023e-03 -5.352303685392290110e-04 -3.633109428270555122e-03 -1.829153698096860946e-03 6.505375290713648340e-03 9.419403856333712077e-03 9.219936788918803305e-03
4.623286323397539322e-04 2.481310829369474599e-03 -6.419482309882183942e-04 -4.358440469460300379e-03 -2.195944700704034747e-03 7.806637698082456375e-03 1.130333039578552967e-02 1.106408705147288001e-02
5.388643090380231546e-04 2.895035077459101863e-03 -7.485562792143000575e-04 -5.083341223618934035e-03 -2.563055483488865111e-03 9.107962759070697620e-03 1.318727180327603637e-02 1.290828947153526557e-02
6.152515097000184471e-04 3.308808838166370832e-03 -8.550543367345164129e-04 -5.807811689604556148e-03 -2.930485914561166850e-03 1.040935056149904642e-02 1.507122791161238061e-02 1.475254312672136248e-02
6.914901731289309047e-04 3.722632203064136711e-03 -9.614422267802211902e-04 -6.531851866894565657e-03 -3.298235861976851063e-03 1.171080119341280819e-02 1.695519855315187618e-02 1.659684709289626844e-02
7.675802381086544498e-04 4.136505263902853953e-03 -1.067719772296819988e-03 -7.255461755585821716e-03 -3.666305193738692535e-03 1.301231474308064961e-02 1.883918355980037859e-02 1.844120044416738477e-02
