0.000000000000000000e+00 0.000000000000000000e+00 0.000000000000000000e+00 0.000000000000000000e+00 0.000000000000000000e+00 0.000000000000000000e+00 0.000000000000000000e+00 0.000000000000000000e+00
1.802398121683710611e-03 -3.557457342557419585e-04 3.152708038630003436e-04 -1.761923193404079518e-03 5.950721868700896769e-03 6.815440255922135780e-03 6.665645428925588180e-03 6.160726035288953233e-03
3.605173206051858446e-03 -7.134257379162222204e-04 6.324908698847139408e-04 -3.524238340144796294e-03 1.190291506528440464e-02 1.362907768840946818e-02 1.332927716259660333e-02 1.232379720244851894e-02
5.408325924658141139e-03 -1.073045422036928527e-03 9.516654043031280621e-04 -5.286945909055982759e-03 1.785658076680526202e-02 2.044090963321412366e-02 1.999089248720451947e-02 1.848921776138271952e-02
7.211856944666656527e-03 -1.434610221951549813e-03 1.272799626175170765e-03 -7.050046351024503652e-03 2.381172012936471141e-02 2.725093341066164854e-02 2.665048869693282391e-02 2.465699194147806528e-02
9.015766930593017286e-03 -1.798125597651815000e-03 1.595898772331507450e-03 -8.813540107404461976e-03 2.976833429710478915e-02 3.405914634035744903e-02 3.330806310855818908e-02 3.082712396221098244e-02
1.082005654383770728e-02 -2.163597033539753616e-03 1.920968097389749371e-03 -1.057742760981197905e-02 3.572642440196346914e-02 4.086554574122227418e-02 3.996361306213726955e-02 3.699961803266401533e-02
1.262472644220109970e-02 -2.531030038158199776e-03 2.248012873774218531e-03 -1.234170927992836800e-02 4.168599156342901735e-02 4.767012893153281528e-02 4.661713592170930315e-02 4.317447835103174758e-02
1.442977727937672962e-02 -2.900430143899595647e-03 2.577038391743826859e-03 -1.410638552931316701e-02 4.764703688828471340e-02 5.447289322896512603e-02 5.326862907601338792e-02 4.935170910411450229e-02
1.623520970442459202e-02 -3.271802906693238155e-03 2.908049959428182958e-03 -1.587145675922620527e-02 5.360956147034941222e-02 6.127383595064205685e-02 5.991808993922098647e-02 5.553131446679739069e-02
1.804102436122066722e-02 -3.645153905667561280e-03 3.241052902873395314e-03 -1.763692336046057338e-02 5.957356639020873479e-02 6.807295441318736429e-02 6.656551595168681834e-02 6.171329860151513608e-02
