0.000000000000000000e+00 0.000000000000000000e+00 0.000000000000000000e+00 0.000000000000000000e+00 0.000000000000000000e+00 0.000000000000000000e+00 0.000000000000000000e+00 0.000000000000000000e+00
2.068438487565157653e-03 -6.443470915806577461e-04 -6.043415635414322619e-05 -1.363657239630262571e-03 4.888250017517074830e-03 7.020340818857129586e-03 8.529923114781508969e-03 2.528293599724851844e-03
4.140743758047474299e-03 -1.293910700587008224e-03 -1.196042129683948067e-04 -2.727228844492010987e-03 9.774042641106553408e-03 1.404363929393641700e-02 1.706091903667548287e-02 5.055014130043103057e-03
6.216939059529573430e-03 -1.948740940202524797e-03 -1.774919008563340811e-04 -4.090706218470570137e-03 1.465735762076346253e-02 2.106992427191094544e-02 2.559298533801105530e-02 7.580155421956702097e-03
8.297047935308896408e-03 -2.608888664350732592e-03 -2.340786200963336332e-04 -5.454080650861677960e-03 1.953817444851235069e-02 2.809922499904736123e-02 3.412611950134819550e-02 1.010371125461513413e-02
1.038109423034424238e-02 -3.274405483632126732e-03 -2.893454322239266685e-04 -6.817343314488180303e-03 2.441647235253017675e-02 3.513157113060225156e-02 4.266031891655280850e-02 1.262567535471843978e-02
1.246910209797419573e-02 -3.945343781751160794e-03 -3.432730524624560964e-04 -8.180485263760332512e-03 2.929223029110925025e-02 4.216699274048110735e-02 5.119558087778658395e-02 1.514604139590741000e-02
1.456109600692378180e-02 -4.621756732457670339e-03 -3.958418417905002276e-04 -9.543497432675358827e-03 3.416542694644895961e-02 4.920552033116682572e-02 5.973190258041037592e-02 1.766480299813921392e-02
1.665710074862444129e-02 -5.303698317025824782e-03 -4.470317988450713334e-04 -1.090637063275320950e-02 3.903604071827312949e-02 5.624718484392800255e-02 6.826928111779530239e-02 2.018195372704943008e-02
1.875714144486607601e-02 -5.991223342298963861e-03 -4.968225516602722130e-04 -1.226909555090637677e-02 4.390404971726618449e-02 6.329201766931687179e-02 7.680771347804267457e-02 2.269748709330070280e-02
2.086124355580918840e-02 -6.684387459329138928e-03 -5.451933492409827275e-04 -1.363166274723855674e-02 4.876943175831729288e-02 7.034005065797148404e-02 8.534719654060649030e-02 2.521139655191213108e-02
