0.000000000000000000e+00 0.000000000000000000e+00 0.000000000000000000e+00 0.000000000000000000e+00 0.000000000000000000e+00 0.000000000000000000e+00 0.000000000000000000e+00 0.000000000000000000e+00
4.775955745167691571e-04 2.332223140821914047e-04 -2.099559163977486240e-04 -5.733913340439977845e-04 1.353725195815230417e-03 1.175894549481085877e-03 1.270071073122361902e-03 1.752003079807617136e-03
9.548779311610693923e-04 4.665030269082582844e-04 -4.199867285547308812e-04 -1.146394783417965064e-03 2.707356918992359380e-03 2.351832068588706644e-03 2.540211587354920461e-03 3.504400871246175862e-03
1.431847050042106290e-03 6.998422069629526340e-04 -6.300925258443424186e-04 -1.719010117712118030e-03 4.060894501063192462e-03 3.527812687163906034e-03 3.810421701032652968e-03 5.257193138752507162e-03
1.908502911536212251e-03 9.332399228558128056e-04 -8.402733977622920672e-04 -2.291237106510980812e-03 5.414337272639964393e-03 4.703836535195298971e-03 5.080701572718342336e-03 7.010379645885667609e-03
2.384845496290233322e-03 1.166696243322911568e-03 -1.050529433928910515e-03 -2.863075519395665881e-03 6.767684563427338144e-03 5.879903742826722568e-03 6.351051361206808306e-03 8.763960155339374503e-03
2.860874785221908558e-03 1.400211237227311526e-03 -1.260860724089360885e-03 -3.434525125943719333e-03 8.120935702221054875e-03 7.056014440357133780e-03 7.621471225526505779e-03 1.051793442893790564e-02
3.336590759519844542e-03 1.633784973559568787e-03 -1.471267358114252939e-03 -4.005585695729899781e-03 9.474090016905873518e-03 8.232168758242095624e-03 8.891961324939447187e-03 1.227230222763719784e-02
3.811993400644059660e-03 1.867417521437642752e-03 -1.681749425999548965e-03 -4.576256998325733613e-03 1.082714683445559073e-02 9.408366827091254464e-03 1.016252181894231922e-02 1.402706331151947795e-02
4.287082690326448134e-03 2.101108950107746353e-03 -1.892307017867408915e-03 -5.146538803300100898e-03 1.218010548093076753e-02 1.058460877767202456e-02 1.143315286726750458e-02 1.578221743979267566e-02
4.761858610570619994e-03 2.334859328944734625e-03 -2.102940223965962720e-03 -5.716430880219150815e-03 1.353296528147733893e-02 1.176089474090849171e-02 1.270385462988247657e-02 1.753776437078752304e-02
