0.000000000000000000e+00 0.000000000000000000e+00 0.000000000000000000e+00 0.000000000000000000e+00 0.000000000000000000e+00 0.000000000000000000e+00 0.000000000000000000e+00 0.000000000000000000e+00 0.000000000000000000e+00 0.000000000000000000e+00
5.004191579208502189e-04 1.699917740499995043e-04 6.915227351810491194e-06 -1.947631872513486823e-04 -5.600043852877183018e-04 1.445217000561304201e-03 1.071223744840651233e-03 1.289701827222132242e-03 1.108659242784113246e-03 1.945295311323505267e-03
1.000594391851931161e-03 3.399341894997317854e-04 1.382111120759717284e-05 -3.895540644946596308e-04 -1.119591073116416209e-03 2.890637372945165356e-03 2.142381209662366087e-03 2.579364205148138283e-03 2.217143529163561038e-03 3.891358850255144646e-03
1.500525655174593130e-03 5.098272146849322896e-04 2.071764600434198455e-05 -5.843727178122838910e-04 -1.678759656856493830e-03 4.336260937698972924e-03 3.213472372446243754e-03 3.868987090143819006e-03 3.325452749382893421e-03 5.838191150058300374e-03
2.000212901371346830e-03 6.796708178844923943e-04 2.760482616825032663e-05 -7.792192334278966355e-04 -2.237509729256818933e-03 5.782087514851028988e-03 4.284497211174930799e-03 5.158570438469876202e-03 4.433586793641132624e-03 7.785792744523093931e-03
2.499656084027720385e-03 8.494649673205846054e-04 3.448264611461416938e-05 -9.740936977078738833e-04 -2.795840882443668008e-03 7.228116923919913374e-03 5.355455703836066970e-03 6.448114206286841357e-03 5.541545552096445969e-03 9.734164167988919661e-03
2.998855156832695625e-03 1.019209631158820607e-03 4.135110024788505722e-05 -1.168996197161602637e-03 -3.353752707919021355e-03 8.674348983912004082e-03 6.426347828423321050e-03 7.737618349656942215e-03 6.649328914868930102e-03 1.168330595534508923e-02
3.497810073578710034e-03 1.188904777507609036e-03 4.821018296145718348e-05 -1.363926818441688234e-03 -3.911244796559213907e-03 1.012078351332128777e-02 7.497173562935705200e-03 9.027082824543451386e-03 7.756936772038471213e-03 1.363321864203279749e-02
3.996520788162283636e-03 1.358550374418053455e-03 5.505988863774120091e-05 -1.558885648344233857e-03 -4.468316738613173182e-03 1.156742033012745328e-02 8.567932885379016955e-03 1.031650758680989835e-02 8.864369013646089882e-03 1.558390276404479635e-02
4.494987254583760958e-03 1.528146389883968618e-03 6.190021164826956207e-05 -1.753872773809488994e-03 -5.024968123700742674e-03 1.301425925179440155e-02 9.638625773764316132e-03 1.160589259221939465e-02 9.971625529692789217e-03 1.753535885792855895e-02
4.993209426948234768e-03 1.697692791841443321e-03 6.873114635334864626e-05 -1.948888281921653306e-03 -5.581198540811122336e-03 1.446130009526933567e-02 1.070925220610849729e-02 1.289523779643540063e-02 1.107870621014121759e-02 1.948758746078524395e-02
