0.000000000000000000e+00 0.000000000000000000e+00 0.000000000000000000e+00 0.000000000000000000e+00 0.000000000000000000e+00 0.000000000000000000e+00 0.000000000000000000e+00 0.000000000000000000e+00 0.000000000000000000e+00 0.000000000000000000e+00
6.011639076792069060e-04 1.358503276950289037e-04 -1.628623701326599411e-05 -1.509291144204398158e-04 -5.029763724092189449e-04 2.037667939691976959e-03 1.176852155801468881e-03 1.084279239257710057e-03 1.023630754939729636e-03 1.646559788464335185e-03
1.201976300649289535e-03 2.716307306140296977e-04 -3.259346002331030214e-05 -3.018126505098894883e-04 -1.005469989855408731e-03 4.076553418807357838e-03 2.353840666607806987e-03 2.168472440935794669e-03 2.046997974480593060e-03 3.292944795349518790e-03
1.802436993851300228e-03 4.073411350452737123e-04 -4.892172349230808413e-05 -4.526505968656893849e-04 -1.507480430709176719e-03 6.116659265391130931e-03 3.530966282265361224e-03 3.252579584678594836e-03 3.070100930910839385e-03 4.939152305874590886e-03
2.402545802205220508e-03 5.429814668206199178e-04 -6.527108218706668768e-05 -6.034429419585706465e-04 -2.009007272174217779e-03 8.157988321899315928e-03 4.708229756580512189e-03 4.336600649969026867e-03 4.092938892641585606e-03 6.585179590724479781e-03
3.002302540630901254e-03 6.785516513104473089e-04 -8.164159118431759126e-05 -7.541896741349961427e-04 -2.510050090269146106e-03 1.020054344537136767e-02 5.885631847374533064e-03 5.420535616132604768e-03 5.115511124170106158e-03 8.231023905906775448e-03
3.601707024048788567e-03 8.140516134205810295e-04 -9.803330587273828545e-05 -9.048907816161457125e-04 -3.010608459817784230e-03 1.224432750753359951e-02 7.063173316510612705e-03 6.504384462339183638e-03 6.137816886050019745e-03 9.876682492652772219e-03
4.200759067379850921e-03 9.494812775881321257e-04 -1.144462819559055312e-04 -1.055546252496798948e-03 -3.510681954439353811e-03 1.428934339490270031e-02 8.240854929924101846e-03 7.588147167598321453e-03 7.159855434864941491e-03 1.152215257731843689e-02
4.799458485545805321e-03 1.084840567778299313e-03 -1.308805754543456812e-04 -1.206156074745063766e-03 -4.010270146538153814e-03 1.633559400889076155e-02 9.418677457649383966e-03 8.671823710759992906e-03 8.181626023198804859e-03 1.316743137127892628e-02
5.397805093470020230e-03 1.220129407480526887e-03 -1.473362427081635444e-04 -1.356720236200161704e-03 -4.509372607293982670e-03 1.838308226591168354e-02 1.059664167385078806e-02 9.755414070512204161e-03 9.203127899606212622e-03 1.481251607082999418e-02
5.995798706077344262e-03 1.355347719704568746e-03 -1.638133403795847187e-04 -1.507238724572822902e-03 -5.007988906651247678e-03 2.043181109748802224e-02 1.177474835684944564e-02 1.083891822538047937e-02 1.022436030858564493e-02 1.645740385708281683e-02
