0.000000000000000000e+00 0.000000000000000000e+00 0.000000000000000000e+00 0.000000000000000000e+00 0.000000000000000000e+00 0.000000000000000000e+00 0.000000000000000000e+00 0.000000000000000000e+00 0.000000000000000000e+00 0.000000000000000000e+00
1.335428892565073279e-04 2.078277178019407440e-04 1.333677619617909570e-04 -8.366549287540939661e-05 -9.404126889428213653e-04 1.809186507555583996e-04 4.283142295095938986e-04 1.046324152601890494e-03 1.686545927340953824e-03 3.395079155653986727e-03
2.658896723643893725e-04 4.155019395898641699e-04 2.668732568165492459e-04 -1.670122123755561259e-04 -1.880496108910140185e-03 3.574305103922291297e-04 8.550867331205874765e-04 2.092423216521757060e-03 3.374455656581241362e-03 6.796173164179860650e-03
3.970363481576081829e-04 6.230214825715300149e-04 4.005167376710273017e-04 -2.500386215878995944e-04 -2.820247137988976267e-03 5.295199563275010185e-04 1.280312421270777840e-03 3.138296017027636300e-03 5.063733715135670249e-03 1.020330342230656683e-02
5.269788864415110097e-04 8.303851560966635887e-04 5.342984590681684612e-04 -3.327431732812891475e-04 -3.759662630824430005e-03 6.971712953078410165e-04 1.703986176495018035e-03 4.183941371300356829e-03 6.754384653697523624e-03 1.361649143871693918e-02
6.557132282772303858e-04 1.037591761593070327e-03 6.682186768946196112e-04 -4.151243099188605453e-04 -4.698739418383940727e-03 8.603687642290576681e-04 2.126102853772944643e-03 5.229358088437519383e-03 8.446413046035775724e-03 1.703575883405938213e-02
7.832352857289174870e-04 1.244640092506326366e-03 8.022776483916541730e-04 -4.971804635729182862e-04 -5.637474307766020959e-03 1.019096529660689157e-03 2.546657280314911821e-03 6.274544969391858407e-03 1.013982348916971608e-02 2.046112734175845396e-02
9.095409416066667927e-04 1.451528934237771885e-03 9.364756321673983796e-04 -5.789100558397846990e-04 -6.575864082005892369e-03 1.173338687359960298e-03 2.965644255351112136e-03 7.319500806908593379e-03 1.183462060354943841e-02 2.389261880882577460e-02
1.034626049208416717e-03 1.658257064082105728e-03 1.070812888208853885e-03 -6.603114977536969979e-04 -7.513905499880388361e-03 1.323079261784765532e-03 3.383058549914008846e-03 8.364224385462295727e-03 1.353080903323248055e-02 2.733025519668787900e-02
1.158486432057795595e-03 1.864823251164490726e-03 1.205289677893254564e-03 -7.413831896990263166e-04 -8.451595295710193426e-03 1.468302205600279095e-03 3.798894906621998538e-03 9.408714481191692708e-03 1.522839344606619245e-02 3.077405858201513744e-02
1.281117883640553110e-03 2.071226256377479806e-03 1.339906264001135055e-03 -8.221235213225664036e-04 -9.388930179160561579e-03 1.608991399180823966e-03 4.213148039458646313e-03 1.045296986183652348e-02 1.692737853387192570e-02 3.422405115756176758e-02
