0.000000000000000000e+00 0.000000000000000000e+00 0.000000000000000000e+00 0.000000000000000000e+00 0.000000000000000000e+00 0.000000000000000000e+00 0.000000000000000000e+00 0.000000000000000000e+00
3.385032814916322306e-04 1.272662236737524637e-04 -5.098524719587503709e-05 -6.209792626781067155e-04 1.031796736595041010e-03 8.327877898307885348e-04 1.142612046592478888e-03 2.157628909738790787e-03
6.764865245595465303e-04 2.545473412375091025e-04 -1.018889338659191085e-04 -1.241777686133747373e-03 2.062267198533771027e-03 1.665160396508311592e-03 2.285500843185551099e-03 4.317460025993544517e-03
1.013948957633161764e-03 3.818433367542210083e-04 -1.527108531801560202e-04 -1.862394914041102644e-03 3.091405825185434501e-03 2.497116693782719388e-03 3.428667356440354922e-03 6.479499623643738757e-03
1.350889805531133199e-03 5.091541939225873500e-04 -2.034507971579772000e-04 -2.482830587605146071e-03 4.119207032978237058e-03 3.328655550332319888e-03 4.572112556898840982e-03 8.643754004793800794e-03
1.687308289460584402e-03 6.364798960769657912e-04 -2.541085566662834496e-04 -3.103084345576370782e-03 5.145665215298870533e-03 4.159775829752286082e-03 5.715837419008829023e-03 1.081022949897624333e-02
2.023203626990510619e-03 7.638204261842835175e-04 -3.046839214118879065e-04 -3.723155824231581552e-03 6.170774742371071264e-03 4.990476390522435336e-03 6.859842921149546073e-03 1.297893246330714123e-02
2.358575032023651433e-03 8.911757668416399021e-04 -3.551766799333397904e-04 -4.343044657355162388e-03 7.194529961131624664e-03 5.820756085978146324e-03 8.004130045650287295e-03 1.514986928264627601e-02
2.693421714769772546e-03 1.018545900272651824e-03 -4.055866195927435285e-04 -4.962750476219459847e-03 8.216925195105407448e-03 6.650613764278679937e-03 9.148699778813119618e-03 1.732304636975572076e-02
3.027742881717262503e-03 1.145930808325271166e-03 -4.559135265682910426e-04 -5.582272909565598289e-03 9.237954744281145006e-03 7.480048268377498602e-03 1.029355311093550773e-02 1.949847016546140191e-02
3.361537735605150956e-03 1.273330472468229072e-03 -5.061571858456502017e-04 -6.201611583583830668e-03 1.025761288498322835e-02 8.309058435989528577e-03 1.143869103633101715e-02 2.167614713881347438e-02
