0.000000000000000000e+00 0.000000000000000000e+00 0.000000000000000000e+00 0.000000000000000000e+00
6.464023924259299902e-04 -2.227056796477521567e-05 2.512216909344091621e-03 -2.176766091952013721e-04
1.292110341870249084e-03 -4.450516590985042814e-05 5.025474342938532867e-03 -4.354175520708272133e-04
1.937122633579603601e-03 -6.670377273568635313e-05 7.539774169225937038e-03 -6.532228315505881136e-04
2.581438047957187402e-03 -8.886636732880170671e-05 1.005511826386925461e-02 -8.710924505640851336e-04
3.225055360514752709e-03 -1.109929285623251455e-04 1.257150850991757725e-02 -1.089026412045711019e-03
3.867973341841346273e-03 -1.330834352952677262e-04 1.508894679785334481e-02 -1.307024718934430164e-03
4.510190757572210551e-03 -1.551378663732241002e-04 1.760743502563982127e-02 -1.525087374176539202e-03
5.151706368356739896e-03 -1.771562006274003090e-04 2.012697509877114932e-02 -1.743214380722289507e-03
5.792518929826431968e-03 -1.991384168758128851e-04 2.264756893032202761e-02 -1.961405741527575720e-03
6.432627192562975771e-03 -2.210844939221323332e-04 2.516921844099559089e-02 -2.179661459554046998e-03
