0.000000000000000000e+00 0.000000000000000000e+00 0.000000000000000000e+00 0.000000000000000000e+00
5.597704426680748463e-04 -4.822165950768503642e-04 1.885992550862152298e-03 1.579235291062928981e-03
1.119508866348837249e-03 -9.637101999342600122e-04 3.774195800137480298e-03 3.157278891918625669e-03
1.679219176180511176e-03 -1.444476206477521589e-03 5.664632344649981471e-03 4.734108566184101231e-03
2.238905345124623993e-03 -1.924509931832679190e-03 7.557325164115657849e-03 6.309701699468895156e-03
2.798571415599446048e-03 -2.403806616590175704e-03 9.452297630085223709e-03 7.884035290714162120e-03
3.358221500931428925e-03 -2.882361423149392646e-03 1.134957351432927877e-02 9.457085943971810932e-03
3.917859786842721286e-03 -3.360169434017957080e-03 1.324917699743737541e-02 1.102882985997445664e-02
4.477490532977443198e-03 -3.837225650067332093e-03 1.515113267764229416e-02 1.259924282748625494e-02
5.037118074465081821e-03 -4.313524988741528760e-03 1.705546557987172585e-02 1.416830021443391333e-02
5.596746823525121026e-03 -4.789062282219475400e-03 1.896220116503626735e-02 1.573597695880437491e-02
