0.000000000000000000e+00 0.000000000000000000e+00 0.000000000000000000e+00 0.000000000000000000e+00 0.000000000000000000e+00 0.000000000000000000e+00 0.000000000000000000e+00 0.000000000000000000e+00
1.896533371301143420e-03 4.781375619293107065e-04 -3.299536035439447649e-04 -2.044717325778514991e-03 4.852686319296875550e-03 7.081275270319362103e-03 7.428394489598482038e-03 5.447664650284391938e-03
3.792633760556672010e-03 9.571309354650238497e-04 -6.587184380292765646e-04 -4.091046253976920316e-03 9.702110003109550712e-03 1.415980637288789465e-02 1.485835290489781642e-02 1.089977216540673373e-02
5.688284745726959399e-03 1.436996777405620844e-03 -9.862780399917761044e-04 -6.139003479013761463e-03 1.454821126324253207e-02 2.123555925235531133e-02 2.228990790015639850e-02 1.635638374734377579e-02
7.583469554515593833e-03 1.917752080404827543e-03 -1.312615607867557120e-03 -8.188606022810811583e-03 1.939092907271094610e-02 2.830849915860248270e-02 2.972309280409285437e-02 2.181756184448155333e-02
9.478171058278547431e-03 2.399414182466629367e-03 -1.637713992860959956e-03 -1.023987124352294942e-02 2.423020113392923211e-02 3.537859063399297066e-02 3.715794164327129723e-02 2.728337018547648263e-02
1.137237176288638692e-02 2.882000775664170060e-03 -1.961555690043212917e-03 -1.229281684402282540e-02 2.906596384574706288e-02 4.244579749493526677e-02 4.459448916013812603e-02 3.275387381262526848e-02
1.326605379930337510e-02 3.365529915127658898e-03 -2.284122829172938619e-03 -1.434746088064638853e-02 3.389815226945341875e-02 4.951008281286113644e-02 5.203277083162491379e-02 3.822913911627452005e-02
1.515919891387465697e-02 3.850020028307452307e-03 -2.605397165227975580e-03 -1.640382177221022184e-02 3.872670009370925148e-02 5.657140889461199224e-02 5.947282288833128511e-02 4.370923387032212698e-02
1.705178845831025608e-02 4.335489924522204115e-03 -2.925360068639886423e-03 -1.846191830931260755e-02 4.355153959836853550e-02 6.362973726219985082e-02 6.691468233431499546e-02 4.919422726884456476e-02
1.894380337935678421e-02 4.821958804804328536e-03 -3.243992515215229650e-03 -2.052176966392477153e-02 4.837260161714979079e-02 7.068502863192754893e-02 7.435838696750721177e-02 5.468418996388861586e-02
