0.000000000000000000e+00 0.000000000000000000e+00 0.000000000000000000e+00 0.000000000000000000e+00 0.000000000000000000e+00 0.000000000000000000e+00 0.000000000000000000e+00 0.000000000000000000e+00 0.000000000000000000e+00 0.000000000000000000e+00
4.872754687960425255e-04 1.422307874577270076e-04 4.315554604724458696e-06 -1.382185211246944872e-04 -5.122532040716527542e-04 1.613719602125915321e-03 1.022159569227354403e-03 1.028655890075862471e-03 1.062798322145846672e-03 1.711763286799815494e-03
9.740945607724248081e-04 2.844412637813681908e-04 8.669710553060461035e-06 -2.763797378311509310e-04 -1.024273357801971669e-03 3.227364619952243115e-03 2.044050410347659445e-03 2.057235723766715103e-03 2.125741230554805284e-03 3.424538076239065816e-03
1.460455766472054488e-03 4.266316512312609359e-04 1.306291871441289619e-05 -4.144834386183817365e-04 -1.536061532067319697e-03 4.840928341082531561e-03 3.065669994333160113e-03 3.085739495847258755e-03 3.188831243533440853e-03 5.138331268766860652e-03
1.946357555815949811e-03 5.688021753559036053e-04 1.749563704780142029e-05 -5.525294084594854814e-04 -2.047618817493634599e-03 6.454403944820090271e-03 4.087015752100829798e-03 4.114167200996121827e-03 4.252070919392204884e-03 6.853149873480355106e-03
2.431798377660507240e-03 7.109530650634338696e-04 2.196833075437840834e-05 -6.905174287250839468e-04 -2.558946324887878630e-03 8.067784499887232022e-03 5.108085073664760979e-03 5.142518833798901887e-03 5.315462857299301826e-03 8.569001010448593081e-03
2.916776659376864572e-03 8.530845526882242270e-04 2.648147242216214304e-05 -8.284472771112549004e-04 -3.070045185641117041e-03 9.681062962215627316e-03 6.128875307319051925e-03 6.170794388745258485e-03 6.379009698100895388e-03 1.028589191293839862e-02
3.401290806418986231e-03 9.951968740576377405e-04 3.103554217410924129e-05 -9.663187275642322500e-04 -3.580916552139196737e-03 1.129423217268786875e-02 7.149383758798861024e-03 7.198993860225695249e-03 7.442714125154186941e-03 1.200382992968734332e-02
3.885339201882471484e-03 1.137290268561143812e-03 3.563102781978221554e-05 -1.104131550203393212e-03 -4.091561598184994229e-03 1.290728485482063939e-02 8.169607690422749091e-03 8.227117242529268307e-03 8.506578865183968621e-03 1.372282252724036158e-02
4.368920206051326270e-03 1.279364979221120921e-03 4.026842501072358342e-05 -1.241885511242775192e-03 -4.601981519429630164e-03 1.452021361239387229e-02 9.189544320213840697e-03 9.255164529839999751e-03 9.570606689162030126e-03 1.544287729233375338e-02
4.852032155934724381e-03 1.421421252765513567e-03 4.494823739983869648e-05 -1.379580372910089135e-03 -5.112177533814560998e-03 1.613301092702109155e-02 1.020919082099810624e-02 1.028313571623347064e-02 1.063480041320389972e-02 1.716400193434665725e-02
