0.000000000000000000e+00 0.000000000000000000e+00 0.000000000000000000e+00 0.000000000000000000e+00 0.000000000000000000e+00 0.000000000000000000e+00 0.000000000000000000e+00 0.000000000000000000e+00
2.545033768319212978e-04 3.764096189391912613e-04 -2.364853650751672166e-05 -7.635302033898213724e-04 6.533630182906865775e-04 1.335357843348267863e-03 1.609914687550461493e-03 2.183497685004517908e-03
5.088265770123856632e-04 7.528801368334851231e-04 -4.716543649237042588e-05 -1.526532622327174318e-03 1.306523410401932029e-03 2.670845306209959115e-03 3.219659415429766691e-03 4.367483619066253250e-03
7.629695813733422148e-04 1.129411689644703844e-03 -7.055053119292607842e-05 -2.289006970895763639e-03 1.959480906580656455e-03 4.006462565410393549e-03 4.829233990894597761e-03 6.551957152917081521e-03
1.016932370683755948e-03 1.506004413674757883e-03 -9.380365157391082960e-05 -3.050952963483409813e-03 2.612235236685272587e-03 5.342209797979849406e-03 6.438638221046309729e-03 8.736917634773926425e-03
1.270714925650905363e-03 1.882658445568530367e-03 -1.169246283220515270e-04 -3.812370314791365539e-03 3.264786130185203753e-03 6.678087181162035979e-03 8.047871912854323226e-03 1.092236441037242392e-02
1.524317226919391990e-03 2.259373922315047970e-03 -1.399132918448979122e-04 -4.573258739834927013e-03 3.917133316159959917e-03 8.014094892414677998e-03 9.656934873157285021e-03 1.310829682295919403e-02
1.777739255070839419e-03 2.636150981248981239e-03 -1.627694722701695585e-04 -5.333617953944790047e-03 4.569276523297945494e-03 9.350233109410620649e-03 1.126582690866318771e-02 1.529471421328784317e-02
2.030980990623020618e-03 3.012989760051419576e-03 -1.854929994441258405e-04 -6.093447672768457363e-03 5.221215479893292176e-03 1.068650201003791718e-02 1.287454782594922055e-02 1.748161591961056374e-02
2.284042414029253606e-03 3.389890396751112436e-03 -2.080837029314361959e-04 -6.852747612271430783e-03 5.872949913844021860e-03 1.202290177240226098e-02 1.448309743146100788e-02 1.966900127767026371e-02
2.536923505677678072e-03 3.766853029725555045e-03 -2.305414120130691298e-04 -7.611517488738052568e-03 6.524479552650492772e-03 1.335943257482553187e-02 1.609147553151335508e-02 2.185686962069612396e-02
