0.000000000000000000e+00 0.000000000000000000e+00 0.000000000000000000e+00 0.000000000000000000e+00 0.000000000000000000e+00 0.000000000000000000e+00 0.000000000000000000e+00 0.000000000000000000e+00
5.201833255872104211e-04 9.484625716015977737e-05 -8.414624951876677683e-05 -5.594370315479833865e-04 1.727785055879767087e-03 1.102960806811166539e-03 1.145827104361968806e-03 1.883684958736916515e-03
1.039958119727908258e-03 1.896540321402358231e-04 -1.682464304309457567e-04 -1.118490156928580352e-03 3.455852177489749603e-03 2.205803426808646689e-03 2.291613137627543980e-03 3.768089411414126799e-03
1.559324150467687959e-03 2.844233008614384752e-04 -2.523005103969787571e-04 -1.677159128105903388e-03 5.184200719360974353e-03 3.308527753639235996e-03 3.437358207969668563e-03 5.653214062130512696e-03
2.078281185721763021e-03 3.791540391628642312e-04 -3.363084569401908236e-04 -2.235443696874934646e-03 6.912830032879600101e-03 4.411133680493366759e-03 4.583062424050508843e-03 7.539059617493745237e-03
2.596828993271467056e-03 4.738462228005114823e-04 -4.202702374440424955e-04 -2.793343614867677821e-03 8.641739466261500607e-03 5.513621100103185957e-03 5.728725895035875759e-03 9.425626786661828876e-03
3.114967340763634927e-03 5.684998274478782069e-04 -5.041858191513842952e-04 -3.350858633552713291e-03 1.037092836453192869e-02 6.615989904741709574e-03 6.874348730595965414e-03 1.131291628135814610e-02
3.632695995709810631e-03 6.631148286948349967e-04 -5.880551691636323004e-04 -3.907988504234419236e-03 1.210039606951154346e-02 7.718239986218391677e-03 8.019931040911086259e-03 1.320092881588707211e-02
4.150014725484904403e-03 7.576912020477409582e-04 -6.718782544402694115e-04 -4.464732978053362160e-03 1.383014191979553380e-02 8.820371235876672822e-03 9.165472936672238932e-03 1.508966510715064463e-02
4.666923297326591204e-03 8.522289229288369924e-04 -7.556550417975405141e-04 -5.021091805985283818e-03 1.556016525073716621e-02 9.922383544591680676e-03 1.031097452908601164e-02 1.697912587466299597e-02
5.183421478335221814e-03 9.467279666757989418e-04 -8.393854979073452375e-04 -5.577064738841199659e-03 1.729046539442936209e-02 1.102427680276585331e-02 1.145643592987606423e-02 1.886931184056856239e-02
