0.000000000000000000e+00 0.000000000000000000e+00 0.000000000000000000e+00 0.000000000000000000e+00
4.693200164409066025e-03 -4.693200164409071229e-03 8.524264958305400458e-03 1.413606078287430422e-02
9.393029568501413268e-03 -9.393029568501387247e-03 1.703957488526488054e-02 2.828107659709432065e-02
1.409950835736756974e-02 -1.409950835736747260e-02 2.554590237178297474e-02 4.243507485175591204e-02
1.881265685699640144e-02 -1.881265685699635634e-02 3.404321981232154293e-02 5.659808315239696352e-02
2.353249558462618823e-02 -2.353249558462612231e-02 4.253149940312393740e-02 7.077012930277418179e-02
2.825904526122550303e-02 -2.825904526122545793e-02 5.101071314040565852e-02 8.495124130667212892e-02
3.299232682633313624e-02 -3.299232682633327501e-02 5.948083281855055110e-02 9.914144736970682825e-02
3.773236145549561937e-02 -3.773236145549565407e-02 6.794183002834232321e-02 1.133407759010947868e-01
4.247917058054413719e-02 -4.247917058054401923e-02 7.639367615527431488e-02 1.275492555153421859e-01
4.723277591295657607e-02 -4.723277591295646505e-02 8.483634237799494993e-02 1.417669150338010386e-01
