0.000000000000000000e+00 0.000000000000000000e+00 0.000000000000000000e+00 0.000000000000000000e+00 0.000000000000000000e+00 0.000000000000000000e+00 0.000000000000000000e+00 0.000000000000000000e+00 0.000000000000000000e+00 0.000000000000000000e+00
4.283338957761068078e-04 1.576805454065115610e-04 4.125529472943813817e-05 -1.204255399108511480e-04 -6.741315688376554871e-04 1.356475357693840257e-03 9.080752099372149059e-04 1.077398484100843858e-03 1.290343917270362316e-03 2.334822852646373063e-03
8.561056061579843919e-04 3.153095256683218048e-04 8.254827609423397877e-05 -2.407532587667209588e-04 -1.347938286997642145e-03 2.711955327661625965e-03 1.815653455579124310e-03 2.154688356667891058e-03 2.581046867208828654e-03 4.671774800182469829e-03
1.283314507433140454e-03 4.728868572718845009e-04 1.238790039855434738e-04 -3.609829887290252827e-04 -2.021419683341167499e-03 4.066434776758613874e-03 2.722733335594189341e-03 3.231869492757558342e-03 3.872110194940688380e-03 7.010861689174426037e-03
1.709959973213183481e-03 6.304124561136965161e-04 1.652475385891442698e-04 -4.811145609605140309e-04 -2.694575284489540701e-03 5.419908548405711658e-03 3.629313441976025987e-03 4.308941766659755805e-03 5.163535251832514390e-03 9.352089393318524513e-03
2.136041374403323864e-03 7.878862375043654701e-04 2.066539403925255435e-04 -6.011478056162578498e-04 -3.367404614860793413e-03 6.772371462362172106e-03 4.535392359978975517e-03 5.385905051906282083e-03 6.455323395584043611e-03 1.169546381376107905e-02
2.561558079180558181e-03 9.453081161641677587e-04 2.480982701876581985e-04 -7.210825518370018268e-04 -4.039907196652640052e-03 8.123818314583232392e-03 5.440968668075214093e-03 6.462759221263020271e-03 7.747475990266415938e-03 1.404099087927079825e-02
2.986509452970552165e-03 1.102678006218870852e-03 2.895805890726878208e-04 -8.409186277407667718e-04 -4.712082549825669618e-03 9.474243877079149140e-03 6.346040937909406231e-03 7.539504146725512640e-03 9.039994406362664853e-03 1.638867654641241664e-02
3.410894858425403062e-03 1.259995821194771770e-03 3.311009584540583321e-04 -9.606558604160936625e-04 -5.383930192085975043e-03 1.082364289777305519e-02 7.250607734257679023e-03 8.616139699512031722e-03 1.033288002080549189e-02 1.873852679972167271e-02
3.834713655400555019e-03 1.417261474014504469e-03 3.726594400488498549e-04 -1.080294075913750635e-03 -6.055449638867925650e-03 1.217201010035635043e-02 8.154667614983519830e-03 9.692665750059248700e-03 1.162613421701996080e-02 2.109054765188027314e-02
4.257965200931915911e-03 1.574474876992537804e-03 4.142560958869536498e-04 -1.199833099239513068e-03 -6.726640403316134706e-03 1.351934018414501122e-02 9.058219130991324725e-03 1.076908216801569784e-02 1.291975838496208819e-02 2.344474514389368464e-02
