0.000000000000000000e+00 0.000000000000000000e+00 0.000000000000000000e+00 0.000000000000000000e+00 0.000000000000000000e+00 0.000000000000000000e+00
2.663088491760184744e-03 2.085380954410996591e-04 -2.871626587201242010e-03 6.607181033048048838e-03 1.051991099046750526e-02 7.607188773021840086e-03
5.326555851988597906e-03 4.202301846749705808e-04 -5.746786036663478064e-03 1.320812852828373053e-02 2.103876459241413657e-02 1.522166847237700280e-02
7.990376614827241625e-03 6.351318208768503681e-04 -8.625508435704126037e-03 1.980272988460269473e-02 3.155655735260717853e-02 2.284355515240165529e-02
1.065452464258006583e-02 8.532998058204152407e-04 -1.150782444840032018e-02 2.639086989556669108e-02 4.207328587523783553e-02 3.047296741534472053e-02
1.331897310550876276e-02 1.074792224728656452e-03 -1.439376533023727783e-02 3.297243067401274541e-02 5.258894682530544651e-02 3.811002648336825338e-02
1.598369446093888743e-02 1.299668482292697450e-03 -1.728336294323137151e-02 3.954729157405924983e-02 6.310353693211660786e-02 4.575485627304748393e-02
1.864866043164217085e-02 1.527989339905857363e-03 -2.017664977154796230e-02 4.611532911039559895e-02 7.361705299290166593e-02 5.340758347246322285e-02
2.131384198347356304e-02 1.759816954160396511e-03 -2.307365893763370715e-02 5.267641687474827056e-02 8.412949187655291428e-02 6.106833762099668494e-02
2.397920930222719599e-02 1.995214916657069189e-03 -2.597442421888396941e-02 5.923042544941392595e-02 9.464085052747875371e-02 6.873725119194201705e-02
2.664473176968778015e-02 2.234248295179005681e-03 -2.887898006486655858e-02 6.577722231773816541e-02 1.051511259695859790e-01 7.641445967804896822e-02
