0.000000000000000000e+00 0.000000000000000000e+00 0.000000000000000000e+00 0.000000000000000000e+00 0.000000000000000000e+00 0.000000000000000000e+00 0.000000000000000000e+00 0.000000000000000000e+00
6.515641582801800710e-04 6.755605623080916807e-05 -1.344529255888308333e-04 -4.149169386070307853e-04 2.241304443583264257e-03 1.297831736325506585e-03 1.023793854670631415e-03 1.306427454910320330e-03
1.303749211827700443e-03 1.347758288683172535e-04 -2.691665698926766059e-04 -8.283626170373950505e-04 4.488345275757964561e-03 2.596948676102937056e-03 2.046122269566190161e-03 2.608230960965016339e-03
1.956566797507587607e-03 2.016552705048064000e-04 -4.041443710081198950e-04 -1.240322755659865059e-03 6.741192074324174437e-03 3.897368422299726885e-03 3.066967206505903827e-03 3.905342805307680798e-03
2.610028741295478908e-03 2.681902611393489335e-04 -5.393898220774550820e-04 -1.650782823722262652e-03 8.999915620097801924e-03 5.199108876799360575e-03 4.086310315520366894e-03 5.197694119575490233e-03
3.264147062239669377e-03 3.343766067244112699e-04 -6.749064724526215864e-04 -2.059728034250753528e-03 1.126458792273359912e-02 6.502188246663018895e-03 5.104132928502901241e-03 6.485214856524774280e-03
3.918933976337531100e-03 4.002100374957037179e-04 -8.106979288313548001e-04 -2.467143338262929586e-03 1.353528224744195325e-02 7.806625050652040917e-03 6.120416052288721147e-03 7.767833764855892192e-03
4.574401900507662870e-03 4.656862062588379035e-04 -9.467678564212848522e-04 -2.873013418823113126e-03 1.581207314239760006e-02 9.112438125905494846e-03 7.135140361563006850e-03 9.045478363393276433e-03
5.230563456655849992e-03 5.308006866295492251e-04 -1.083119980131716682e-03 -3.277322684936682506e-03 1.809503646687523129e-02 1.041964663480463883e-02 8.148286191576072091e-03 1.031807491460104073e-02
5.887431475840707376e-03 5.955489712237016118e-04 -1.219758085795328347e-03 -3.680055265274502670e-03 2.038424942012097285e-02 1.172827007200572327e-02 9.159833530668379936e-03 1.158554839740855678e-02
6.545019002538606488e-03 6.599264697992219013e-04 -1.356686021418767978e-03 -4.081195001727757829e-03 2.267979057099258483e-02 1.303832827165764784e-02 1.016976201260112039e-02 1.284782247933177919e-02
