0.000000000000000000e+00 0.000000000000000000e+00 0.000000000000000000e+00 0.000000000000000000e+00 0.000000000000000000e+00 0.000000000000000000e+00
2.561850135671608995e-03 3.936026876270830440e-04 -2.955452823298673933e-03 6.149752004684806012e-03 1.048672635018037085e-02 8.021553981532571209e-03
5.122660636326164738e-03 7.931647817168783598e-04 -5.915825418043097958e-03 1.228738036286571543e-02 2.097235796810855563e-02 1.605632634182049129e-02
7.682381497856803805e-03 1.198790725612138008e-03 -8.881172223468842067e-03 1.841267373577534783e-02 3.145689017327720632e-02 2.410453310013968217e-02
1.024096149770168003e-02 1.610587287839899615e-03 -1.185154878554136454e-02 2.452541598122864527e-02 4.194031831301121838e-02 3.216639505135027860e-02
1.279834815929196783e-02 2.028663625894551025e-03 -1.482701178518639612e-02 3.062538601637527017e-02 5.242263776516446760e-02 4.024213790044716549e-02
1.535448771527821513e-02 2.453131352103083557e-03 -1.780761906738097602e-02 3.671235767574676512e-02 6.290384394090871301e-02 4.833199240172929984e-02
1.790932506948278782e-02 2.884104601653432985e-03 -2.079342967113584351e-02 4.278609956440539847e-02 7.338393228761135034e-02 5.643619450276553262e-02
2.046280375753138300e-02 3.321700102870295962e-03 -2.378450386040142916e-02 4.884637490600395732e-02 8.386289829181031719e-02 6.455498549336514957e-02
2.301486590610613350e-02 3.766037249821546987e-03 -2.678090315592730059e-02 5.489294138554935698e-02 9.434073748227994605e-02 7.268861215974763146e-02
2.556545219076768877e-02 4.217238177347208856e-03 -2.978269036811446654e-02 6.092555098665385777e-02 1.048174454331875088e-01 8.083732694413311992e-02
