0.000000000000000000e+00 0.000000000000000000e+00 0.000000000000000000e+00 0.000000000000000000e+00
6.667488314638577189e-04 -4.961494989533113756e-04 2.296512074710783252e-03 1.616610139532207065e-03
1.333132844663953475e-03 -9.916874404954959758e-04 4.594888706320602798e-03 3.232505773994896487e-03
1.999151856518490908e-03 -1.486613073999794917e-03 6.895135576396496657e-03 4.847681378262241360e-03
2.664805683954000332e-03 -1.980925645277862093e-03 9.197258399667021522e-03 6.462131394685002861e-03
3.330094143945042107e-03 -2.474624396538400127e-03 1.150126292441191501e-02 8.075850232771240519e-03
3.995017053515003205e-03 -2.967708566353422818e-03 1.380715493273188162e-02 9.688832268930091390e-03
4.659574229735714487e-03 -3.460177389622756845e-03 1.611494024082050017e-02 1.130107184621821290e-02
5.323765489727750808e-03 -3.952030097538585321e-03 1.842462469923604115e-02 1.291256327407825505e-02
5.987590650660373770e-03 -4.443265917549114874e-03 2.073621419318137302e-02 1.452330082807934235e-02
6.651049529751798875e-03 -4.933884073322791775e-03 2.304971464278157689e-02 1.613327874965122047e-02
