0.000000000000000000e+00 0.000000000000000000e+00 0.000000000000000000e+00 0.000000000000000000e+00 0.000000000000000000e+00 0.000000000000000000e+00 0.000000000000000000e+00 0.000000000000000000e+00 0.000000000000000000e+00 0.000000000000000000e+00
1.003031191810559771e-03 1.610055722257854429e-03 -1.687839138562864964e-03 -1.098805348126912287e-03 1.735575726213106575e-04 1.443238921223122858e-03 9.263669112607985853e-03 9.257847303776342227e-03 1.257567177065210817e-03 -1.606467794032085511e-04
2.003323774107939204e-03 3.226278690876972777e-03 -3.382180007325749204e-03 -2.195403923603722433e-03 3.479814659445476218e-04 2.884069541010580041e-03 1.852959215373414098e-02 1.851739779664739183e-02 2.513987335989948183e-03 -3.216953568432244460e-04
3.000849982313428393e-03 4.848719360161523467e-03 -5.083074700132495308e-03 -3.289771063570535482e-03 5.232764212280846755e-04 4.322478796671688946e-03 2.779778182407087461e-02 2.777866018197076153e-02 3.769254136055651648e-03 -4.831477329610425688e-04
3.995581590859569390e-03 6.477428935654769293e-03 -6.790576055294178515e-03 -4.381881711849075142e-03 6.994472406289676657e-04 5.758453374557969892e-03 3.706825108132818375e-02 3.704164333882678517e-02 5.023361078446336725e-03 -6.450059320814523125e-04
4.987489902241199619e-03 8.112459385122906472e-03 -8.504737665951656728e-03 -5.471710409798905168e-03 8.764987883864725025e-04 7.191979703240835610e-03 4.634101314623313705e-02 4.630635632792644979e-02 6.276301501577491102e-03 -8.072720026315862926e-04
5.976545735767150973e-03 9.753863449183471437e-03 -1.022561389015048602e-02 -6.559231286844142625e-03 1.054435992044013178e-03 8.623043946452050787e-03 5.561608150863498606e-02 5.557280839787397120e-02 7.528068576233761834e-03 -9.699480175788987224e-04
6.962719416004647423e-03 1.140169465150321637e-02 -1.195325986056347545e-02 -7.644418050653477986e-03 1.233263843709311901e-03 1.005163199576630632e-02 6.489346993370724570e-02 6.484100899179592870e-02 8.778655300491005134e-03 -1.133036074874854172e-03
7.945980760910497862e-03 1.305600730848430202e-02 -1.368773149379377309e-02 -8.727243976957349200e-03 1.412987401356395048e-03 1.147772946302970734e-02 7.417319246824929935e-02 7.411096775436734618e-02 1.002805449442393561e-02 -1.296538297915609574e-03
8.926299069647841700e-03 1.471685653834564622e-02 -1.542908549917852701e-02 -9.807681898984914673e-03 1.593611790170181876e-03 1.290132167251660002e-02 8.345526344708366351e-02 8.338269453925627184e-02 1.127625879458262100e-02 -1.460456836014960985e-03
9.903643110078772654e-03 1.638429826949824863e-02 -1.717737938701069736e-02 -1.088570419650027390e-02 1.775142203934249648e-03 1.432239365280912717e-02 9.273969749954186215e-02 9.265619941700994899e-02 1.252326064822431237e-02 -1.624793864891855427e-03
