0.000000000000000000e+00 0.000000000000000000e+00 0.000000000000000000e+00 0.000000000000000000e+00 0.000000000000000000e+00 0.000000000000000000e+00 0.000000000000000000e+00 0.000000000000000000e+00 0.000000000000000000e+00 0.000000000000000000e+00
1.481662926883771684e-03 4.731341191374780408e-04 2.669237416817141651e-05 -4.364240942456003454e-04 -1.545065319215164698e-03 4.013258738663042641e-03 5.154194235940750407e-03 5.323223393178448323e-03 5.359407544495544198e-03 4.266162482582686911e-03
2.963233829459199255e-03 9.460457659626721541e-04 5.358923661159830688e-05 -8.724374787273854199e-04 -3.090431346503417793e-03 8.026311449160286604e-03 1.030742914538011062e-02 1.064588765723056656e-02 1.071909041701538806e-02 8.533774113021058705e-03
4.444711725268363223e-03 1.418734892074982080e-03 8.069202556729637363e-05 -1.308039621771286791e-03 -4.636099014261300770e-03 1.203915414404502573e-02 1.545970115367678588e-02 1.596799238705534293e-02 1.607905150173677758e-02 1.280283998223647433e-02
5.926095617681255250e-03 1.891201444776145942e-03 1.080021881902236587e-04 -1.743229989138114734e-03 -6.182069254555113205e-03 1.605178279752266304e-02 2.061100666659673730e-02 2.128953719135179973e-02 2.143929370195241449e-02 1.707336519826588295e-02
7.407384499369406433e-03 2.363445369437348377e-03 1.355211788075223831e-04 -2.178008039465620382e-03 -7.728343001116923759e-03 2.006419335028281764e-02 2.576134207005115889e-02 2.661052169166786344e-02 2.679981994008083512e-02 2.134535489054150206e-02
8.888577352175262847e-03 2.835466609466240524e-03 1.632504588164598522e-04 -2.612373223989310038e-03 -9.274921189358206405e-03 2.407638170918782738e-02 3.091070372992462539e-02 3.193094552269538228e-02 3.216063315780699067e-02 2.561881420994001346e-02
1.036967314698113152e-02 3.307265106271575945e-03 1.911914965786400307e-04 -3.046324986255495668e-03 -1.082180475638550195e-02 2.808834374695846903e-02 3.605908799189720682e-02 3.725080833257524149e-02 3.752173631622065381e-02 2.989374832882932959e-02
1.185067084357662587e-02 3.778840799230758721e-03 2.193457673091664221e-04 -3.479862761826225601e-03 -1.236899464101887634e-02 3.210007530185578217e-02 4.120649118126877564e-02 4.257010978320105443e-02 4.288313239596233672e-02 3.417016244111530793e-02
1.333156939052488991e-02 4.250193625655037527e-03 2.477147529630508577e-04 -3.912985977977541732e-03 -1.391649178381164365e-02 3.611157217735801866e-02 4.635290960277823474e-02 4.788884955053110404e-02 4.824482439736492434e-02 3.844806176228886957e-02
1.481236772502812944e-02 4.721323520757734170e-03 2.762999421150958215e-04 -4.345694053389289289e-03 -1.546429712707419503e-02 4.012283014183557622e-02 5.149833954042446621e-02 5.320702732490079773e-02 5.360681534060315889e-02 4.272745152947050873e-02
