0.000000000000000000e+00 0.000000000000000000e+00 0.000000000000000000e+00 0.000000000000000000e+00 0.000000000000000000e+00 0.000000000000000000e+00 0.000000000000000000e+00 0.000000000000000000e+00 0.000000000000000000e+00 0.000000000000000000e+00
4.564653927566119295e-04 1.769516161768027037e-04 -1.980993470060162626e-04 -9.675128015830659716e-05 -2.266110241643518237e-04 8.145853061597350909e-04 2.580416576283914559e-03 1.879515183957173284e-03 9.443051537786552752e-04 4.555453083818432987e-04
9.127394795639735782e-04 3.538575683103511007e-04 -3.961196560569163190e-04 -1.934587028514714985e-04 -4.531866346446478231e-04 1.628974576493784614e-03 5.161032032576358571e-03 3.758988473748728614e-03 1.888589743590875052e-03 9.110645459555837510e-04
1.368822317007700696e-03 5.307178428377028363e-04 -5.940609085038701031e-04 -2.901222766561912538e-04 -6.797268372575618551e-04 2.443167770388567604e-03 7.741846467050686464e-03 5.638419859352949461e-03 2.832853768514401183e-03 1.366557704336269661e-03
1.824713961756001604e-03 7.075324262688573174e-04 -7.919230858029111496e-04 -3.867420101645271295e-04 -9.062316378233484628e-04 3.257164847370565969e-03 1.032285997772488043e-02 7.517809330795119892e-03 3.777097227631303657e-03 1.822024775143440967e-03
2.280414470565539364e-03 8.843013051912166885e-04 -9.897061695211218854e-04 -4.833179119853739727e-04 -1.132701042166146723e-03 4.070965767118020322e-03 1.290407266256073278e-02 9.397156878187261017e-03 4.721320120029020781e-03 2.277465750002724641e-03
2.735923900280720113e-03 1.061024466269261954e-03 -1.187410141336471461e-03 -5.798499907436361223e-04 -1.359135056114039878e-03 4.884570489458627679e-03 1.548548461946672866e-02 1.127646249172999625e-02 5.665522444802826608e-03 2.732880620546167434e-03
3.191242307833350340e-03 1.237701896245002814e-03 -1.385034983037037671e-03 -6.763382550811345610e-04 -1.585533685498951954e-03 5.697978974370678136e-03 1.806709594629600166e-02 1.315572616171251964e-02 6.609704201054022489e-03 3.188269378411014415e-03
3.646369750242532161e-03 1.414333581937083631e-03 -1.582580676521288957e-03 -7.727827136556193700e-04 -1.811896936156893664e-03 6.511191181981689641e-03 2.064890674084807198e-02 1.503494787851155333e-02 7.553865387890305698e-03 3.643632015241034944e-03
4.101306284614336314e-03 1.590919510241322167e-03 -1.780047203797936522e-03 -8.691833751414394403e-04 -2.038224813927581088e-03 7.324207072569594544e-03 2.323091710086830006e-02 1.691412763259229901e-02 8.498006004426445978e-03 4.098968522686124126e-03
4.556051968141792627e-03 1.767459668130309195e-03 -1.977434546985454462e-03 -9.655402482293104537e-04 -2.264517324654819700e-03 8.137026606560480990e-03 2.581312712404875212e-02 1.879326541450809795e-02 9.442126049783361799e-03 4.554278892401369093e-03
