0.000000000000000000e+00 0.000000000000000000e+00 0.000000000000000000e+00 0.000000000000000000e+00
1.384866322424683528e-02 -1.384866322424675375e-02 1.099684805221286601e-02 1.257326674398929339e-02
2.722383727159344985e-02 -2.722383727159324168e-02 2.199663948933626434e-02 2.514359010306864428e-02
3.914939243877698510e-02 -3.914939243877946923e-02 3.299989111716288004e-02 3.771045327144945114e-02
4.774718203538059341e-02 -4.774718203546912676e-02 4.400610906489817176e-02 5.027435011977592766e-02
5.044408347455997532e-02 -5.044408347616412963e-02 5.501266435701317181e-02 6.283790962319255047e-02
4.598632090947601947e-02 -4.598632090947435413e-02 6.601397864235286628e-02 7.540671013485973628e-02
3.579825043812022434e-02 -3.579825043811799001e-02 7.699796402135800077e-02 8.799283955205614016e-02
2.207706006864460987e-02 -2.207706008109930340e-02 8.795422167049093964e-02 1.006066967253894107e-01
6.561716324585371157e-03 -6.561716339271772558e-03 9.890169968883544271e-02 1.132293334866266432e-01
-9.559539893139205533e-03 9.559539892726176546e-03 1.098633363486351544e-01 1.258378116162288674e-01
