0.000000000000000000e+00 0.000000000000000000e+00 0.000000000000000000e+00 0.000000000000000000e+00
1.511922727710259158e-02 -1.511922727710231056e-02 1.357340925413557872e-02 1.140353836781666554e-02
2.868873189686449790e-02 -2.868873189686669406e-02 2.714149130560767134e-02 2.281240393831303337e-02
3.853826626065547795e-02 -3.853826626074687012e-02 4.069896337821404114e-02 3.423187948757052540e-02
4.152154070465670366e-02 -4.152154070546794362e-02 5.423649797928201122e-02 4.567129250802419438e-02
3.604829317400648492e-02 -3.604829318152995288e-02 6.774390682801495478e-02 5.714083128015400026e-02
2.404374457152747002e-02 -2.404374457152444466e-02 8.121307245284667409e-02 6.864861327885714293e-02
8.384483887928201318e-03 -8.384483887939400693e-03 9.464107212819106163e-02 8.019756122549086264e-02
-8.955941030557922761e-03 8.955941030561090366e-03 1.080459925152687378e-01 9.176958846033751727e-02
-2.679776218821051936e-02 2.679776218823254341e-02 1.214523182217065456e-01 1.033402103758294527e-01
-4.453030832241221260e-02 4.453030832240312265e-02 1.348705138949444771e-01 1.148989623245725705e-01
