0.000000000000000000e+00 0.000000000000000000e+00 0.000000000000000000e+00 0.000000000000000000e+00 0.000000000000000000e+00 0.000000000000000000e+00 0.000000000000000000e+00 0.000000000000000000e+00
1.907857345002612415e-03 2.554441495850657043e-04 -2.493016781632186735e-06 -2.160808485645222127e-03 4.796720474181865625e-03 7.515329131325669369e-03 7.763181484875222513e-03 5.652491606250061376e-03
3.816448629205890578e-03 5.106797598451545640e-04 -4.244756155152851207e-06 -4.322883640958719714e-03 9.592994853041075798e-03 1.503100980256633946e-02 1.552657425667454752e-02 1.130486642803450043e-02
5.725774554780353916e-03 7.657076484042810247e-04 -5.253155202361364448e-06 -6.486229056274904481e-03 1.438882171174147087e-02 2.254704354168201794e-02 2.329018031070213823e-02 1.695712241983672597e-02
7.635835803230854764e-03 1.020528667208195957e-03 -5.516138052000935099e-06 -8.650848340915335069e-03 1.918419959918446840e-02 3.006343188317915291e-02 3.105400163214809897e-02 2.260925751305628215e-02
9.546633040698927417e-03 1.275143695401216495e-03 -5.031613551765776182e-06 -1.081674513131845525e-02 2.397912704854254437e-02 3.758017637706304731e-02 3.881804021340268251e-02 2.826126963212437920e-02
1.145816691753995427e-02 1.529553639905532544e-03 -3.797475280219089061e-06 -1.298392309118343371e-02 2.877360257688854270e-02 4.509727858924374166e-02 4.658229805384362515e-02 3.391315669467902250e-02
1.337043806790079101e-02 1.783759436003414574e-03 -1.811601563743697046e-06 -1.515238591161293530e-02 3.356762468482216849e-02 5.261474010194586159e-02 5.434677715961186428e-02 3.956491661175225161e-02
1.528344710929958015e-02 2.037762047918910413e-03 9.281445001486920976e-07 -1.732213731125160222e-02 3.836119185608976440e-02 6.013256251413051645e-02 6.211147954338013671e-02 4.521654728796441203e-02
1.719719464220775471e-02 2.291562469400262175e-03 4.423915014708026949e-06 -1.949318103642292549e-02 4.315430255719217983e-02 6.765074744192245415e-02 6.987640722410889960e-02 5.086804662172582370e-02
1.911168124963596310e-02 2.545161724301088935e-03 8.677877250564194900e-06 -2.166552086126146207e-02 4.794695523699033651e-02 7.516929651904917520e-02 7.764156222679680086e-02 5.651941250544895157e-02
