0.000000000000000000e+00 0.000000000000000000e+00 0.000000000000000000e+00 0.000000000000000000e+00
1.695406921005118087e-04 -9.526009053096959767e-04 2.836448518119666622e-04 3.392007121017582942e-03
3.387298909154550322e-04 -1.904160281052409438e-03 5.662577357436646922e-04 6.787279029032057369e-03
5.075672999549899920e-04 -2.854675274644636555e-03 8.478374421298927495e-04 1.018582140639277822e-02
6.760526208137274768e-04 -3.804143024341577212e-03 1.128382757292006270e-03 1.358763995284366193e-02
8.441855531605308447e-04 -4.752560659210483367e-03 1.407892463488914997e-03 1.699274038580010637e-02
1.011965794724972115e-03 -5.699925299085834007e-03 1.686365338881146234e-03 2.040112844044796037e-02
1.179393041284341331e-03 -6.646234054524878532e-03 1.963800157500678652e-03 2.381280986984771197e-02
1.346466986649923377e-03 -7.591484026762437658e-03 2.240195689214077683e-03 2.722779044503531240e-02
1.513187322653523946e-03 -8.535672307665337008e-03 2.515550699692052639e-03 3.064607595512796809e-02
1.679553739133802636e-03 -9.478795979686921794e-03 2.789863950373206846e-03 3.406767220742634716e-02
