0.000000000000000000e+00 0.000000000000000000e+00 0.000000000000000000e+00 0.000000000000000000e+00 0.000000000000000000e+00 0.000000000000000000e+00 0.000000000000000000e+00 0.000000000000000000e+00 0.000000000000000000e+00 0.000000000000000000e+00
4.473912412177220117e-04 1.877063030766151503e-04 3.279913595613309971e-05 -1.562100969822942354e-04 -6.490562804054504469e-04 1.400463251040630136e-03 8.880212918759573370e-04 1.055974375727721827e-03 1.203195749957655441e-03 2.204427969642457161e-03
8.942870410479819739e-04 3.754355145618169017e-04 6.562936129179164119e-05 -3.124061700278987601e-04 -1.297809561550610728e-03 2.800221625193384349e-03 1.775613046114437460e-03 2.111899795737249945e-03 2.406655324401435567e-03 4.410697862175913878e-03
1.340687004474754029e-03 5.631876779654911881e-04 9.849070649910792851e-05 -4.685882503803249057e-04 -1.946259323055974213e-03 4.199271404859226953e-03 2.662774300844252852e-03 3.167776289386879662e-03 3.610379606194805656e-03 6.618813965222039748e-03
1.786590735737241756e-03 7.509628364941570199e-04 1.313832021451594970e-04 -6.247563691181429180e-04 -2.594405042017715844e-03 5.597608858947176851e-03 3.549504090835263123e-03 4.223603885824264888e-03 4.814369481270011457e-03 8.828780581961603521e-03
2.231997838335453028e-03 9.387610330484860190e-04 1.643068788684363284e-04 -7.809105571526938835e-04 -3.242246193010082586e-03 6.995230242843529858e-03 4.435801447499555274e-03 5.279382613990431412e-03 6.018625838643895318e-03 1.104060203122467568e-02
2.676907915024663749e-03 1.126582310221163315e-03 1.972617673797657503e-04 -9.370508452261609071e-04 -3.889782248069201080e-03 8.392131798353795122e-03 5.321665398878835940e-03 6.335112502617197376e-03 7.223149570432083402e-03 1.325428264756348465e-02
3.121320567809724496e-03 1.314426710293671802e-03 2.302478984621329999e-04 -1.093177263909753073e-03 -4.537012676676997411e-03 9.788309753649835493e-03 6.207094969625868118e-03 7.390793580225475841e-03 8.427941571862426762e-03 1.546982678132798744e-02
3.565235397939725808e-03 1.502294275234082859e-03 2.632653029713373028e-04 -1.249289843602174660e-03 -5.183936945745841983e-03 1.118376032320789366e-02 7.092089180990903026e-03 8.446425875122473212e-03 9.633002741290039653e-03 1.768723879873617538e-02
4.008652005901823002e-03 1.690185046693995106e-03 2.963140118366583853e-04 -1.405388614527274590e-03 -5.830554519601263003e-03 1.257847970775453558e-02 7.976647050803586936e-03 9.502009415399940637e-03 1.083833398020773650e-02 1.990652308195144451e-02
4.451569991415718457e-03 1.878099066005757978e-03 3.293940560607899596e-04 -1.561473606732509574e-03 -6.476864859966418100e-03 1.397246409420879742e-02 8.860767593459878758e-03 1.055754422893043741e-02 1.204393619326345199e-02 2.212768402915662319e-02
