0.000000000000000000e+00 0.000000000000000000e+00 0.000000000000000000e+00 0.000000000000000000e+00 0.000000000000000000e+00 0.000000000000000000e+00
5.086903311879589036e-04 2.270725389947405605e-04 -2.642546167118193156e-04 1.864251158769472541e-03 1.302915675914620474e-03 5.520179834807455426e-04
1.017006094657347051e-03 4.543200277481241928e-04 -5.283565435361177063e-04 3.729296262752785241e-03 2.605955527570678193e-03 1.103780867857184723e-03
1.524946861647589764e-03 6.817426080374471530e-04 -7.923057486110520386e-04 5.595135959473375095e-03 3.909119711093058530e-03 1.655288385546067713e-03
2.032512202678643173e-03 9.093404218709772975e-04 -1.056102200011133693e-03 7.461770897452420920e-03 5.212408382806340418e-03 2.206540268715079158e-03
2.539701687549537380e-03 1.137113611490887799e-03 -1.319745865746922925e-03 9.329201726231172928e-03 6.515821699238521017e-03 2.757536249282015704e-03
3.046514885336433671e-03 1.365062319373463442e-03 -1.583236713765032557e-03 1.119742909637459240e-02 7.819359817121522907e-03 3.308276058915910964e-03
3.552951364390459586e-03 1.593186688230834210e-03 -1.846574711947863642e-03 1.306645365947333923e-02 9.123022893391390109e-03 3.858759429033793535e-03
4.059010692335323668e-03 1.821486861010722554e-03 -2.109759828112928604e-03 1.493627606814849733e-02 1.042681108519009393e-02 4.408986090802052664e-03
4.564692436065558197e-03 2.049962980897949028e-03 -2.372792030012400855e-03 1.680689697605399976e-02 1.173072454986504899e-02 4.958955775133038618e-03
5.069996161744085364e-03 2.278615191314907820e-03 -2.635671285333193725e-03 1.867831703788112516e-02 1.303476344497013495e-02 5.508668212686540673e-03
