0.000000000000000000e+00 0.000000000000000000e+00 0.000000000000000000e+00 0.000000000000000000e+00 0.000000000000000000e+00 0.000000000000000000e+00 0.000000000000000000e+00 0.000000000000000000e+00
2.365338029801130725e-04 1.282765855966895780e-04 -2.361413150890145733e-04 -4.394810268010219349e-04 5.729359432684683279e-04 1.027851841799935729e-03 7.099182551420724291e-04 1.827996436437217664e-03
4.730244266737730304e-04 2.565100866767919328e-04 -4.722679439826366976e-04 -8.786490123672850488e-04 1.145869416185072180e-03 2.055622832524097408e-03 1.419671850502843670e-03 3.656548989249997807e-03
7.094718705035541525e-04 3.847004809020560510e-04 -7.083798604780108680e-04 -1.317503534634107418e-03 1.718800410087172915e-03 3.083312943168654233e-03 2.129260717901258846e-03 5.485658267294480847e-03
9.458761338922613273e-04 5.128477459444647033e-04 -9.444770384160451832e-04 -1.756044170420599081e-03 2.291728916310193775e-03 4.110922144742884705e-03 2.838684789120082819e-03 7.315324881066404515e-03
1.182237216262421427e-03 6.409518594867874694e-04 -1.180559451683717851e-03 -2.194270495418746726e-03 2.864654926188737148e-03 5.138450408273719655e-03 3.547943995910298690e-03 9.145549442737384294e-03
1.418555117036923285e-03 7.690127992222953483e-04 -1.416627074214447902e-03 -2.632182084188106844e-03 3.437578431055756355e-03 6.165897704805094540e-03 4.257038269989320278e-03 1.097633256616387457e-02
1.654829835638528882e-03 8.970305428545415332e-04 -1.652679879987862090e-03 -3.069778510151046844e-03 4.010499422244016496e-03 7.193264005399629957e-03 4.965967543042721852e-03 1.280767486689358969e-02
1.891061371490644107e-03 1.025005068098139814e-03 -1.888717843030350649e-03 -3.507059345586987717e-03 4.583417891084367972e-03 8.220549281136654493e-03 5.674731746722230623e-03 1.463957696217404840e-02
2.127249724016109112e-03 1.152936352677489231e-03 -2.124740937415005824e-03 -3.944024161627842154e-03 5.156333828907177196e-03 9.247753503113298468e-03 6.383330812646192953e-03 1.647203947096122223e-02
2.363394892638449266e-03 1.280824374328129759e-03 -2.360749137262507444e-03 -4.380672528252268702e-03 5.729247227040767075e-03 1.027487664244405678e-02 7.091764672399886171e-03 1.830506301392719262e-02
