0.000000000000000000e+00 0.000000000000000000e+00 0.000000000000000000e+00 0.000000000000000000e+00 0.000000000000000000e+00 0.000000000000000000e+00
2.074821687443054001e-03 7.894074846864203385e-04 -2.864229172129311492e-03 4.087766331161442508e-03 9.252601564986407540e-03 7.866902642400178461e-03
4.150175172852936696e-03 1.580656971376580679e-03 -5.730832144229354962e-03 8.174086793619386032e-03 1.850460948990594046e-02 1.573584479357030552e-02
6.226061109566368747e-03 2.373753538107523531e-03 -8.599814647673892712e-03 1.225896389223971560e-02 2.775601834716464461e-02 2.360682937623920577e-02
8.302480140928448701e-03 3.168702269343415430e-03 -1.147118241027165510e-02 1.634240011900691195e-02 3.700682272691811769e-02 3.147985930826618928e-02
1.037943290021055807e-02 3.965508254136711208e-03 -1.434494115434706285e-02 2.042439795166499372e-02 4.625701723934753928e-02 3.935493750172661814e-02
1.245692001057886050e-02 4.764176584202342926e-03 -1.722109659478092067e-02 2.450495985232497773e-02 5.550659651699538927e-02 4.723206686196644577e-02
1.453494208511533353e-02 5.564712351900574089e-03 -2.009965443701563007e-02 2.858408826603507299e-02 6.475555521716823415e-02 5.511125028663143438e-02
1.661349972689578347e-02 6.367120648127990931e-03 -2.298062037502348123e-02 3.266178561931143420e-02 7.400388802441205949e-02 6.299249066465888169e-02
1.869259352912770733e-02 7.171406560114768763e-03 -2.586400008924193139e-02 3.673805431863252924e-02 8.325158965305989867e-02 7.087579087523764032e-02
2.077222407535032900e-02 7.977575169126092242e-03 -2.874979924447606736e-02 4.081289674889004154e-02 9.249865484986594111e-02 7.876115378672211842e-02
