0.000000000000000000e+00 0.000000000000000000e+00 0.000000000000000000e+00 0.000000000000000000e+00 0.000000000000000000e+00 0.000000000000000000e+00 0.000000000000000000e+00 0.000000000000000000e+00
2.135813109060379945e-03 3.819768223377762329e-04 -4.737524119547984803e-04 -2.044037518815180338e-03 5.632112680505976972e-03 7.795840254339996174e-03 7.593437414232466660e-03 5.292547909985093231e-03
4.272908192738209682e-03 7.631379485587208231e-04 -9.479344060441654077e-04 -4.088111734620330021e-03 1.126715974091455422e-02 1.559230570862480021e-02 1.518494240596614947e-02 1.058346864776166935e-02
6.411295308450967040e-03 1.143473465055535633e-03 -1.422556163372365283e-03 -6.132212609497435761e-03 1.690517973582451872e-02 2.338941661885632003e-02 2.277449358297511592e-02 1.587272480980424921e-02
8.550984711634393096e-03 1.522973242625355085e-03 -1.897628084141603135e-03 -8.176329869477342097e-03 2.254621204997716080e-02 3.118719368414326482e-02 3.036206909553280930e-02 2.116027816199094608e-02
1.069198686446358806e-02 1.901626930642158833e-03 -2.373160794857385666e-03 -1.022045299960394962e-02 2.819029691846748620e-02 3.898565806420914437e-02 3.794764663276974093e-02 2.644608962037089256e-02
1.283431244152914881e-02 2.279423950910457186e-03 -2.849165154546868649e-03 -1.226457123724449504e-02 3.383747545018037095e-02 4.678483139183933076e-02 4.553120340996997389e-02 3.173011922799157114e-02
1.497797233570381456e-02 2.656353491313869115e-03 -3.325652261181389138e-03 -1.430867356518489286e-02 3.948778965200073349e-02 5.458473578572868579e-02 5.311271615544355118e-02 3.701232613096156615e-02
1.712297766421191220e-02 3.032404499247933621e-03 -3.802633458307468073e-03 -1.635274870449810250e-02 4.514128245383410704e-02 6.238539386375940854e-02 6.069216109696291828e-02 4.229266855372107448e-02
1.926933977490456751e-02 3.407565674830188244e-03 -4.280120341897511275e-03 -1.839678510718012125e-02 5.079799773446221078e-02 7.018682875672123400e-02 6.826951394774090354e-02 4.757110377348590380e-02
2.141707025275104911e-02 3.781825463879202789e-03 -4.758124767425779902e-03 -2.044077094854485077e-02 5.645798034827246431e-02 7.798906412248954312e-02 7.584474989193841499e-02 5.284758809383228312e-02
