0.000000000000000000e+00 0.000000000000000000e+00 0.000000000000000000e+00 0.000000000000000000e+00
5.679954985301894190e-04 -4.127995297597545537e-04 1.937543540814946333e-03 1.324338594581806524e-03
1.136298805938439679e-03 -8.246000308142977138e-04 3.878759681675596899e-03 2.645924034227293328e-03
1.704916844773733502e-03 -1.235393317537560693e-03 5.823688624993097682e-03 3.964716945617545278e-03
2.273856644444733136e-03 -1.645171073653428585e-03 7.772371216173157640e-03 5.280677330457524306e-03
2.843125343501317834e-03 -2.053924849568301066e-03 9.724848957154195658e-03 6.593764552848436523e-03
3.412730191712185293e-03 -2.461646059616501032e-03 1.168116401960816661e-02 7.903937326633770147e-03
3.982678552188698325e-03 -2.868325979234424578e-03 1.364135925845526287e-02 9.211153702447426317e-03
4.552977903557493301e-03 -3.273955742066723008e-03 1.560547822571327868e-02 1.051537105444945788e-02
5.123635842184131976e-03 -3.678526336997986913e-03 1.757356518467850792e-02 1.181654606674081669e-02
5.694660084446915432e-03 -4.082028605110104083e-03 1.954566512445883933e-02 1.311463471945380037e-02
