0.000000000000000000e+00 0.000000000000000000e+00 0.000000000000000000e+00 0.000000000000000000e+00 0.000000000000000000e+00 0.000000000000000000e+00
2.279496054758579394e-03 1.794583074474784181e-03 -4.074079129233299824e-03 3.024846257413280233e-03 1.564334730246206076e-02 6.394468706333660338e-03
4.557370448500966224e-03 3.596145934989608117e-03 -8.153516383490471559e-03 6.046399636361016010e-03 3.129368389332088524e-02 1.278524100273680138e-02
6.833605319474603430e-03 5.404738522815706603e-03 -1.223834384229002294e-02 9.064659037198307887e-03 4.695100758294495219e-02 1.917232017848418540e-02
9.108182434950200246e-03 7.220411530671775983e-03 -1.632859396562162668e-02 1.207962321803464877e-02 6.261531603610737129e-02 2.555570981069481620e-02
1.138108318356826146e-02 9.043216405871391805e-03 -2.042429958943926815e-02 1.509129078304976938e-02 7.828660677626443631e-02 3.193541377173237522e-02
1.365228856818775233e-02 1.087320535200737501e-02 -2.452549392019457222e-02 1.809966017029503160e-02 9.396487719070392708e-02 3.831143623625656025e-02
1.592177919935180638e-02 1.271043132900860628e-02 -2.863221052835971531e-02 2.110472963901383753e-02 1.096501245365568422e-01 4.468378168789376853e-02
1.818953528949518103e-02 1.455494805140414294e-02 -3.274448334089859886e-02 2.410649725650355207e-02 1.253423459476665225e-01 5.105245492550333081e-02
2.045553664801829166e-02 1.640680998462715201e-02 -3.686234663264464917e-02 2.710496088456656669e-02 1.410415384423026330e-01 5.741746106901373520e-02
2.271976267736412064e-02 1.826607233919255724e-02 -4.098583501655585215e-02 3.010011816559574407e-02 1.567476989316915204e-01 6.377880556480497454e-02
