0.000000000000000000e+00 0.000000000000000000e+00 0.000000000000000000e+00 0.000000000000000000e+00 0.000000000000000000e+00 0.000000000000000000e+00 0.000000000000000000e+00 0.000000000000000000e+00 0.000000000000000000e+00 0.000000000000000000e+00
-2.081249644633729299e-05 1.884140491714895440e-03 -9.202441946031696997e-05 -4.658696978422210153e-05 -1.724716606024015528e-03 -3.474022153912495600e-04 3.552974586189831026e-03 9.326613148770902806e-03 9.251645110620026341e-03 2.998667342177373674e-03
-4.342064567919464818e-05 3.770244111077330346e-03 -1.855237113805336280e-04 -9.132515416475914857e-05 -3.449974599852928363e-03 -6.957416934422296821e-04 7.106258142799364193e-03 1.865438181966161055e-02 1.850473483438623556e-02 5.995362841328083330e-03
-6.783425551931729477e-05 5.658315800548295756e-03 -2.805082339337723694e-04 -1.342002616530424495e-04 -5.175773049442135114e-03 -1.045023274020272360e-03 1.065986032638703042e-02 2.798330533350816204e-02 2.775926853213923906e-02 8.990082999085956261e-03
-9.406325020546569106e-05 7.548360521151992707e-03 -3.769884717613747327e-04 -1.751978111732867271e-04 -6.902110988011953864e-03 -1.395251855133683612e-03 1.421379091552308314e-02 3.731338298093762190e-02 3.701524555535400107e-02 1.198282429278591139e-02
-1.221176729612968056e-04 9.440383251032580247e-03 -4.749750381636808592e-04 -2.143031266337094842e-04 -8.628987413274058493e-03 -1.746432394249388797e-03 1.776805981388202699e-02 4.664461402063398154e-02 4.627266524592969082e-02 1.497358317563717185e-02
-1.520076886436793088e-04 1.133438898387948736e-02 -5.744786772871662492e-04 -2.515013312998672090e-04 -1.035640128664884474e-02 -2.098569909656792815e-03 2.132267705342979353e-02 5.597699767752405825e-02 5.553152693598410738e-02 1.796235607691882424e-02
-1.837435864753408856e-04 1.323038272721402918e-02 -6.755102663017703915e-04 -2.867773419662484995e-04 -1.208435153247081756e-02 -2.451669481871167171e-03 2.487765279770381283e-02 6.531053314088113015e-02 6.479182994765093906e-02 2.094913940220214862e-02
-2.173357828654058350e-04 1.512836950052944690e-02 -7.780808175600678264e-04 -3.201158629207133399e-04 -1.381283703718344177e-02 -2.805736255087111237e-03 2.843299734519543279e-02 7.464521956233761968e-02 7.405357359288827768e-02 2.393392953359940734e-02
-2.527948243192859861e-04 1.702835433327475403e-02 -8.822014807332665548e-04 -3.515013796995926712e-04 -1.554185664852279422e-02 -3.160775438677154714e-03 3.198872113283497687e-02 8.398105605380819239e-02 8.331675717329491138e-02 2.691672283003918378e-02
-2.901313904425286815e-04 1.893034226267559586e-02 -9.878835449141703737e-04 -3.809181526292053366e-04 -1.727140917469000350e-02 -3.516792308738869461e-03 3.554483473957739670e-02 9.331804168531469823e-02 9.258137997994145274e-02 2.989751562757219164e-02
