0.000000000000000000e+00 0.000000000000000000e+00 0.000000000000000000e+00 0.000000000000000000e+00 0.000000000000000000e+00 0.000000000000000000e+00 0.000000000000000000e+00 0.000000000000000000e+00
2.032270959034603985e-03 3.889299240680488485e-04 -3.093777202225803081e-04 -2.111823166099664490e-03 5.411699839167788059e-03 7.509401153558441754e-03 7.676638201661996515e-03 5.815044850955936907e-03
4.065093194273694879e-03 7.775136246839214199e-04 -6.182902682640158912e-04 -4.224316553982542660e-03 1.082393391562767003e-02 1.501791564864516162e-02 1.535240293301216342e-02 1.163131552047863906e-02
6.098468003159692244e-03 1.165750630893128874e-03 -9.267383428170799294e-04 -6.337480294593481923e-03 1.623670361786140603e-02 2.252554160147859572e-02 2.302729234225054170e-02 1.744881442856379555e-02
8.132396685458301300e-03 1.553640480655424328e-03 -1.234722693104275959e-03 -8.451314476435347472e-03 2.165001033012902906e-02 3.003227709432639003e-02 3.070130458469299412e-02 2.326754395336634584e-02
1.016688054695196602e-02 1.941182722752330704e-03 -1.542244113989390533e-03 -1.056581915920829472e-02 2.706385544284788114e-02 3.753812019426024105e-02 3.837443784248477374e-02 2.908750645525235920e-02
1.220192089915810192e-02 2.328376917104001305e-03 -1.849303446625801504e-03 -1.268099437319620063e-02 3.247824035252375868e-02 4.504306895298176849e-02 4.604669032563570713e-02 3.490870427600319820e-02
1.423751905903364312e-02 2.715222635083436135e-03 -2.155901579075614281e-03 -1.479684011866703834e-02 3.789316646168026936e-02 5.254712140665306064e-02 5.371806027306905845e-02 4.073113973800999293e-02
1.627367634867026014e-02 3.101719459828698733e-03 -2.462039446900097725e-03 -1.691335636528910544e-02 4.330863517877200919e-02 6.005027557574129510e-02 6.138854595368659767e-02 4.655481514344701754e-02
1.831039409497512566e-02 3.487866986552087042e-03 -2.767718033715003186e-03 -1.903054305156584927e-02 4.872464791809325707e-02 6.755252946486894894e-02 6.905814566745133165e-02 5.237973277343500184e-02
2.034767362531196902e-02 3.873664821675715936e-03 -3.072938379379879393e-03 -2.114840006760758742e-02 5.414120608971396964e-02 7.505388104756716139e-02 7.672685773165854872e-02 5.820589486022486464e-02
