0.000000000000000000e+00 0.000000000000000000e+00 0.000000000000000000e+00 0.000000000000000000e+00 0.000000000000000000e+00 0.000000000000000000e+00 0.000000000000000000e+00 0.000000000000000000e+00
1.067183041335369783e-03 1.344444959626238043e-03 5.217723591425737443e-04 -2.933400360104017422e-03 1.583375815128342141e-03 5.220008362421917937e-03 9.504884175870500357e-03 8.877166661658586130e-03
2.122571413795639860e-03 2.699924648531595427e-03 1.056876408958170492e-03 -5.879372471285299745e-03 3.122485214917029850e-03 1.041357306339450728e-02 1.903396823973458468e-02 1.780084351211267540e-02
3.165964919124651233e-03 4.066593887253201756e-03 1.605542329794290568e-03 -8.838101136171970518e-03 4.616638535336651042e-03 1.558028829426638499e-02 2.858762323169702912e-02 2.677175498393872741e-02
4.197159108157796741e-03 5.444610145172943012e-03 2.168005490105656772e-03 -1.180977474343603700e-02 6.065132140206693466e-03 2.071973980448620425e-02 3.816622764975155513e-02 3.579064046587349113e-02
5.215945167394533608e-03 6.834133593521815944e-03 2.744506587783122811e-03 -1.479458534869934269e-02 7.467248067509924848e-03 2.583150468131847552e-02 4.777016763756907619e-02 4.485825468900043328e-02
6.222109801925911933e-03 8.235327159490383325e-03 3.335291795849913525e-03 -1.779272875726585490e-02 8.822253664999361519e-03 3.091515112265049922e-02 5.739983717788324502e-02 5.397536812494403008e-02
7.215435114577026764e-03 9.648356581457337433e-03 3.940612912666388232e-03 -2.080440460870036992e-02 1.012940121471293982e-02 3.597023820265417282e-02 6.705563829165930856e-02 6.314276739653026937e-02
8.195698481125371707e-03 1.107339046535810168e-02 4.560727516789668881e-03 -2.382981646327247266e-02 1.138792754601462495e-02 4.099631563003009599e-02 7.673798124323813474e-02 7.236125570135365503e-02
9.162672421446943494e-03 1.251060034220327633e-02 5.195899126638398036e-03 -2.686917189028796560e-02 1.259705363675469106e-02 4.599292349856223816e-02 8.644728475164709103e-02 8.163165324875237827e-02
1.011612446643455135e-02 1.396016072676658712e-02 5.846397365116971084e-03 -2.992268255831738097e-02 1.375598420212759826e-02 5.095959202970232887e-02 9.618397620828773864e-02 9.095479771067827013e-02
