0.000000000000000000e+00 0.000000000000000000e+00 0.000000000000000000e+00 0.000000000000000000e+00 0.000000000000000000e+00 0.000000000000000000e+00 0.000000000000000000e+00 0.000000000000000000e+00
4.276748347631964585e-04 1.336668511561406899e-04 -7.119960706285405371e-05 -6.489200998498401889e-04 1.353365762369115573e-03 1.044163371044253127e-03 1.300010993805064165e-03 2.226241795952614046e-03
8.538447824913428588e-04 2.676053430808807859e-04 -1.420565476295197445e-04 -1.298490629446463719e-03 2.702050961183487515e-03 2.086835140507077319e-03 2.601333994799304942e-03 4.458288076236234694e-03
1.278494583994447664e-03 4.018192252085846738e-04 -2.125664993468645819e-04 -1.948724326898514754e-03 4.045983368692484053e-03 3.127996026888490641e-03 3.903987874965255452e-03 6.696212854478792408e-03
1.701608703715127256e-03 5.363123090791863416e-04 -2.827250599387557285e-04 -2.599634144507997555e-03 5.385089479348994547e-03 4.167626404040797143e-03 5.207991837915811745e-03 8.940091470117426595e-03
2.123171323978697254e-03 6.710884696642874106e-04 -3.525277455625890370e-04 -3.251233253307897735e-03 6.719294483336591892e-03 5.205706293979321837e-03 6.513365425977086197e-03 1.119000061745601543e-02
2.543166338443793740e-03 8.061516466886321829e-04 -4.219699889182602806e-04 -3.903535047595687452e-03 8.048522237855539746e-03 6.242215359007198712e-03 7.820128527640843319e-03 1.344601837601653790e-02
2.961577345364437529e-03 9.415058459858931337e-04 -4.910471373041001538e-04 -4.556553149580321732e-03 9.372695237652849121e-03 7.277132893627901236e-03 9.128301385212415908e-03 1.570822424170667531e-02
3.378387640669155804e-03 1.077155140887531672e-03 -5.597544506187872738e-04 -5.210301414144228975e-03 1.069173458476839825e-02 8.310437816240275402e-03 1.043790460266558716e-02 1.797669915883025674e-02
3.793580210841849577e-03 1.213103673647203872e-03 -6.280870993070773647e-04 -5.864793933723739042e-03 1.200555995747260192e-02 9.342108660603100009e-03 1.174895915370381509e-02 2.025152555296465262e-02
4.207137725599486427e-03 1.349355656900651278e-03 -6.960401622469937098e-04 -6.520045043313608263e-03 1.331408957837676259e-02 1.037212356707589885e-02 1.306148639003911101e-02 2.253278736473828675e-02
