0.000000000000000000e+00 0.000000000000000000e+00 0.000000000000000000e+00 0.000000000000000000e+00
6.180722691727024223e-03 -6.180722691726921007e-03 1.084749589169129932e-02 1.231724420159985983e-02
1.237428169389216508e-02 -1.237428169389214599e-02 2.169448613223740746e-02 2.463499405434453268e-02
1.858072938326798054e-02 -1.858072938326807075e-02 3.254097609635824701e-02 3.695324418351492168e-02
2.480011806523952506e-02 -2.480011806523962914e-02 4.338697126110344082e-02 4.927198911206048110e-02
3.103249992228570425e-02 -3.103249992228573895e-02 5.423247720699649055e-02 6.159122325945837195e-02
3.727792695762682795e-02 -3.727792695762695979e-02 6.507749961892723978e-02 7.391094094081877841e-02
4.353645093347693895e-02 -4.353645093347699446e-02 7.592204428678921146e-02 8.623113636624779588e-02
4.980812330325264797e-02 -4.980812330325267573e-02 8.676611710586948356e-02 9.855180364045847130e-02
5.609299513698967621e-02 -5.609299513698977335e-02 9.760972407699561315e-02 1.108729367626232615e-01
6.239111703909715201e-02 -6.239111703909720058e-02 1.084528713064546179e-01 1.231945296264549267e-01
