0.000000000000000000e+00 0.000000000000000000e+00 0.000000000000000000e+00 0.000000000000000000e+00
3.668453699316353753e-04 -7.856303097247184725e-04 8.921277600702084238e-04 2.473155934811548367e-03
7.334130856222849035e-04 -1.570616076148004291e-03 1.783712801211470664e-03 4.947470292436932995e-03
1.099703256914262486e-03 -2.354956436036717213e-03 2.674754508399718265e-03 7.422943121273711115e-03
1.465715993845203863e-03 -3.138650525370366342e-03 3.565252266866585345e-03 9.899574466952268045e-03
1.831451406654254540e-03 -3.921697479347445447e-03 4.455205462116626491e-03 1.237736437237222167e-02
2.196909605781512988e-03 -4.704096432386409288e-03 5.344613479930046887e-03 1.485631287769209607e-02
2.562090701867246554e-03 -5.485846518125156446e-03 6.233475706362567870e-03 1.733642002031796775e-02
2.926994805752900202e-03 -6.266946869421390585e-03 7.121791527746143373e-03 1.981768583489290636e-02
3.291622028479165331e-03 -7.047396618353141302e-03 8.009560330691806174e-03 2.230011035328583607e-02
3.655972481286752594e-03 -7.827194896218447537e-03 8.896781502089617585e-03 2.478369360458078721e-02
