0.000000000000000000e+00 0.000000000000000000e+00 0.000000000000000000e+00 0.000000000000000000e+00
5.578674188239645271e-04 -3.719975634866588051e-04 1.920191340781692057e-03 1.473687298352439976e-03
1.115422312515159612e-03 -7.437692462888328884e-04 3.840876842379212404e-03 2.947747477612363848e-03
1.672664401238586982e-03 -1.115314824905007211e-03 5.762056956052523382e-03 4.422180888514751738e-03
2.229593404507029634e-03 -1.486634075345045873e-03 7.683732134002595887e-03 5.896987882479669436e-03
2.786209041176540904e-03 -1.857726773126316304e-03 9.605902829409674118e-03 7.372168811629832910e-03
3.342511029443529045e-03 -2.228592693271883203e-03 1.152856949643536570e-02 8.847724028790256157e-03
3.898499086842440071e-03 -2.599231610309027732e-03 1.345173259022881818e-02 1.032365388749293365e-02
4.454172930242741510e-03 -2.969643298267207916e-03 1.537539256692919097e-02 1.179995874197788813e-02
5.009532275846130360e-03 -3.339827530676783406e-03 1.729954988366916302e-02 1.327663894719629915e-02
5.564576839184045935e-03 -3.709784080566874611e-03 1.922420499857990100e-02 1.475369485881324397e-02
