0.000000000000000000e+00 0.000000000000000000e+00 0.000000000000000000e+00 0.000000000000000000e+00 0.000000000000000000e+00 0.000000000000000000e+00 0.000000000000000000e+00 0.000000000000000000e+00 0.000000000000000000e+00 0.000000000000000000e+00
1.410093876513793905e-03 2.049162950777937489e-03 -1.805149138132030315e-04 -1.946470659352706606e-03 -1.332271254125816633e-03 1.334133294866440226e-03 6.014882620772372783e-03 9.629906322612858879e-03 5.705211010887806244e-03 2.176797469088664460e-03
2.819343950692518395e-03 4.100115086871679651e-03 -3.611435732055513510e-04 -3.894489927033800095e-03 -2.663825537324718013e-03 2.666281430875157548e-03 1.202980997182937287e-02 1.926376717683343787e-02 1.140987383335415051e-02 4.352129023563894479e-03
4.227747421635625301e-03 6.152857104558621601e-03 -5.418815467283392756e-04 -5.844061248754521543e-03 -3.994661730711235488e-03 3.996442949513783795e-03 1.804478272850688902e-02 2.890158459497381774e-02 1.711398819628082157e-02 6.525993685409235343e-03
5.635301466045344355e-03 8.207389606807679455e-03 -7.227242640079839867e-04 -7.795188081132582193e-03 -5.324778727712053440e-03 5.324616372005393401e-03 2.405980155054845276e-02 3.854336063871484364e-02 2.281755382975048790e-02 8.698390481893601700e-03
7.042003238011495733e-03 1.026371310013278991e-02 -9.036670131494892351e-04 -9.747873890637755168e-03 -6.654175434356722485e-03 6.650800199272045160e-03 3.007486707904909878e-02 4.818909740292058597e-02 2.852057046395752027e-02 1.086931844594126936e-02
8.447849868817551219e-03 1.232182799143043996e-02 -1.084704938235243107e-03 -1.170212215245360413e-02 -7.982850769558871157e-03 7.974992911917068092e-03 3.608997993325007564e-02 5.783879701961303077e-02 3.422303782808593792e-02 1.303877661650275702e-02
9.852838466769783463e-03 1.438173458480522006e-02 -1.265833036932572731e-03 -1.365793634925333011e-02 -9.310803665388785177e-03 9.297192970237230097e-03 4.210514070717342322e-02 6.749246166211049502e-02 3.992495564915397865e-02 1.520676403892178008e-02
1.125696611705333250e-02 1.644343307839022175e-02 -1.447046158228558737e-03 -1.561531996988132186e-02 -1.063803306733327424e-02 1.061739881425718783e-02 4.812034996610613929e-02 7.715009354933036190e-02 4.562632365083229419e-02 1.737327976529915233e-02
1.266022988161715455e-02 1.850692356117057680e-02 -1.628339000306330830e-03 -1.757427650793789986e-02 -1.196453793454296810e-02 1.193560886379678096e-02 5.413560824291909629e-02 8.681169495025364835e-02 5.132714155223263436e-02 1.953832285485037484e-02
1.406262679909160880e-02 2.057220600981706990e-02 -1.809706108584180611e-03 -1.953480946025942452e-02 -1.329031724006454404e-02 1.325182151856505938e-02 6.015091603422843825e-02 9.647726818855230368e-02 5.702740906668076620e-02 2.170189237425482892e-02
