0.000000000000000000e+00 0.000000000000000000e+00 0.000000000000000000e+00 0.000000000000000000e+00 0.000000000000000000e+00 0.000000000000000000e+00 0.000000000000000000e+00 0.000000000000000000e+00
6.877233217025969635e-04 2.392309988703550253e-04 1.603698360423347769e-04 -2.025246198469844911e-04 2.929198855554449813e-03 1.538562593466047618e-03 1.897485237303877040e-03 1.423618033068772956e-03
1.374812643591263829e-03 4.785828611766353396e-04 3.208343220968004421e-04 -4.047037656248569882e-04 5.859678071205441825e-03 3.077377864555555249e-03 3.795117448747488582e-03 2.847703212016189801e-03
2.061266902607111848e-03 7.180556606141625439e-04 4.813935214503132576e-04 -6.065369950157190916e-04 8.791439027609595017e-03 4.616445986383832523e-03 5.692896536662096947e-03 4.272256045849755733e-03
2.747085032646220167e-03 9.576494710418796338e-04 6.420474974262113058e-04 -8.080238645168118152e-04 1.172448310941582271e-02 6.155767132121717569e-03 7.590822402872498056e-03 5.697277045236944122e-03
3.432265964522941432e-03 1.197364366485486513e-03 8.027963133881864301e-04 -1.009163929437262384e-03 1.465881170542358142e-02 7.695341474998850656e-03 9.488894948712661703e-03 7.122766722511103023e-03
4.116808625950597357e-03 1.437200421139298804e-03 9.636400327398583331e-04 -1.209956743892776033e-03 1.759442620861488213e-02 9.235169188306663335e-03 1.138711407502648355e-02 8.548725591680378377e-03
4.800711941521567348e-03 1.677157709366635828e-03 1.124578718924572644e-03 -1.410401860799063468e-03 2.053132801618158532e-02 1.077525044539390936e-02 1.328547968216524898e-02 9.975154168436462659e-03
5.483974832686702543e-03 1.917236305700950995e-03 1.285612435425432685e-03 -1.610498831866038864e-03 2.346951852955535614e-02 1.231558541967041343e-02 1.518399166998725229e-02 1.140205297016471872e-02
6.166596217735628889e-03 2.157436284847733931e-03 1.446741245765158961e-03 -1.810247207591591558e-03 2.640899915443711832e-02 1.385617428460373009e-02 1.708264993785494137e-02 1.282942251595286902e-02
6.848575011776127791e-03 2.397757721684581379e-03 1.607965213505576328e-03 -2.009646537255180363e-03 2.934977130082752975e-02 1.539701721372187075e-02 1.898145438463597762e-02 1.425726332660002052e-02
