0.000000000000000000e+00 0.000000000000000000e+00 0.000000000000000000e+00 0.000000000000000000e+00 0.000000000000000000e+00 0.000000000000000000e+00 0.000000000000000000e+00 0.000000000000000000e+00 0.000000000000000000e+00 0.000000000000000000e+00
5.720326156960721300e-04 1.430505808689115448e-04 -1.416234367318734531e-05 -1.562000572271008000e-04 -4.906485544335803138e-04 1.928112940399832496e-03 1.175017614067669965e-03 1.094342862962577583e-03 1.041551671587455721e-03 1.606216376818137828e-03
1.144055282666160168e-03 2.859939147978826385e-04 -2.845744807741962211e-05 -3.124200334703415636e-04 -9.805211128267900516e-04 3.858629428092337759e-03 2.350676984113206618e-03 2.188600982833296266e-03 2.082320748403886090e-03 3.211089918837491640e-03
1.716072440389949244e-03 4.288291535354436194e-04 -4.288700105055140123e-05 -4.686607016848626955e-04 -1.469612467304370895e-03 5.791575011160497201e-03 3.526987509080012177e-03 3.282774324931392578e-03 3.122297798306064923e-03 4.814595478789569262e-03
2.288088606269463206e-03 5.715554334646657034e-04 -5.745271926360036486e-05 -6.249228471327647385e-04 -1.957917323767910476e-03 7.726975678803580695e-03 4.703958749605238396e-03 4.376862853452444593e-03 4.161473226705413725e-03 6.416707474175269155e-03
2.860108377514803367e-03 7.141718752473882274e-04 -7.215634890378974881e-05 -7.812072676893812035e-04 -2.445430299858501483e-03 9.664857871739037515e-03 5.881600431837622801e-03 5.470866531456121742e-03 5.199837272782766549e-03 8.017399877205249117e-03
3.432136432836615635e-03 8.566775834696793886e-04 -8.699966631354991999e-05 -9.375147741006969234e-04 -2.932145923012275269e-03 1.160524849202660379e-02 7.059922451018480968e-03 6.564785320828513127e-03 6.237380005883141898e-03 9.616646205179791088e-03
4.004177534180326965e-03 9.990716462772201382e-04 -1.019844786466984530e-04 -1.093846190249745743e-03 -3.418058628464955284e-03 1.354817491315129727e-02 8.238934875158259938e-03 7.658619182247717976e-03 7.274091321812874850e-03 1.121441951061354254e-02
4.576236528505114691e-03 1.141353135001311461e-03 -1.171126245406691125e-04 -1.250202353426752011e-03 -3.903162757201452098e-03 1.549366499037182522e-02 9.418647948812483919e-03 8.752368075142537979e-03 8.309960939041047961e-03 1.281069237110524749e-02
5.148318349609354305e-03 1.283521103774984407e-03 -1.323859748081221085e-04 -1.406584114609442599e-03 -4.387452553852402327e-03 1.744174707133897689e-02 1.059907209695087893e-02 9.846031957656499120e-03 9.344978394802362989e-03 1.440543687894050261e-02
5.720428020002020497e-03 1.425574589137140096e-03 -1.478064331445286814e-04 -1.562992338747272447e-03 -4.870922164532560071e-03 1.939245000700140151e-02 1.178021792893313088e-02 1.093961078660227529e-02 1.037913304109346589e-02 1.599862463042009755e-02
