0.000000000000000000e+00 0.000000000000000000e+00 0.000000000000000000e+00 0.000000000000000000e+00 0.000000000000000000e+00 0.000000000000000000e+00 0.000000000000000000e+00 0.000000000000000000e+00 0.000000000000000000e+00 0.000000000000000000e+00
7.173769965863825747e-04 9.970323262716348361e-04 7.207377283432573906e-04 -6.032382131884012587e-05 -2.374823229882432832e-03 1.030844211927846093e-03 2.870839536559235006e-03 5.428861769333198813e-03 7.764706753204413461e-03 7.158797859800909019e-03
1.424703690853108265e-03 1.998774081549852411e-03 1.449754656834811731e-03 -1.137226465252996798e-04 -4.759509782712737815e-03 2.025949615204472413e-03 5.713278692263831782e-03 1.085680483186995601e-02 1.555667065615671044e-02 1.435539646615630396e-02
2.121826115491154234e-03 3.005278853404944918e-03 2.187170002100815615e-03 -1.600786605117153309e-04 -7.154196310485135685e-03 2.984792593019746157e-03 8.526908311422562795e-03 1.628381306140888607e-02 2.337628744770050421e-02 2.159034897892620972e-02
2.808587268366154362e-03 4.016600852216539036e-03 2.933105204379774910e-03 -1.992714346723423874e-04 -9.559021890289978035e-03 3.906839760076391208e-03 1.131131140558486181e-02 2.170986985316146478e-02 3.122396033780759986e-02 2.886421916667354648e-02
3.484827037918288538e-03 5.032794916151899292e-03 3.687683978356027896e-03 -2.311778574804774101e-04 -1.197412807494566654e-02 4.791547737491186343e-03 1.406606296715494191e-02 2.713495810778796674e-02 3.910010018349265731e-02 3.617758165820229160e-02
4.150382126374290576e-03 6.053916515986957486e-03 4.451032365352927331e-03 -2.556720629655778211e-04 -1.439965894474850433e-02 5.638362921545027849e-03 1.679072977773798589e-02 3.255906021483238877e-02 4.700512566967598310e-02 4.353102220116389365e-02
4.805085970702008963e-03 7.080021759760748816e-03 5.223278786925428067e-03 -2.726253570305282696e-04 -1.683576116035734316e-02 6.446721246100085498e-03 1.948487021103324085e-02 3.798215803552511260e-02 5.493946349514790273e-02 5.092513792797537936e-02
5.448768661225633810e-03 8.111167397241880739e-03 6.004554099895417080e-03 -2.819061415294866514e-04 -1.928258401683317219e-02 7.216047938477862002e-03 2.214803403010852378e-02 4.340423288493312770e-02 6.290354856381354109e-02 5.836053762927424782e-02
6.081256857829229687e-03 9.147410824191464992e-03 6.794991652873279102e-03 -2.833798360405083601e-04 -2.174027949885336958e-02 7.945757268597673090e-03 2.477976217886317112e-02 4.882526551342229737e-02 7.089782418137786923e-02 6.583784203517230316e-02
6.702373703658347052e-03 1.018881008640218182e-02 7.594727344310326679e-03 -2.769087972528121340e-04 -2.420900233711770558e-02 8.635252291157016410e-03 2.737958656749321998e-02 5.424523608740740299e-02 7.892274225765348594e-02 7.335768410454840405e-02
