0.000000000000000000e+00 0.000000000000000000e+00 0.000000000000000000e+00 0.000000000000000000e+00 0.000000000000000000e+00 0.000000000000000000e+00 0.000000000000000000e+00 0.000000000000000000e+00 0.000000000000000000e+00 0.000000000000000000e+00
1.056283855628787531e-03 9.153437021735605014e-04 6.266508657963899571e-04 -3.728734880214278676e-04 -2.225404941993911964e-03 2.163264303829597144e-03 3.710228457191054423e-03 5.546893014199499872e-03 7.118062099300116394e-03 6.157207658426548137e-03
2.112112668505095221e-03 1.830714387606111482e-03 1.253943813833455472e-03 -7.452457374082350171e-04 -4.451525139101496394e-03 4.325347111625364553e-03 7.419246918856042469e-03 1.109300197845076649e-02 1.423658975049672641e-02 1.231712527803677064e-02
3.167486201864700909e-03 2.746111933943360880e-03 1.881879857339625005e-03 -1.117118049344233838e-03 -6.678359950517382716e-03 6.486247973563717163e-03 1.112705597339598042e-02 1.663832570001856637e-02 2.135558213591393431e-02 1.847975475908555584e-02
4.222404216749717915e-03 3.661536212708540409e-03 2.510459997844062194e-03 -1.488491745721444437e-03 -8.905908688443951726e-03 8.645966433896389025e-03 1.483365620869212149e-02 2.218286298372183774e-02 2.847503848509507982e-02 2.464509793507561192e-02
5.276866472354423653e-03 4.576987089503253142e-03 3.139685223742400173e-03 -1.859368161502392971e-03 -1.113417063110987322e-02 1.080450203152487181e-02 1.853904821279992246e-02 2.772661263311358010e-02 3.559495807848292448e-02 3.081315659505421897e-02
6.330872725968744730e-03 5.492464423779849607e-03 3.769556509288366549e-03 -2.229748643663302925e-03 -1.336314502253527214e-02 1.296185429988534060e-02 2.224323257379527685e-02 3.326957345046301778e-02 4.271534024887649328e-02 3.698393248244116749e-02
7.384422732920694482e-03 6.407968068608954453e-03 4.400074813552523438e-03 -2.599634550062666395e-03 -1.559283107233016760e-02 1.511802276683129123e-02 2.594620987961572534e-02 3.881174423674076807e-02 4.983618438289744157e-02 4.315742729385297488e-02
8.437516246516866755e-03 7.323497870441160115e-03 5.031241079343315437e-03 -2.969027248232602393e-03 -1.782322795552847283e-02 1.727300695451710472e-02 2.964798071789698578e-02 4.435312379160422092e-02 5.695748992246982279e-02 4.933364267791794100e-02
9.490153017982890654e-03 8.239053668863707131e-03 5.663056232093904505e-03 -3.337928114090727739e-03 -2.005433481245804186e-02 1.942680637927646572e-02 3.334854567580855522e-02 4.989371091338795638e-02 6.407925636630851240e-02 5.551258023408409126e-02
1.054233279640093453e-02 9.154635296351543508e-03 6.295521178711237752e-03 -3.706338530569733541e-03 -2.228615074865019502e-02 2.157942055150000038e-02 3.704790533988301660e-02 5.543350439909577876e-02 7.120148327141623268e-02 6.169424151141993107e-02
