0.000000000000000000e+00 0.000000000000000000e+00 0.000000000000000000e+00 0.000000000000000000e+00
5.681335232680124331e-03 -5.681335232680028054e-03 7.329136252127540184e-03 1.613842281539546591e-02
1.137358722782034343e-02 -1.137358722782029312e-02 1.465703629267818033e-02 3.227808184236767575e-02
1.707680973656229909e-02 -1.707680973656227133e-02 2.198373200010321840e-02 4.841894520246566025e-02
2.279105686993325094e-02 -2.279105686993327176e-02 2.930925557256048794e-02 6.456098069753146707e-02
2.851638310932212012e-02 -2.851638310932215134e-02 3.663363953484083391e-02 8.070415580277376377e-02
3.425284332247202634e-02 -3.425284332247197083e-02 4.395691674485854850e-02 9.684843766027906309e-02
4.000049278608323877e-02 -4.000049278608319020e-02 5.127912039976242897e-02 1.129937930728986545e-01
4.575938721627955535e-02 -4.575938721627956229e-02 5.860028404174566496e-02 1.291401884984379467e-01
5.152958280837786897e-02 -5.152958280837787591e-02 6.592044156367198038e-02 1.452875900440347701e-01
5.731113628761220352e-02 -5.731113628761219658e-02 7.323962721464916115e-02 1.614359634605801730e-01
