0.000000000000000000e+00 0.000000000000000000e+00 0.000000000000000000e+00 0.000000000000000000e+00 0.000000000000000000e+00 0.000000000000000000e+00 0.000000000000000000e+00 0.000000000000000000e+00 0.000000000000000000e+00 0.000000000000000000e+00
8.806650781957759029e-04 7.448403997380052604e-04 -2.355372711288579901e-04 -2.174249297190999084e-04 -1.172543274623623604e-03 3.046389320270441285e-03 5.316038645575429412e-03 6.449446608450738749e-03 6.107861030148772387e-03 3.406698091723882934e-03
1.760856581982779990e-03 1.490722076032880393e-03 -4.719409600852210798e-04 -4.342026945651550796e-04 -2.345435000893944522e-03 6.091433994035888588e-03 1.063294385204162709e-02 1.289983814234596342e-02 1.221648640049058897e-02 6.812164982837946338e-03
2.640569812242913716e-03 2.237648640141432985e-03 -7.092167096564176492e-04 -6.503266549333554941e-04 -3.518675085317603431e-03 9.135127529207092908e-03 1.595072015742405452e-02 1.935117967911911471e-02 1.832587833796641211e-02 1.021639534357686972e-02
3.519800013925888232e-03 2.985623745274390995e-03 -9.473702532813710331e-04 -8.657900753441268417e-04 -4.692263428096005162e-03 1.217746338250023062e-02 2.126937212394245172e-02 2.580347633568758070e-02 2.443603907375457851e-02 1.361938380690791081e-02
4.398542376564787242e-03 3.734651088525356606e-03 -1.186407414488369842e-03 -1.080586124411222126e-03 -5.866199923714085149e-03 1.521843496086421922e-02 2.658890434796205154e-02 3.225673327135999274e-02 3.054697084678999544e-02 1.702112497127150278e-02
5.276792033387313514e-03 4.484734411374132444e-03 -1.426334108999859508e-03 -1.294707872346036095e-03 -7.040484460945821074e-03 1.825803562080661677e-02 3.190932146036420947e-02 3.871095568850139307e-02 3.665867590364558365e-02 2.042161340033848624e-02
6.154544060411325755e-03 5.235877500172131035e-03 -1.667156346886200470e-03 -1.508148288373207645e-03 -8.215116922866107924e-03 2.129625866770835929e-02 3.723062812691486922e-02 4.516614883321676960e-02 4.277115649840426692e-02 2.382084362277202966e-02
7.031793475525879682e-03 5.988084186606394688e-03 -1.908880234770225347e-03 -1.720900238054828054e-03 -9.390097186866071255e-03 2.433309735512152044e-02 4.255282904863528365e-02 5.162231799605965926e-02 4.888441489252324385e-02 2.721881013198635541e-02
7.908535237555162564e-03 6.741358348140616408e-03 -2.151511978081636130e-03 -1.932956480520793725e-03 -1.056542512467475298e-02 2.736854488405546584e-02 4.787592896217075095e-02 5.807946851275988531e-02 5.499845335468614427e-02 3.061550738591086590e-02
8.784764245308591610e-03 7.495703908431479608e-03 -2.395057883364192907e-03 -2.144309665600266368e-03 -1.174110060238597354e-02 3.040259440224509987e-02 5.319993264016262963e-02 6.453760576497767631e-02 6.111327416064620682e-02 3.401092980675309713e-02
