0.000000000000000000e+00 0.000000000000000000e+00 0.000000000000000000e+00 0.000000000000000000e+00 0.000000000000000000e+00 0.000000000000000000e+00
2.907856805974609864e-03 9.483169221809043849e-05 -3.002688498192734347e-03 7.356601795374303684e-03 1.123407396903128123e-02 7.822108686051359311e-03
5.817162220276140064e-03 1.912249371550716823e-04 -6.008387157431186593e-03 1.471036062656853882e-02 2.246696252462054150e-02 1.564824574972499202e-02
8.727904060685943988e-03 2.892095003712642949e-04 -9.017113561057206114e-03 2.206121605411171666e-02 3.369866208283898990e-02 2.347847521442070207e-02
1.164006971844978866e-02 3.888158734918593928e-04 -1.202888559194151968e-02 2.940910609376668622e-02 4.492916914788230853e-02 3.131286256017987157e-02
1.455364614352501300e-02 4.900752965283023191e-04 -1.504372144005346884e-02 3.675396716790676338e-02 5.615848031693514847e-02 3.915147476744402361e-02
1.746861982928521462e-02 5.930197810340362419e-04 -1.806163961031930637e-02 4.409573405508662725e-02 6.738659228519598698e-02 4.699438036246043199e-02
2.038497679665761397e-02 6.976821341280114649e-04 -2.108265893078561590e-02 5.143433983771889678e-02 7.861350185108094413e-02 5.484164946440042016e-02
2.330270257767407677e-02 8.040959834265566653e-04 -2.410679856110053629e-02 5.876971584778704905e-02 8.983920592159534702e-02 6.269335383427462882e-02
2.622178219840935048e-02 9.122958029215109954e-04 -2.713407800133067066e-02 6.610179161050767915e-02 1.010637015178868087e-01 7.054956692572039723e-02
2.914220016128591870e-02 1.022316939845602062e-03 -3.016451710113151469e-02 7.343049478584355583e-02 1.122869857809713628e-01 7.841036393775727142e-02
