0.000000000000000000e+00 0.000000000000000000e+00 0.000000000000000000e+00 0.000000000000000000e+00 0.000000000000000000e+00 0.000000000000000000e+00 0.000000000000000000e+00 0.000000000000000000e+00 0.000000000000000000e+00 0.000000000000000000e+00
1.657812429353510471e-03 5.655491691172971408e-04 -5.242830961246753392e-06 -5.987706441475937596e-04 -1.619348124549593784e-03 4.474633289116406593e-03 5.625625557527345021e-03 5.734506637222303894e-03 5.505552088771695218e-03 4.287898339424843323e-03
3.315783268130194361e-03 1.130907979238317176e-03 -1.044895480024264590e-05 -1.197476866803819963e-03 -3.238765426995548515e-03 8.950119547529184622e-03 1.125087521870797580e-02 1.146850818710571859e-02 1.101063185945328794e-02 8.576296999283391023e-03
4.973912584948255236e-03 1.696076312166487892e-03 -1.561797529381640705e-05 -1.796119567660862427e-03 -4.858251355435680083e-03 1.342645985824821378e-02 1.687574888489342534e-02 1.720200366487402086e-02 1.651523930280475796e-02 1.286519600126928564e-02
6.632200441004910962e-03 2.261054042918585107e-03 -2.074949279027280859e-05 -2.394699648533434120e-03 -6.477805343920786489e-03 1.790365529117083840e-02 2.250024647153585355e-02 2.293499208516746116e-02 2.201937441808000592e-02 1.715459534613944168e-02
8.290646891086940820e-03 2.825841040361734731e-03 -2.584310547606278284e-05 -2.993218010861837218e-03 -8.097426816478228359e-03 2.238170690629087689e-02 2.812436790833493586e-02 2.866747246192307558e-02 2.752303721539065690e-02 2.144449502015118719e-02
9.949251983400971000e-03 3.390437166929083021e-03 -3.089840943768917131e-05 -3.591675555222379260e-03 -9.717115187084762740e-03 2.686061575326043060e-02 3.374811313967139570e-02 3.439944380860261025e-02 3.302622771573969496e-02 2.573489499480680412e-02
1.160801575940268240e-02 3.954842278326844290e-03 -3.591499872710791387e-05 -4.190073180820013364e-03 -1.133686985964561453e-02 3.134038287093978553e-02 3.937148212504816558e-02 4.013090513842786783e-02 3.852894595105333525e-02 3.002579522659530598e-02
1.326693825362654927e-02 4.519056223230281943e-03 -4.089246542947301208e-05 -4.788411784961131047e-03 -1.295669022797907473e-02 3.582100928693553177e-02 4.499447483954051308e-02 4.586185546462934193e-02 4.403119196420287457e-02 3.431719565673264916e-02
1.492601949351405471e-02 5.083078842969529672e-03 -4.583039973410970441e-05 -5.386692262506928737e-03 -1.457657567580611553e-02 4.030249601712972835e-02 5.061709127425572524e-02 5.159229380070043391e-02 4.953296580902118856e-02 3.860909621090381771e-02
1.658525949924332180e-02 5.646909971204916272e-03 -5.072839000857089567e-05 -5.984915505308040576e-03 -1.619652557674680637e-02 4.478484406519572802e-02 5.623933143680145963e-02 5.732221916066483625e-02 5.503426755031141232e-02 4.290149679899954438e-02
