0.000000000000000000e+00 0.000000000000000000e+00 0.000000000000000000e+00 0.000000000000000000e+00 0.000000000000000000e+00 0.000000000000000000e+00
1.843546472345466720e-03 1.903883135282285251e-03 -3.747429607627582836e-03 3.681386458352468426e-03 1.123344572628485333e-02 8.164744412020384645e-03
3.687079763390469986e-03 3.814239607661290728e-03 -7.501319371051627140e-03 7.360944271539224606e-03 2.247073435718660236e-02 1.632747456458970292e-02
5.530593397978606982e-03 5.731107979855145848e-03 -1.126170137783347527e-02 1.103866925803499363e-02 3.371188192264848449e-02 2.448817860928979157e-02
7.374080819405953550e-03 7.654527180763487891e-03 -1.502860800016910664e-02 1.471455716414570188e-02 4.495690453567204037e-02 3.264684468681354479e-02
9.217535389179817504e-03 9.584536507635420949e-03 -1.880207189681481345e-02 1.838860366177661604e-02 5.620581839417133907e-02 4.080346092734114805e-02
1.106095038683303430e-02 1.152117562824270941e-02 -2.258212601507514003e-02 2.206080434614374891e-02 6.745863978296627594e-02 4.895801545083679901e-02
1.290431900980338990e-02 1.346448458305578820e-02 -2.636880359285848421e-02 2.573115473343282750e-02 7.871538507591641087e-02 5.711049636725505640e-02
1.474763437338928555e-02 1.541450378742141580e-02 -3.016213816080996757e-02 2.939965025840751006e-02 8.997607073819284540e-02 6.526089177666206942e-02
1.659088951079516067e-02 1.737127403373721346e-02 -3.396216354453156228e-02 3.306628627197001624e-02 1.012407133286914729e-01 7.340918976925879524e-02
1.843407737327878645e-02 1.933483649362068013e-02 -3.776891386689852637e-02 3.673105803868058350e-02 1.125093295025871021e-01 8.155537842531004888e-02
