0.000000000000000000e+00 0.000000000000000000e+00 0.000000000000000000e+00 0.000000000000000000e+00
1.199946602145308440e-02 -1.199946602145270796e-02 1.117277143077443843e-02 1.134968474236166050e-02
2.409116651699566569e-02 -2.409116651699490241e-02 2.234601642818883835e-02 2.269889591808375504e-02
3.627701268188022327e-02 -3.627701268187919631e-02 3.351973908401575941e-02 3.404762943539310638e-02
4.855897413539036339e-02 -4.855897413538894092e-02 4.469394328005552725e-02 4.539588141248950687e-02
6.093907972956476293e-02 -6.093907972956305596e-02 5.586863260134448256e-02 5.674364826433710152e-02
7.341941794121674414e-02 -7.341941794121467635e-02 6.704381022066982498e-02 6.809092681814821191e-02
8.600213668784344179e-02 -8.600213668784097154e-02 7.821947874399644285e-02 7.943771446795735991e-02
9.868944235236834506e-02 -9.868944235236543072e-02 8.939564000201750960e-02 9.078400938307287782e-02
1.114835977246897702e-01 -1.114835977246864396e-01 1.005722947664749040e-01 1.021298107917515269e-01
1.243869184603627748e-01 -1.243869184603590694e-01 1.117494423600134817e-01 1.134751193713494782e-01
