0.000000000000000000e+00 0.000000000000000000e+00 0.000000000000000000e+00 0.000000000000000000e+00 0.000000000000000000e+00 0.000000000000000000e+00 0.000000000000000000e+00 0.000000000000000000e+00
5.226429353784995107e-04 2.693932538658122024e-03 5.216972931816663385e-04 -3.738272767218371248e-03 6.741655096016871363e-04 3.842826515397407185e-03 1.503910580978294956e-02 5.424574005321506839e-03
1.044000800068123087e-03 5.388171848897118157e-03 1.046292798878887403e-03 -7.478465447843951272e-03 1.347217522652424107e-03 7.682565051235284818e-03 3.008808138034674284e-02 1.084347972597227150e-02
1.564069847542920357e-03 8.082708751703105224e-03 1.573802053596021081e-03 -1.122058065284192371e-02 2.019152794909107040e-03 1.151922487356312960e-02 4.514692358791613791e-02 1.625671426392174060e-02
2.082846281493264638e-03 1.077753394725119301e-02 2.104240731051187745e-03 -1.496462095979555693e-02 2.689968024114151261e-03 1.535281546231405392e-02 6.021562891502423714e-02 2.166427495896129304e-02
2.600326256662346350e-03 1.347263801450886145e-02 2.637624628533866752e-03 -1.871058889970480393e-02 3.359659850687291959e-03 1.918334651262348922e-02 7.529419344064539055e-02 2.706615939656067601e-02
3.116505879901480119e-03 1.616801141106401912e-02 3.173969651480972910e-03 -2.245848694244621108e-02 4.028224858644997505e-03 2.301082793575803809e-02 9.038261283045047334e-02 3.246236541576720536e-02
3.631381211462021436e-03 1.886364447318664497e-02 3.713291796138352800e-03 -2.620831748078659984e-02 4.695659576759129636e-03 2.683526985959900843e-02 1.054808823272674750e-01 3.785289111709823351e-02
4.144948266544046245e-03 2.155952741613443788e-02 4.255607130166267314e-03 -2.996008281284430821e-02 5.361960479988272035e-03 3.065668262862985410e-02 1.205889967418349584e-01 4.323773487037385621e-02
4.657203017120218821e-03 2.425565033471058229e-02 4.800931771049135599e-03 -3.371378512287958457e-02 6.027123991190428895e-03 3.447507680335624991e-02 1.357069504439529506e-01 4.861689532243076983e-02
5.168141394056383238e-03 2.695200320408240244e-02 5.349281862155967279e-03 -3.746942646029430279e-02 6.691146483155466403e-03 3.829046315910047960e-02 1.508347373541379932e-01 5.399037140463981005e-02
