0.000000000000000000e+00 0.000000000000000000e+00 0.000000000000000000e+00 0.000000000000000000e+00 0.000000000000000000e+00 0.000000000000000000e+00 0.000000000000000000e+00 0.000000000000000000e+00
1.909990883975307314e-03 -7.489486957290910230e-04 1.343658277758017286e-03 -2.504700466004059455e-03 4.229563006988873441e-03 8.134736272550013858e-03 8.241774744620233850e-03 5.121648508152523878e-03
3.822746801790820066e-03 -1.504708655790156988e-03 2.696723201240413918e-03 -5.014761347241031460e-03 8.457024028470053190e-03 1.627091135397460211e-02 1.648682490207325699e-02 1.024068478010541419e-02
5.738283364435673752e-03 -2.267358768440494964e-03 4.059295307945734108e-03 -7.530219903940867793e-03 1.268237039052733106e-02 2.440852814019160710e-02 2.473518238431673608e-02 1.535708668189909691e-02
7.656616404276813184e-03 -3.036979342675648688e-03 5.431476890679930170e-03 -1.005111395228104262e-02 1.690558928846418521e-02 3.254758945583650920e-02 3.298687962117411582e-02 2.047083176377186703e-02
9.577761980099122260e-03 -3.813652145502123211e-03 6.813372044952279577e-03 -1.257748187954914505e-02 2.112666778439576884e-02 4.068809805042361560e-02 4.124194957468826916e-02 2.558189725205037984e-02
1.150173638233043319e-02 -4.597460440502344065e-03 8.205086718158704703e-03 -1.510936265998672791e-02 2.534559280479738858e-02 4.883005659430287443e-02 4.950042575400281919e-02 3.069026004076667868e-02
1.342855613846250830e-02 -5.388489027744956285e-03 9.606728760634251907e-03 -1.764679587135159142e-02 2.956235113799932437e-02 5.697346767440185367e-02 5.776234223079478036e-02 3.579589668298512051e-02
1.535823801867933561e-02 -6.186824285098957953e-03 1.101840797866064127e-02 -2.018982171224084632e-02 3.377692943163457945e-02 6.511833378974446473e-02 6.602773365528233351e-02 4.089878338183115108e-02
1.729079904170844825e-02 -6.992554211008545489e-03 1.244023618951600046e-02 -2.273848102021575057e-02 3.798931419003512278e-02 7.326465734672586716e-02 7.429663527283146551e-02 4.599889598121143647e-02
1.922625648090856010e-02 -7.805768468792693288e-03 1.387232727866027568e-02 -2.529281529077594473e-02 4.219949177157681502e-02 8.141244065413980047e-02 8.256908294118910085e-02 5.109620995621005912e-02
