0.000000000000000000e+00 0.000000000000000000e+00 0.000000000000000000e+00 0.000000000000000000e+00 0.000000000000000000e+00 0.000000000000000000e+00 0.000000000000000000e+00 0.000000000000000000e+00
6.254728011167314016e-04 1.751874567364199403e-04 -1.914283274218873975e-04 -6.872558912426901144e-04 2.201550947506260986e-03 1.178468138536192941e-03 1.010552077356777949e-03 2.534974357348069706e-03
1.250441778007369822e-03 3.504481212021206627e-04 -3.829758442158071497e-04 -1.373889361814811068e-03 4.404038239327296572e-03 2.356719477851115623e-03 2.020784321431277723e-03 5.071234160899358925e-03
1.874906421096605037e-03 5.257820771939907033e-04 -5.746426496961304364e-04 -2.059899630939704147e-03 6.607462395211561972e-03 3.534753912641543355e-03 3.030696682460156353e-03 7.608780066976334085e-03
2.498866220224310770e-03 7.011894085727993567e-04 -7.664288431116602273e-04 -2.745285917031493796e-03 8.811823935001822372e-03 4.712571337617632236e-03 4.040289110890484155e-03 1.014761273100146105e-02
3.122320664646759548e-03 8.766701992638991844e-04 -9.583345236448133049e-04 -3.430047437693210105e-03 1.101712337865772516e-02 5.890171647514931032e-03 5.049561557396027925e-03 1.268773280751798321e-02
3.745269243035035962e-03 1.052224533258613957e-03 -1.150359790410795079e-03 -4.114183409716617827e-03 1.322336124625564033e-02 7.067554737092201708e-03 6.058513972878363553e-03 1.522914095018489469e-02
4.367711443473766206e-03 1.227852494613554087e-03 -1.342504742457161079e-03 -4.797693049081210026e-03 1.543053805798836296e-02 8.244720501132028756e-03 7.067146308464911444e-03 1.777183781176810626e-02
4.989646753459997877e-03 1.403554167450840953e-03 -1.534769478762824588e-03 -5.480575570954487365e-03 1.763865433416591383e-02 9.421668834442342710e-03 8.075458515511137886e-03 2.031582404413657256e-02
5.611074659901899367e-03 1.579329635958163927e-03 -1.727154098237552483e-03 -6.162830189690846582e-03 1.984771059521317493e-02 1.059839963185445037e-02 9.083450545600120496e-03 2.286110029825352483e-02
6.231994649117007790e-03 1.755178984388562017e-03 -1.919658699721191013e-03 -6.844456118831770443e-03 2.205770736167117496e-02 1.177491278822428988e-02 1.009112235054190031e-02 2.540766722417078100e-02
