0.000000000000000000e+00 0.000000000000000000e+00 0.000000000000000000e+00 0.000000000000000000e+00 0.000000000000000000e+00 0.000000000000000000e+00
1.122922241491601449e-04 1.384152810955774197e-04 -9.092819684381093929e-04 1.272133910365909554e-04 1.051462924710700342e-03 3.272997337411086630e-03
2.206013477343320628e-04 2.779562237523353920e-04 -1.821084932971782670e-03 2.389733409504748204e-04 2.102745174197926097e-03 6.562977890563806080e-03
3.248786827531290056e-04 4.186359046130157268e-04 -2.735434826389189413e-03 3.350891398488238765e-04 3.153843590673406812e-03 9.870150112854228844e-03
4.250746017077205985e-04 5.604676242887020451e-04 -3.652357913306985334e-03 4.153669369492059586e-04 4.204754929469106499e-03 1.319472605510236922e-02
5.211386772651043333e-04 7.034648624022043356e-04 -4.571880672055691000e-03 4.796102611846260076e-04 5.255475863057801345e-03 1.653692090692818195e-02
6.130194683339166986e-04 8.476413412519784958e-04 -5.494029945030955500e-03 5.276192644144518185e-04 6.306002970838506597e-03 1.989695370852050463e-02
7.006646277037105550e-04 9.930109905655205675e-04 -6.418832844131046496e-03 5.591911276576004260e-04 7.356332741766660396e-03 2.327504699769818511e-02
7.840208491116528074e-04 1.139587961539805308e-03 -7.346316777873618253e-03 5.741198876560404648e-04 8.406461570483478654e-03 2.667142698833634834e-02
8.630338455558954043e-04 1.287386631203998530e-03 -8.276509454322554873e-03 5.721963770838015429e-04 9.456385754643782671e-03 3.008632364531753714e-02
9.376483270336014985e-04 1.436421606883114951e-03 -9.209438884008979212e-03 5.532081634164731903e-04 1.050610149215875158e-02 3.351997076129033248e-02
