0.000000000000000000e+00 0.000000000000000000e+00 0.000000000000000000e+00 0.000000000000000000e+00
1.695604438825458818e-02 -1.695604438825456042e-02 1.251875219721696776e-02 1.293346327425051734e-02
3.217401611666040329e-02 -3.217401611667138756e-02 2.504365838247284148e-02 2.586077256053740531e-02
4.266399976541115913e-02 -4.266399976574469094e-02 3.757783119850244963e-02 3.877881521496533840e-02
4.415841580668319888e-02 -4.415841580955182782e-02 5.012307818036678547e-02 5.168578370320679044e-02
3.558107666953937848e-02 -3.558107670660314720e-02 6.267444650624531821e-02 6.458663084383961528e-02
2.044931037769174773e-02 -2.044931037769086302e-02 7.521760154828230349e-02 7.749569128048550137e-02
2.197812628320585174e-03 -2.197812628178003047e-03 8.774369143266244619e-02 9.042181686750359881e-02
-1.716687836990428082e-02 1.716687836986263704e-02 1.002675848011147786e-01 1.033501389707260909e-01
-3.657746668311518540e-02 3.657746668303193949e-02 1.128029593121323143e-01 1.162669799309889312e-01
-5.556732508683286109e-02 5.556732508681883065e-02 1.253516078334643014e-01 1.291705468811742419e-01
