0.000000000000000000e+00 0.000000000000000000e+00 0.000000000000000000e+00 0.000000000000000000e+00
1.085626882434651344e-02 -1.085626882434630874e-02 8.792664252246795015e-03 1.649606207499208430e-02
2.180380052899922455e-02 -2.180380052899864862e-02 1.759732484467009875e-02 3.298012780980735109e-02
3.284469148428535018e-02 -3.284469148428431629e-02 2.641427773157800293e-02 4.945190125013841642e-02
4.398111884521463399e-02 -4.398111884521335724e-02 3.524383041013423590e-02 6.591107489882097603e-02
5.521534473185896186e-02 -5.521534473185734510e-02 4.408630268713707029e-02 8.235732894905668788e-02
6.654972064595546244e-02 -6.654972064595351955e-02 5.294202749781396627e-02 9.879033046561883080e-02
7.798669212754637259e-02 -7.798669212754413826e-02 6.181135177748146858e-02 1.152097325131903327e-01
8.952880365068689728e-02 -8.952880365068424662e-02 7.069463738581047152e-02 1.316151732321000356e-01
1.011787037501802322e-01 -1.011787037501774011e-01 7.959226208166528260e-02 1.480062748634841108e-01
1.129391503609680492e-01 -1.129391503609648018e-01 8.850462054374302889e-02 1.643826427286454450e-01
