0.000000000000000000e+00 0.000000000000000000e+00 0.000000000000000000e+00 0.000000000000000000e+00 0.000000000000000000e+00 0.000000000000000000e+00 0.000000000000000000e+00 0.000000000000000000e+00 0.000000000000000000e+00 0.000000000000000000e+00
1.320084503665062362e-03 5.488152784389928058e-04 1.291208711788535408e-04 -8.631863740952890876e-04 -1.134834281575721653e-03 4.477234379080100718e-03 4.705154355468608995e-03 6.613339054541422790e-03 4.542261536680382121e-03 3.647174612821063849e-03
2.639982056904284589e-03 1.097530351609599716e-03 2.586430697733546526e-04 -1.726784164175163786e-03 -2.269371316592988866e-03 8.955328638597291613e-03 9.408947633354498158e-03 1.322790329011653589e-02 9.083495617439832359e-03 7.294652683656091367e-03
3.959691809297111523e-03 1.646144467265562390e-03 3.885689196815474405e-04 -2.590794476772575843e-03 -3.403610722048960174e-03 1.343428316773059156e-02 1.411137890425754639e-02 1.984369357155114921e-02 1.362370165689831894e-02 1.094243448729298983e-02
5.279212901153336988e-03 2.194656857818855136e-03 5.189007732832391813e-04 -3.455218419959897071e-03 -4.537552114973079920e-03 1.791409834536626666e-02 1.881244723650163028e-02 2.646071076180008322e-02 1.816287907169033752e-02 1.459052029693352556e-02
6.598544464443138052e-03 2.743066738861074921e-03 6.496410094329013556e-04 -4.320057102532714501e-03 -5.671195112985987288e-03 2.239477454348074575e-02 2.351215169706401958e-02 3.307895572853460781e-02 2.270102728198857001e-02 1.823891038577956508e-02
7.917685622723122027e-03 3.291373308865747430e-03 7.807920335595581150e-04 -5.185311633747022482e-03 -6.804539334291176411e-03 2.687631212705977185e-02 2.821049135123567669e-02 3.969842934461262351e-02 2.723814571145579191e-02 2.188760502703300526e-02
9.236635491064792980e-03 3.839575748891871712e-03 9.123562777512820611e-04 -6.050983123044802875e-03 -7.937584397664960989e-03 3.135871145401913918e-02 3.290746526227195795e-02 4.631913248855814430e-02 3.177423378719593239e-02 2.553660449389570652e-02
1.055539317598670410e-02 4.387673222288813145e-03 1.044336200820908389e-03 -6.917072679769508715e-03 -9.070329922445104914e-03 3.584197287512372321e-02 3.760307249103279209e-02 5.294106604505290775e-02 3.630929093970328148e-02 2.918590905956573028e-02
1.187395777538879926e-02 4.935664874404470034e-03 1.176734288353937976e-03 -7.783581412868667559e-03 -1.020277552851752215e-02 4.032609673390988303e-02 4.229731209561383987e-02 5.956423090544039900e-02 4.084331660281254744e-02 3.283551899723381740e-02
1.319232837849048171e-02 5.483549832295788601e-03 1.309553052736428698e-03 -8.650510430585763369e-03 -1.133492083630112217e-02 4.481108336660877267e-02 4.699018313096409161e-02 6.618862796823866967e-02 4.537631021364874062e-02 3.648543458007526274e-02
