0.000000000000000000e+00 0.000000000000000000e+00 0.000000000000000000e+00 0.000000000000000000e+00 0.000000000000000000e+00 0.000000000000000000e+00
4.306317096510529213e-03 -1.489356774778570350e-03 -2.816960321732131251e-03 5.827303291538284656e-03 1.440835361439061699e-02 3.833619043217017554e-03
8.608759343963382632e-03 -2.998028625280496455e-03 -5.610730718683310317e-03 1.164541911808319660e-02 2.883517698581973890e-02 7.657955794387778792e-03
1.290629436368232602e-02 -4.526299185981266099e-03 -8.379995177701663606e-03 1.745415634197561294e-02 4.328090512116171407e-02 1.147276638429885198e-02
1.719781828858239422e-02 -6.074442923577498543e-03 -1.112337536500559824e-02 2.325331820248027065e-02 5.774598812544286947e-02 1.527779746865860072e-02
2.148215057749104651e-02 -7.642722901486842871e-03 -1.383942767600530518e-02 2.904270211217243117e-02 7.223089186385872607e-02 1.907278576969628076e-02
2.575802841754611106e-02 -9.231388252672348416e-03 -1.652664016487520940e-02 3.482209944711156524e-02 8.673609865566694888e-02 2.285745759209388550e-02
3.002410068305182145e-02 -1.084067133012146973e-02 -1.918342935293188348e-02 4.059129533103569831e-02 1.012621080012244129e-01 2.663152831175755186e-02
3.427892141865836184e-02 -1.247078450314709555e-02 -2.180813691551296979e-02 4.635006841367601826e-02 1.158094373436262398e-01 3.039470183586119589e-02
3.852094281519355401e-02 -1.412191656742568281e-02 -2.439902624776982276e-02 5.209819064306729641e-02 1.303786228667351832e-01 3.414667003250635574e-02
4.274850764845487122e-02 -1.579422873789775722e-02 -2.695427891055939690e-02 5.783542703127692725e-02 1.449702203319327143e-01 3.788711212824434627e-02
