0.000000000000000000e+00 0.000000000000000000e+00 0.000000000000000000e+00 0.000000000000000000e+00
7.180927092518187699e-04 -5.304045449339612897e-04 2.359664483459333797e-03 1.470989713066188365e-03
1.435688414593993103e-03 -1.060544687034844233e-03 4.720156950198784764e-03 2.942088374346525387e-03
2.152786730231184397e-03 -1.590420393923758354e-03 7.081476875544248824e-03 4.413295607714392069e-03
2.869387270958855766e-03 -2.120031633444626699e-03 9.443623730911669678e-03 5.884611036444740984e-03
3.585489652172156854e-03 -2.649378373666544297e-03 1.180659698380724307e-02 7.356034283225408414e-03
4.301093489869749556e-03 -3.178460582884228870e-03 1.417039609781305803e-02 8.827564970155243884e-03
5.016198400658125958e-03 -3.707278229618398129e-03 1.653502053257008622e-02 1.029920271874299950e-02
5.730804001755612082e-03 -4.235831282616000712e-03 1.890046974376388689e-02 1.177094714990868998e-02
6.444909910996665658e-03 -4.764119710850208377e-03 2.126674318310711742e-02 1.324279788398025591e-02
7.158515746836251539e-03 -5.292143483521256908e-03 2.363384029832653679e-02 1.471475454069375889e-02
