0.000000000000000000e+00 0.000000000000000000e+00 0.000000000000000000e+00 0.000000000000000000e+00 0.000000000000000000e+00 0.000000000000000000e+00 0.000000000000000000e+00 0.000000000000000000e+00 0.000000000000000000e+00 0.000000000000000000e+00
7.938661356545770407e-04 6.970213949484386790e-04 7.739345253031030929e-04 -2.413034879259404316e-04 -2.023518572325704815e-03 1.830110911684682418e-03 2.950642761342076037e-03 4.818345570343122476e-03 6.564319823634754032e-03 5.696414596270257466e-03
1.587283864444352134e-03 1.393823827240953887e-03 1.548581593156611765e-03 -4.820560379281515258e-04 -4.047633251348861996e-03 3.659319568177991488e-03 5.900138813795124254e-03 9.635951222028212027e-03 1.312908263124831949e-02 1.139517507106068729e-02
2.380253010409406986e-03 2.090406849489210260e-03 2.323942011422725461e-03 -7.222582779688336424e-04 -6.072343597876848735e-03 5.487625669310314952e-03 8.848488570930594307e-03 1.445281608768758837e-02 1.969428751529894370e-02 1.709628310611317412e-02
3.172773395925933358e-03 2.786770010897914561e-03 3.100016578185413318e-03 -9.619108497219215799e-04 -8.097649139901075266e-03 7.315028910815118968e-03 1.179569244545860401e-02 1.926893929606404710e-02 2.625993360251081127e-02 2.279974033751736018e-02
3.964844841844323772e-03 3.482912857348632527e-03 3.876806081118522491e-03 -1.201014403319073049e-03 -1.012354938169548156e-02 9.141528984631039356e-03 1.474175084959828373e-02 2.408431997317824272e-02 3.282602005621887420e-02 2.850554837175997558e-02
4.756467167451249381e-03 4.178834931296088184e-03 4.654311296847577287e-03 -1.439569596745139766e-03 -1.215004380364185024e-02 1.096712557884153491e-02 1.768666419498632694e-02 2.889895724219802842e-02 3.939254607742573994e-02 3.421370878494946199e-02
5.547640190430615237e-03 4.874535771663493673e-03 5.432532990291574770e-03 -1.677577095192730842e-03 -1.417713186207382632e-02 1.279181837761826993e-02 2.063043289258693208e-02 3.371285022329915254e-02 4.595951090587015869e-02 3.992422312203636192e-02
6.338363726824117889e-03 5.570014913734815110e-03 6.211471913985356676e-03 -1.915037570371639752e-03 -1.620481298914188198e-02 1.461560706115820792e-02 2.357305735259634244e-02 3.852599803352909497e-02 5.252691382110644819e-02 4.563709289602504299e-02
7.128637590991004566e-03 6.265271889045105971e-03 6.991128807382077960e-03 -2.151951699775965510e-03 -1.823308659269946841e-02 1.643849130562534747e-02 2.651453798434837833e-02 4.333839978666249176e-02 5.909475414359557227e-02 5.135231958718175505e-02
7.918461595567104216e-03 6.960306225268140384e-03 7.771504396135511805e-03 -2.388320165903417072e-03 -2.026195205621175027e-02 1.826047078308818197e-02 2.945487519621871678e-02 4.815005459305970320e-02 6.566303123580524703e-02 5.706990464223487408e-02
