0.000000000000000000e+00 0.000000000000000000e+00 0.000000000000000000e+00 0.000000000000000000e+00
3.676248492701893731e-04 -6.827263262855796455e-04 1.124899930113871073e-03 2.368304790748234582e-03
7.334196866590858392e-04 -1.366407360894378439e-03 2.243488437099076631e-03 4.744037875671968524e-03
1.097365228890938207e-03 -2.051058169387105171e-03 3.355676472072374825e-03 7.127291438716053945e-03
1.459441848327394783e-03 -2.736694053621199947e-03 4.461373479014892236e-03 9.518159254772553743e-03
1.819629566904647265e-03 -3.423330555850700140e-03 5.560487368189771448e-03 1.191673672054479986e-02
2.177908048182458558e-03 -4.110983463358361574e-03 6.652924483796341694e-03 1.432312088958131308e-02
2.534256589173787804e-03 -4.799668813194609730e-03 7.738589570809224251e-03 1.673741050822601453e-02
2.888654111952108222e-03 -5.489402897023402603e-03 8.817385740974247738e-03 1.915970605249674510e-02
3.241079155027833895e-03 -6.180202266079746001e-03 9.889214437933349644e-03 2.159010976593484649e-02
3.591509864487672093e-03 -6.872083736242269592e-03 1.095397540146107046e-02 2.402872569844506298e-02
