0.000000000000000000e+00 0.000000000000000000e+00 0.000000000000000000e+00 0.000000000000000000e+00 0.000000000000000000e+00 0.000000000000000000e+00 0.000000000000000000e+00 0.000000000000000000e+00
5.057968313615588936e-04 1.542201122159056188e-04 -1.503163646830972804e-04 -5.902934638439399093e-04 1.896323094800868650e-03 1.169993259392580580e-03 9.071104893120391635e-04 2.455502455721749865e-03
1.011156501907532279e-03 3.084988647856719323e-04 -3.007534846642631620e-04 -1.179941807701300697e-03 3.793477066989845922e-03 2.339849706802039821e-03 1.813872791148108191e-03 4.912592446679625059e-03
1.516078494688710481e-03 4.628363418417626857e-04 -4.513116038515201946e-04 -1.768943837299561533e-03 5.691462819857253698e-03 3.509569137758050336e-03 2.720286598499667505e-03 7.371272263132021274e-03
2.020562291613482546e-03 6.172326276024963417e-04 -6.019909669183741993e-04 -2.357298355021747970e-03 7.590281258829362394e-03 4.679151347106432456e-03 3.626351603486040534e-03 9.831544201857179630e-03
2.524607373443660003e-03 7.716878063743494139e-04 -7.527918193139853048e-04 -2.945004159887272890e-03 9.489933291493057865e-03 5.848596129005592843e-03 4.532067497350009133e-03 1.229341056624213939e-02
3.028213219789604137e-03 9.262019625506327097e-04 -9.037144072674711728e-04 -3.532060047536496935e-03 1.139041982760575882e-02 7.017903276925257713e-03 5.437433970453264820e-03 1.475687366631873651e-02
3.531379309105829329e-03 1.080775180612154537e-03 -1.054758977793162668e-03 -4.118464810216415292e-03 1.329174177910423527e-02 8.187072583642519830e-03 6.342450712270150323e-03 1.722193581879774907e-02
4.034105118686947926e-03 1.235407545127223741e-03 -1.205925778694467900e-03 -4.704217236765546525e-03 1.519390006011649488e-02 9.356103841237924101e-03 7.247117411380640459e-03 1.968859934710576881e-02
4.536390124662409255e-03 1.390099140751275978e-03 -1.357215058569333135e-03 -5.289316112598117965e-03 1.709689558696765241e-02 1.052499684109218202e-02 8.151433755465517864e-03 2.215686658141986787e-02
5.038233801992502391e-03 1.544850052227018239e-03 -1.508627066814919497e-03 -5.873760219689264615e-03 1.900072927819360449e-02 1.169375137388204040e-02 9.055399431298287449e-03 2.462673985870468887e-02
