0.000000000000000000e+00 0.000000000000000000e+00 0.000000000000000000e+00 0.000000000000000000e+00 0.000000000000000000e+00 0.000000000000000000e+00 0.000000000000000000e+00 0.000000000000000000e+00
2.229694578329741682e-03 1.774531603348188233e-04 -6.411845329925219090e-04 -1.765963211288129522e-03 6.115223396058545695e-03 7.883361355051965447e-03 6.828092895787164079e-03 4.324603466041456075e-03
4.463084150083239214e-03 3.515454556224062140e-04 -1.285234067921969163e-03 -3.529395543592568803e-03 1.224263260817746307e-02 1.577259306549429890e-02 1.364909573108291120e-02 8.638240808646609897e-03
6.700217516040922298e-03 5.222247057980988457e-04 -1.932195706945577865e-03 -5.290246520902709172e-03 1.838241320978313900e-02 2.366779535962766981e-02 2.046290584758954714e-02 1.294072889684902763e-02
8.941144458694207445e-03 6.894376169675301173e-04 -2.582117492033455305e-03 -7.048464589846135421e-03 2.453475466093908708e-02 3.156907054463329448e-02 2.726941844063646841e-02 1.723188076807792568e-02
1.118591576809121503e-02 8.531297522340981418e-04 -3.235048430957386013e-03 -8.803997095802660114e-03 3.069985039963554416e-02 3.947652306087472140e-02 3.406852651516492636e-02 2.151150553903386983e-02
1.343458326759387408e-02 1.013245501048796494e-03 -3.891038521551017960e-03 -1.055679025375200718e-02 3.687789794701736706e-02 4.739025953739713082e-02 4.086012082777536192e-02 2.577940830292925131e-02
1.568719984043156004e-02 1.169728047569709327e-03 -4.550138776702636681e-03 -1.230678911819385081e-02 4.306909901596105844e-02 5.531038884915605303e-02 4.764408982691783340e-02 3.003539002347932821e-02
1.794381945707938797e-02 1.322519337995456791e-03 -5.212401250107040300e-03 -1.405393755210767454e-02 4.927365962314102926e-02 6.323702217605572939e-02 5.442031959116980233e-02 3.427924742552880544e-02
2.020449720348901912e-02 1.471560046831694784e-03 -5.877879062801780186e-03 -1.579817819491347725e-02 5.549179020469929141e-02 7.117027306385470542e-02 6.118869376552123207e-02 3.851077288218512223e-02
2.246928931020713768e-02 1.616789542049673362e-03 -6.546626430518005628e-03 -1.753945242939816684e-02 6.172370573566796775e-02 7.911025748701491778e-02 6.794909349559706546e-02 4.272975429832966132e-02
