0.000000000000000000e+00 0.000000000000000000e+00 0.000000000000000000e+00 0.000000000000000000e+00 0.000000000000000000e+00 0.000000000000000000e+00 0.000000000000000000e+00 0.000000000000000000e+00
2.024160300997124035e-03 -6.524677014730295103e-05 -8.651652795116373477e-04 -1.093748251337932093e-03 4.144217043822607388e-03 1.103336097407031993e-02 7.865470892639914516e-03 2.804321785654390747e-03
4.049856186812399866e-03 -1.325649297186431638e-04 -1.731376396617696767e-03 -2.185914860476007894e-03 8.285629906355765698e-03 2.206994820178730457e-02 1.573248861577040969e-02 5.606674668461094496e-03
6.077083057743068624e-03 -2.019789269849317503e-04 -2.598631273147002964e-03 -3.276472857610918370e-03 1.242422031854870622e-02 3.310978030806753514e-02 2.360106709293567639e-02 8.407044369009833776e-03
8.105836141897179714e-03 -2.735136104428507499e-04 -3.466927677015305218e-03 -4.365394854438854610e-03 1.655996976156365666e-02 4.415287619686624615e-02 3.147122039434957497e-02 1.120541643196962950e-02
1.013611049072618044e-02 -3.471942378266796789e-04 -4.336263217330871104e-03 -5.452653035568334750e-03 2.069285946196317699e-02 5.519925505558342937e-02 3.934296274066644700e-02 1.400177622272348772e-02
1.216790097443490662e-02 -4.230464853510551917e-04 -5.206635339432646309e-03 -6.538219149650921491e-03 2.482287038679754573e-02 6.624893635943034098e-02 4.721630850699626986e-02 1.679610892389973159e-02
1.420120227727063832e-02 -5.010964571912209994e-04 -6.078041319869070640e-03 -7.622064500210156725e-03 2.894998323857989400e-02 7.730193987575105508e-02 5.509127222719211597e-02 1.958839953178808518e-02
1.623600889268721550e-02 -5.813706952089939956e-04 -6.950478261323112840e-03 -8.704159936154757388e-03 3.307417845015599156e-02 8.835828566828136943e-02 6.296786859842476436e-02 2.237863285263595736e-02
1.827231511838375150e-02 -6.638961889338431538e-04 -7.823943087493217402e-03 -9.784475841956212158e-03 3.719543617945921671e-02 9.941799410133314585e-02 7.084611248607305956e-02 2.516679349881992267e-02
2.031011505121666991e-02 -7.487003858092471098e-04 -8.698432537935887540e-03 -1.086298212747108943e-02 4.131373630415356019e-02 1.104810858438840526e-01 7.872601892895383924e-02 2.795286588488161625e-02
