0.000000000000000000e+00 0.000000000000000000e+00 0.000000000000000000e+00 0.000000000000000000e+00
5.281561652652143855e-03 -5.281561652652126508e-03 9.307759309693987987e-03 1.407991390654921189e-02
1.057334099857439556e-02 -1.057334099857441811e-02 1.861453463809896458e-02 2.816081179438747681e-02
1.587538206429642273e-02 -1.587538206429639498e-02 2.792034065071277021e-02 4.224267899801710524e-02
2.118772920719058650e-02 -2.118772920719052405e-02 3.722519217141571912e-02 5.632550069355735101e-02
2.651042711822901993e-02 -2.651042711822896095e-02 4.652910418464856895e-02 7.040926189656764034e-02
3.184352082655539373e-02 -3.184352082655533128e-02 5.583209183726112190e-02 8.449394746019842084e-02
3.718705570622021089e-02 -3.718705570622003742e-02 6.513417044003444456e-02 9.857954207366831367e-02
4.254107748547518442e-02 -4.254107748547503176e-02 7.443535546888853383e-02 1.126660302610573150e-01
4.790563225907866485e-02 -4.790563225907857464e-02 8.373566256579739742e-02 1.267533963803921804e-01
5.328076650412864185e-02 -5.328076650412846837e-02 9.303510753942936806e-02 1.408416246230030089e-01
