0.000000000000000000e+00 0.000000000000000000e+00 0.000000000000000000e+00 0.000000000000000000e+00 0.000000000000000000e+00 0.000000000000000000e+00
2.153150972080106890e-03 9.615777440036316244e-04 -3.114728716083627492e-03 4.701211087565846346e-03 9.914929647281810893e-03 8.911976830662894644e-03
4.306845761913792592e-03 1.925548344742548110e-03 -6.232394106656214718e-03 9.400906155234506345e-03 1.982847180936253562e-02 1.782685716642444171e-02
6.461085177824303118e-03 2.891919275047180084e-03 -9.353004452871281973e-03 1.409908803948649141e-02 2.974061916416768925e-02 2.674464549287790260e-02
8.615870017041091927e-03 3.860698031079125899e-03 -1.247656804811990774e-02 1.879575955080747818e-02 3.965136442507066067e-02 3.566534628616477298e-02
1.077120106585975796e-02 4.831892130238069419e-03 -1.560309319609750472e-02 2.349092347174286735e-02 4.956070034401575952e-02 4.458896401179481689e-02
1.292707909990948451e-02 5.805509108981476984e-03 -1.873258820889051046e-02 2.818458255491485681e-02 5.946861971469644820e-02 5.351550312345314253e-02
1.508350488453480756e-02 6.781556520556492225e-03 -2.186506140509078197e-02 3.287673952099878782e-02 6.937511537579277299e-02 6.244496806178338744e-02
1.724047917529949320e-02 7.760041932646767615e-03 -2.500052110794575080e-02 3.756739705665984586e-02 7.928018021428151485e-02 7.137736325314440744e-02
1.939800271862056336e-02 8.740972924933684829e-03 -2.813897564355369307e-02 4.225655781244521542e-02 8.918380716881944836e-02 8.031269310833201447e-02
2.155607625253883400e-02 9.724357086574018233e-03 -3.128043333911213753e-02 4.694422440063094476e-02 9.908598923321702834e-02 8.925096202125915035e-02
