0.000000000000000000e+00 0.000000000000000000e+00 0.000000000000000000e+00 0.000000000000000000e+00
5.809949393127156712e-03 -5.809949393127124620e-03 1.301530278276401970e-02 1.344903314834627016e-02
1.163255383348669666e-02 -1.163255383348671228e-02 2.603045403035998337e-02 2.689821783186040552e-02
1.746787136048445765e-02 -1.746787136048442990e-02 3.904545505734734190e-02 4.034755273598349817e-02
2.331596054267486007e-02 -2.331596054267481496e-02 5.206030722366856295e-02 5.379703650077261035e-02
2.917688047818217667e-02 -2.917688047818212116e-02 6.507501193076088708e-02 6.724666772479050147e-02
3.505069079608787164e-02 -3.505069079608767041e-02 7.808957061687926693e-02 8.069644496978239934e-02
4.093745165898099447e-02 -4.093745165898087651e-02 9.110398475157222009e-02 9.414636676619966837e-02
4.683722376689532230e-02 -4.683722376689516270e-02 1.041182558292526456e-01 1.075964316196295623e-01
5.275006836287499806e-02 -5.275006836287471357e-02 1.171323853617967509e-01 1.210466380181956653e-01
5.867604724044277187e-02 -5.867604724044258452e-02 1.301463748700948941e-01 1.344969844410076332e-01
