0.000000000000000000e+00 0.000000000000000000e+00 0.000000000000000000e+00 0.000000000000000000e+00
9.796239240890034471e-04 -1.567734949200402512e-04 3.515404766131861262e-03 2.659304282111772341e-04
1.962399870586031304e-03 -3.087056860542331644e-04 7.051378707765424900e-03 5.130882384023074212e-04
2.948366863199118094e-03 -4.557287441710707108e-04 1.060821466881564125e-02 7.412028884341162558e-04
3.937564448621453522e-03 -5.977734424090335721e-04 1.418621099071380905e-02 9.499990376131898888e-04
4.930032703618502862e-03 -7.347691206834795112e-04 1.778567163935364584e-02 1.139196442713649249e-03
5.925812242163945066e-03 -8.666436490305825906e-04 2.140690633549422947e-02 1.308509851370218049e-03
6.924944222620779168e-03 -9.933233898510207723e-04 2.505023068872614181e-02 1.457648892756385935e-03
7.927470354962336263e-03 -1.114733159015066002e-03 2.871596633510697244e-02 1.586317965478893513e-03
8.933432908031148367e-03 -1.230796185791895470e-03 3.240444107858485301e-02 1.694216122602693747e-03
9.942874716830623488e-03 -1.341434071560047457e-03 3.611598903632801810e-02 1.781036953727198726e-03
