0.000000000000000000e+00 0.000000000000000000e+00 0.000000000000000000e+00 0.000000000000000000e+00 0.000000000000000000e+00 0.000000000000000000e+00
6.396057546616776713e-04 -3.954930682297595187e-05 -4.750579531287644195e-04 2.030137501073533794e-03 1.208637583825239925e-03 1.410940265562023828e-03
1.278748350018872517e-03 -7.910258786774427328e-05 -9.497975427805685922e-04 4.060982424180245055e-03 2.417300051577035442e-03 2.821899376223695969e-03
1.917427372039999045e-03 -1.186598602133662265e-04 -1.424218743932682482e-03 6.092534795131412245e-03 3.625987514422277999e-03 4.232876909394625575e-03
2.555642406386799542e-03 -1.582211410233379473e-04 -1.898321531761637884e-03 8.124794638739768829e-03 4.834700083740993241e-03 5.643872441982727625e-03
3.193393038418559232e-03 -1.977864475457386754e-04 -2.372105881644920485e-03 1.015776197883521727e-02 6.043437871132921468e-03 7.054885550404968453e-03
3.830678853191790776e-03 -2.373557971138395817e-04 -2.845571769162745946e-03 1.219143683826236224e-02 7.252200988420512417e-03 8.465915810587414103e-03
4.467499435459943054e-03 -2.769292071462975966e-04 -3.318719170096732628e-03 1.422581923887538541e-02 8.460989547648043591e-03 9.876962797963701607e-03
5.103854369673420897e-03 -3.165066951476242321e-04 -3.791548060430920304e-03 1.626090920153486913e-02 9.669803661082648077e-03 1.128802608747508929e-02
5.739743239979007428e-03 -3.560882787083205925e-04 -4.264058416351646126e-03 1.829670674610542336e-02 1.087864344121575524e-02 1.269910525357118881e-02
6.375165630219609483e-03 -3.956739755053369136e-04 -4.736250214247646542e-03 2.033321189144964014e-02 1.208750900076334921e-02 1.411019987020692944e-02
