0.000000000000000000e+00 0.000000000000000000e+00 0.000000000000000000e+00 0.000000000000000000e+00
6.335101451286146573e-03 -6.335101451286209891e-03 1.006097539191268264e-02 1.273446875956076550e-02
1.268323881421438287e-02 -1.268323881421443144e-02 2.012188922557968732e-02 2.546899907736705979e-02
1.904446445746203753e-02 -1.904446445746216937e-02 3.018275365494222165e-02 3.820357879947740981e-02
2.541883049891130453e-02 -2.541883049891130106e-02 4.024358098084993701e-02 5.093819562504324494e-02
3.180638873653784948e-02 -3.180638873653796050e-02 5.030438365376942167e-02 6.367283710359700200e-02
3.820719057272919938e-02 -3.820719057272928959e-02 6.036517427623215581e-02 7.640749063260743323e-02
4.462128693124595841e-02 -4.462128693124618739e-02 7.042596560501120095e-02 8.914214345530158123e-02
5.104872816592884860e-02 -5.104872816592893187e-02 8.048677055304076511e-02 1.018767826587455433e-01
5.748956396010138081e-02 -5.748956396010137387e-02 9.054760219108304309e-02 1.146113951721765833e-01
6.394384321545922012e-02 -6.394384321545942829e-02 1.006084737491611814e-01 1.273459677655714717e-01
