0.000000000000000000e+00 0.000000000000000000e+00 0.000000000000000000e+00 0.000000000000000000e+00 0.000000000000000000e+00 0.000000000000000000e+00 0.000000000000000000e+00 0.000000000000000000e+00
3.440611041914999895e-04 3.615749790794222230e-04 -2.889448425606755974e-04 -3.742730841445711929e-04 6.465553223576473493e-04 1.471530366325064006e-03 1.588868645745637742e-03 5.362778716752815856e-04
6.879494214288166308e-04 7.231947634014902716e-04 -5.778891663287223299e-04 -7.483733669398020963e-04 1.292825501409427483e-03 2.943052603328397913e-03 3.177751969833352008e-03 1.072071928914838891e-03
1.031664954189106262e-03 1.084859381972079701e-03 -8.668329586122521836e-04 -1.122300854999753409e-03 1.938810290346787207e-03 4.414566537154505747e-03 4.766649773165872878e-03 1.607381795257252586e-03
1.375207704838007005e-03 1.446568863869650582e-03 -1.155776206725352834e-03 -1.496055554769097889e-03 2.584509442064428491e-03 5.886071993428244713e-03 6.355561856069849580e-03 2.142207094015046321e-03
1.718577675630312326e-03 1.808323238246859876e-03 -1.444718897988774052e-03 -1.869637472526285843e-03 3.229922709159989500e-03 7.357568797264697931e-03 7.944488018303766039e-03 2.676547448284603923e-03
2.061774868709073151e-03 2.170122534331750310e-03 -1.733661019730128611e-03 -2.243046614382713817e-03 3.875049843933088111e-03 8.829056773266128269e-03 9.533428059058051893e-03 3.210402480945941280e-03
2.404799286104049739e-03 2.531966781427231594e-03 -2.022602559284193257e-03 -2.616282986281205734e-03 4.519890598382397817e-03 1.030053574552175152e-02 1.112238177695013507e-02 3.743771814658071809e-03
2.747650929731412003e-03 2.893856008911904840e-03 -2.311543503992404772e-03 -2.989346593995127321e-03 5.164444724203239717e-03 1.177200553760564608e-02 1.271134897002512351e-02 4.276655071856820707e-03
3.090329801392007608e-03 3.255790246240030262e-03 -2.600483841203579671e-03 -3.362237443126298801e-03 5.808711972785125278e-03 1.324346597257308050e-02 1.430032943575408264e-02 4.809051874752383327e-03
3.432835902770998114e-03 3.617769522941953041e-03 -2.889423558273499816e-03 -3.734955539104768078e-03 6.452692095208743990e-03 1.471491687296074512e-02 1.588932297103128749e-02 5.340961845324673947e-03
