0.000000000000000000e+00 0.000000000000000000e+00 0.000000000000000000e+00 0.000000000000000000e+00 0.000000000000000000e+00 0.000000000000000000e+00
3.743862004517063517e-03 -2.408191129155878765e-03 -1.335670875361074598e-03 9.410435088896867278e-03 1.138992252132469199e-02 1.503266808056696055e-03
7.494217668735642449e-03 -4.824039025845132042e-03 -2.670178642890341705e-03 1.881953073778160415e-02 2.278304186205811627e-02 3.004676236716605046e-03
1.125109934305129969e-02 -7.247579994022142896e-03 -4.003519349029024087e-03 2.822727389923448266e-02 3.417937254530015873e-02 4.504226810299976486e-03
1.501453963220606563e-02 -9.678850610833747425e-03 -5.335689021371945243e-03 3.763365142700049459e-02 4.557892923234582033e-02 6.001917013766560650e-03
1.878457139469813866e-02 -1.211788772463289962e-02 -6.666683670064888628e-03 4.703865007267685888e-02 5.698172672680182349e-02 7.497745291912424025e-03
2.256122774204098388e-02 -1.456472845251361066e-02 -7.996499289527125159e-03 5.644225648233863746e-02 6.838777997868866754e-02 8.991710048641948089e-03
2.634454203786304113e-02 -1.701941017732812311e-02 -9.325131860534532913e-03 6.584445719310064171e-02 7.979710408853106507e-02 1.048380964631584131e-02
3.013454789684145291e-02 -1.948197054414447724e-02 -1.065257735269639280e-02 7.524523862960845466e-02 9.120971431142117780e-02 1.197404240519608053e-02
3.393127918345993643e-02 -2.195244745609856163e-02 -1.197883172736078847e-02 8.464458710045463796e-02 1.026256260610605153e-01 1.346240660298843664e-02
3.773477001058503366e-02 -2.443087906959823599e-02 -1.330389094098620266e-02 9.404248879450616272e-02 1.140448549137731832e-01 1.494890047450238638e-02
