0.000000000000000000e+00 0.000000000000000000e+00 0.000000000000000000e+00 0.000000000000000000e+00 0.000000000000000000e+00 0.000000000000000000e+00 0.000000000000000000e+00 0.000000000000000000e+00
1.443435204840915571e-03 1.080265876271720941e-03 -1.005909939333674789e-03 -1.517791148442218258e-03 2.634397300895415916e-03 7.082078542744568370e-03 6.894416799962662518e-03 4.457997297481758846e-03
2.886780209514000581e-03 2.162032435311236640e-03 -2.013173101006707818e-03 -3.035639550584708166e-03 5.267632962546843836e-03 1.416527906869924705e-02 1.378912752385882089e-02 8.915740295271225996e-03
4.330033843377652930e-03 3.245305029717412536e-03 -3.021793651169227962e-03 -4.553545228796468738e-03 7.899706080112272114e-03 2.124960264773777252e-02 2.068413331169232164e-02 1.337322772010066455e-02
5.773194921559721485e-03 4.330089060635465038e-03 -4.031775782545798589e-03 -6.071508206625771814e-03 1.053061573780505154e-02 2.833505034506949433e-02 2.757943529778886585e-02 1.783045828822187040e-02
7.216262246381334802e-03 5.416389973792025934e-03 -5.043123716361705249e-03 -7.589528510895436966e-03 1.316036101069050293e-02 3.542162323321512013e-02 3.447503462384125805e-02 2.228743071035429665e-02
8.659234607312406989e-03 6.504213259824710366e-03 -6.055841702684637215e-03 -9.107606171644796328e-03 1.578894096449424619e-02 4.250932239211729219e-02 4.137093243906695555e-02 2.674414369161136340e-02
1.010211078093520808e-02 7.593564454603016385e-03 -7.069934020771315164e-03 -1.062574122206929456e-02 1.841635465540197511e-02 4.959814890924762326e-02 4.826712990037658468e-02 3.120059593142453236e-02
1.154488953091623547e-02 8.684449139542371049e-03 -8.085404979417391835e-03 -1.214393369845494230e-02 2.104260112986014106e-02 5.668810387971174453e-02 5.516362817255086870e-02 3.565678612345820481e-02
1.298756960798754835e-02 9.776872941907353148e-03 -9.102258917311683434e-03 -1.366218364010993690e-02 2.366767942437520908e-02 6.377918840634792808e-02 6.206042842843342844e-02 4.011271295552409910e-02
1.443014974993816861e-02 1.087084153510625012e-02 -1.012050020339385834e-02 -1.518049108929141709e-02 2.629158856530701763e-02 7.087140359982428695e-02 6.895753184913047673e-02 4.456837510948662151e-02
