0.000000000000000000e+00 0.000000000000000000e+00 0.000000000000000000e+00 0.000000000000000000e+00 0.000000000000000000e+00 0.000000000000000000e+00 0.000000000000000000e+00 0.000000000000000000e+00 0.000000000000000000e+00 0.000000000000000000e+00
3.930136945839044979e-04 1.953228986635270820e-04 6.636890512423520444e-05 -1.336690301878740888e-04 -7.752514049067613534e-04 1.188572736224986293e-03 9.057389399868458549e-04 1.203127734549241110e-03 1.531134951587037000e-03 2.697145592835934174e-03
7.836007719369187568e-04 3.908698056800577860e-04 1.333857835336063483e-04 -2.669402016706431458e-04 -1.551818632864019384e-03 2.368604041643126296e-03 1.807886676535082164e-03 2.406131160609045749e-03 3.065677676652708850e-03 5.404234943193610835e-03
1.171732223306102758e-03 5.866438197489663806e-04 2.010596041631474492e-04 -3.998079938484619313e-04 -2.329723914360535761e-03 3.539961125644698527e-03 2.706392740146008457e-03 3.609009415569922052e-03 4.603678083749762270e-03 8.121405923473729721e-03
1.557378459858778331e-03 7.826480826769210194e-04 2.693995053528810968e-04 -5.322667665665337632e-04 -3.108989863665605983e-03 4.702508700816525680e-03 3.601205699432593992e-03 4.811761608817168023e-03 6.145187024304519206e-03 1.084879905528474478e-02
1.940509301584261888e-03 9.788857801627962128e-04 3.384147979829507571e-04 -6.643107578169335416e-04 -3.889639485693783660e-03 5.856108935574705007e-03 4.492273142768328162e-03 6.014386821186475628e-03 7.690256311346962449e-03 1.358655756507785688e-02
2.321093962298882273e-03 1.175360142476133182e-03 4.081149695668572506e-04 -7.959340804836608461e-04 -4.671696184269459422e-03 7.000621394566945363e-03 5.379541654899728034e-03 7.216884103999289882e-03 9.238938742257549186e-03 1.633482744920508600e-02
2.699101034194443475e-03 1.372074445145623090e-03 4.785096884594262500e-04 -9.271307189831767825e-04 -5.455183770596195095e-03 8.135902977402449318e-03 6.262956792894860958e-03 8.419252478066971759e-03 1.079128812215785459e-02 1.909375754085308394e-02
3.074498471915579692e-03 1.569032009654492419e-03 5.496088081869968589e-04 -1.057894525798557667e-03 -6.240126471938237107e-03 9.261807855645906931e-03 7.142463061393932409e-03 9.621490932653889785e-03 1.234735928797084728e-02 2.186349957892261622e-02
3.447253576147745347e-03 1.766236204147569313e-03 6.214223719007585080e-04 -1.188219217901555214e-03 -7.026548940521047844e-03 1.037818740802922204e-02 8.018003887145427541e-03 1.082359842440504608e-02 1.390720813317027939e-02 2.464420827891517646e-02
3.817332976697650378e-03 1.963690444143349843e-03 6.939606169599920769e-04 -1.318098373060607115e-03 -7.814476262653677341e-03 1.148489015381345610e-02 8.889521592803739311e-03 1.202557387623234483e-02 1.547089163324376869e-02 2.743604140589410781e-02
