0.000000000000000000e+00 0.000000000000000000e+00 0.000000000000000000e+00 0.000000000000000000e+00
5.271833930189130657e-03 -5.271833930189128922e-03 8.412474601793675302e-03 1.418879518133805626e-02
1.055366370579013079e-02 -1.055366370579015160e-02 1.682457061264151094e-02 2.837796895362181340e-02
1.584553279308840990e-02 -1.584553279308833010e-02 2.523630813836068645e-02 4.256750121103398954e-02
2.114748493002735139e-02 -2.114748493002729240e-02 3.364770747007710117e-02 5.675737166244933934e-02
2.645956412656232451e-02 -2.645956412656223083e-02 4.205878908724618864e-02 7.094755982841194353e-02
3.178181466683503709e-02 -3.178181466683506484e-02 5.046957366035717540e-02 8.513804503843207250e-02
3.711428111353984316e-02 -3.711428111353974602e-02 5.888008205333262329e-02 9.932880642858858689e-02
4.245700831490013816e-02 -4.245700831490010346e-02 6.729033532563059861e-02 1.135198229394222408e-01
4.781004141473712415e-02 -4.781004141473710334e-02 7.570035473408194548e-02 1.277110733141024468e-01
5.317342586617716110e-02 -5.317342586617699457e-02 8.411016173448966626e-02 1.419025360968263483e-01
