0.000000000000000000e+00 0.000000000000000000e+00 0.000000000000000000e+00 0.000000000000000000e+00
5.611844854034377453e-03 -5.611844854034368779e-03 8.328174608978533219e-03 1.893683295868719627e-02
1.123278526514398870e-02 -1.123278526514399737e-02 1.663602920003490193e-02 3.789398593529691439e-02
1.686286048082202491e-02 -1.686286048082208736e-02 2.492348843921548054e-02 5.687153426378211557e-02
2.250211036814763615e-02 -2.250211036814763615e-02 3.319047636159248166e-02 7.586955390907088037e-02
2.815057545372340667e-02 -2.815057545372352810e-02 4.143691636655610910e-02 9.488812147177284884e-02
3.380829697117734151e-02 -3.380829697117739702e-02 4.966273121384072453e-02 1.139273141921542387e-01
3.947531691647648139e-02 -3.947531691647658547e-02 5.786784302064835322e-02 1.329872099530120810e-01
4.515167811097856032e-02 -4.515167811097865053e-02 6.605217326031508074e-02 1.520678872810118099e-01
5.083742427167970562e-02 -5.083742427167970562e-02 7.421564276301077789e-02 1.711694253459817017e-01
5.653260008748851179e-02 -5.653260008748863669e-02 8.235817171906079093e-02 1.902919039575975690e-01
