0.000000000000000000e+00 0.000000000000000000e+00 0.000000000000000000e+00 0.000000000000000000e+00 0.000000000000000000e+00 0.000000000000000000e+00
2.341982510315523611e-03 2.718832680652201938e-04 -2.613865778380678427e-03 5.324534480384572957e-03 9.345266896454115443e-03 7.026428592833417267e-03
4.685102808633602803e-03 5.445078565555629786e-04 -5.229610665189262167e-03 1.064825509471082135e-02 1.868999353225564777e-02 1.405421131237750629e-02
7.029362969186251156e-03 8.178759407401314362e-04 -7.847238909926352451e-03 1.597116368455916632e-02 2.803417409665065127e-02 2.108335212780616114e-02
9.374765066187142754e-03 1.091989691866023914e-03 -1.046675475805300230e-02 2.129326208776492757e-02 3.737780277837835646e-02 2.811385501254462516e-02
1.172131117328232934e-02 1.366851276074162102e-03 -1.308816244935630084e-02 2.661455213705719511e-02 4.672087376811152881e-02 3.514572394319113308e-02
1.406900336300162362e-02 1.642462853263052143e-03 -1.571146621626450662e-02 3.193503565863912985e-02 5.606338126101174935e-02 4.217896289838080071e-02
1.641784370621035549e-02 1.918826575899133281e-03 -1.833667028210918953e-02 3.725471447070512199e-02 6.540531945940830649e-02 4.921357585759072312e-02
1.876783427156333839e-02 2.195944587772426237e-03 -2.096377885933542115e-02 4.257359038188802958e-02 7.474668257560784790e-02 5.624956679988002417e-02
2.111897712496112883e-02 2.473819022697366053e-03 -2.359279614765807595e-02 4.789166518964271813e-02 8.408746483484291767e-02 6.328693970256243917e-02
2.347127432900980928e-02 2.752452003155211185e-03 -2.622372633216464577e-02 5.320894067855060777e-02 9.342766047836471854e-02 7.032569853980480401e-02
