0.000000000000000000e+00 0.000000000000000000e+00 0.000000000000000000e+00 0.000000000000000000e+00
4.478975083084441077e-04 -8.975504879765733171e-04 1.512322178634772311e-03 2.589597842473837560e-03
8.955335324417113864e-04 -1.794355608763358381e-03 3.025025615848563748e-03 5.179883635898477681e-03
1.342907955536101153e-03 -2.690414859795875902e-03 4.538110380188848866e-03 7.770856609643125509e-03
1.790020660686488397e-03 -3.585727738922432715e-03 6.051576540147637039e-03 1.036251599030734750e-02
2.236871530946849939e-03 -4.480293744418043476e-03 7.565424164168471632e-03 1.295486100179298050e-02
2.683460449330885792e-03 -5.374112374984916715e-03 9.079653320646334166e-03 1.554789086530008330e-02
3.129787298811259350e-03 -6.267183129753903757e-03 1.059426407792631898e-02 1.814160479932283923e-02
3.575851962319813795e-03 -7.159505508284464033e-03 1.210925650430500627e-02 2.073600201964487938e-02
4.021654322747007446e-03 -8.051079010566274466e-03 1.362463066802950540e-02 2.333108173933534299e-02
4.467194262942002225e-03 -8.941903137019721268e-03 1.514038663729710271e-02 2.592684316874309045e-02
