0.000000000000000000e+00 0.000000000000000000e+00 0.000000000000000000e+00 0.000000000000000000e+00 0.000000000000000000e+00 0.000000000000000000e+00
1.898987672216398401e-05 1.710886566375770072e-04 -1.004060696198942225e-03 -2.420042227968317741e-04 1.053766028314742729e-03 3.646285375289910237e-03
3.278714781175313573e-05 3.436541067607728431e-04 -2.011457596357333656e-03 -5.041165949611877209e-04 2.107300072204868705e-03 7.314500891945985642e-03
4.132306823498093588e-05 5.177140860835463890e-04 -3.022223165546864074e-03 -7.865905433505477034e-04 3.160597064120725889e-03 1.100492831049782946e-02
4.452759890084637839e-05 6.932866124885211532e-04 -4.036390173326578727e-03 -1.089683407082838720e-03 4.213651795391278564e-03 1.471785409677938382e-02
4.232937704770250905e-05 8.703899914796854121e-04 -5.053991694799211086e-03 -1.413656509928450490e-03 5.266458912146975910e-03 1.845356951734312620e-02
3.465568584698673301e-05 1.049042821757947743e-03 -6.075061111556242198e-03 -1.758775234211630741e-03 6.319012911112390114e-03 2.221237073711089874e-02
2.143242320129632746e-05 1.229264000917458044e-03 -7.099632112505024212e-03 -2.125309096277292267e-03 7.371308135269287985e-03 2.599455891932051649e-02
2.584069713905283504e-06 1.411072731272151101e-03 -8.127738694569225722e-03 -2.513531823529176115e-03 8.423338769380141894e-03 2.980044032782658628e-02
-2.196634419707452809e-05 1.594488525807986369e-03 -9.159415163254459175e-03 -2.923721433098463562e-03 9.475098835373485170e-03 3.363032643181769477e-02
-5.229727206344374517e-05 1.779531214271710179e-03 -1.019469613307319618e-02 -3.356160312169120374e-03 1.052658218758190448e-02 3.748453401301039128e-02
