0.000000000000000000e+00 0.000000000000000000e+00 0.000000000000000000e+00 0.000000000000000000e+00 0.000000000000000000e+00 0.000000000000000000e+00 0.000000000000000000e+00 0.000000000000000000e+00 0.000000000000000000e+00 0.000000000000000000e+00
2.675159189901971080e-04 1.972121183911270835e-04 9.919743604568128487e-05 -1.052053459937942636e-04 -8.665293202417957523e-04 6.977546665947765301e-04 6.524491754346760505e-04 1.104720218836169028e-03 1.586259903908959637e-03 3.083820766412498273e-03
5.340625957687723932e-04 3.943346631772749592e-04 1.985003578372644315e-04 -2.101931281954101639e-04 -1.732756740580825190e-03 1.392185218645297174e-03 1.303681641845363644e-03 2.209268747418951292e-03 3.173562509815717417e-03 6.172441918079727557e-03
7.996375429677557867e-04 5.913669881046386542e-04 2.979089541003430508e-04 -3.149624443652191113e-04 -2.598680353358143874e-03 2.083278380663074018e-03 1.953693405232986759e-03 3.313644901298311296e-03 4.761911472190672595e-03 9.265880227515758613e-03
1.064238256222676225e-03 7.883084422647130673e-04 3.974234145066708420e-04 -4.195123861590703551e-04 -3.464298236110770462e-03 2.771020816481173377e-03 2.602480450723961957e-03 4.417847991111394264e-03 6.351310463476408062e-03 1.236415255330947788e-02
1.327862214228708523e-03 9.851583700717840651e-04 4.970439296524292207e-04 -5.238420391155628429e-04 -4.329608451535273128e-03 3.455399129227010660e-03 3.250038742598725366e-03 5.521877322590727256e-03 7.941763174154709004e-03 1.546727584066951919e-02
1.590506878591027616e-03 1.181916111226950046e-03 5.967706910633822394e-04 -6.279504826060998890e-04 -5.194609047362418013e-03 4.136399860936518062e-03 3.896364224140449507e-03 6.625732196522545261e-03 9.533273312873210073e-03 1.857526712202136471e-02
1.852169693673120761e-03 1.378581000680301552e-03 6.966038912038010353e-04 -7.318367897854739226e-04 -6.059298056231278602e-03 4.814009492167972346e-03 4.541452817488415145e-03 7.729411908708750875e-03 1.112584460656845103e-02 2.168814351761223433e-02
2.112848086444181744e-03 1.575152368594545096e-03 7.965437234823596674e-04 -8.355000275412984316e-04 -6.923673495561447760e-03 5.488214441611178121e-03 5.185300423483247059e-03 8.832915749928624619e-03 1.271948080059618832e-02 2.480592223611708530e-02
2.372539466324393494e-03 1.771629540306718679e-03 8.965903822596069496e-04 -9.389392564433773469e-04 -7.787733367424986078e-03 6.159001065691788700e-03 5.827902921517370480e-03 9.936243005897505559e-03 1.431418565885757450e-02 2.792862057525462988e-02
2.631241225029044752e-03 1.968011836290584505e-03 9.967440628555796107e-04 -1.042153530691985889e-03 -8.651475658416073883e-03 6.826355658175904499e-03 6.469256169377516838e-03 1.103939295722675823e-02 1.590996296392898843e-02 3.105625592240529934e-02
