0.000000000000000000e+00 0.000000000000000000e+00 0.000000000000000000e+00 0.000000000000000000e+00 0.000000000000000000e+00 0.000000000000000000e+00
2.162169037532678598e-03 5.395927525851920616e-04 -2.701761790117854396e-03 4.180176539851533125e-03 9.235045178955082409e-03 7.721383135334832816e-03
4.324909071068231206e-03 1.080660625629437576e-03 -5.405569696697598743e-03 8.358573049636521674e-03 1.846947296710156963e-02 1.544516369154447580e-02
6.488220389727992338e-03 1.623208473003774502e-03 -8.111428862731539374e-03 1.253519079810280594e-02 2.770327720258672008e-02 2.317134656173458485e-02
8.652103268184744775e-03 2.167241167828285429e-03 -1.081934443601281076e-02 1.671003103937987455e-02 3.693645173485098770e-02 3.089993664233416440e-02
1.081655796627185515e-02 2.712763601502904756e-03 -1.352932156777459510e-02 2.088309501157609507e-02 4.616899042701331363e-02 3.863093883211693447e-02
1.298158472861940353e-02 3.259780682691202497e-03 -1.624136541131026429e-02 2.505438393532516406e-02 5.540088715833853955e-02 4.636435803118389015e-02
1.514718378432139759e-02 3.808297336259224009e-03 -1.895548112058030935e-02 2.922389901228740136e-02 6.463213582679294689e-02 5.410019913990869039e-02
1.731335534663558384e-02 4.358318502169689426e-03 -2.167167384880473377e-02 3.339164142360247223e-02 7.386273035169517442e-02 6.183846705783228870e-02
1.948009961271691612e-02 4.909849134329257771e-03 -2.438994874704566301e-02 3.755761232829210594e-02 8.309266467646725385e-02 6.957916668251189207e-02
2.164741676338931275e-02 5.462894199392671901e-03 -2.711031096278135322e-02 4.172181286160570046e-02 9.232193277149335076e-02 7.732230290831318409e-02
