0.000000000000000000e+00 0.000000000000000000e+00 0.000000000000000000e+00 0.000000000000000000e+00 0.000000000000000000e+00 0.000000000000000000e+00 0.000000000000000000e+00 0.000000000000000000e+00
2.286124149096258398e-03 3.066062913321616402e-04 -6.256711638435922922e-04 -1.967059269451087479e-03 6.190103642270090162e-03 8.023162351202917791e-03 7.302948213664702329e-03 4.925636874980777666e-03
4.573594413137638086e-03 6.124904269279112488e-04 -1.252030529749328935e-03 -3.934054303083943556e-03 1.238338307216310490e-02 1.604671655620513310e-02 1.460402109935255224e-02 9.849581361623126891e-03
6.862414370479128986e-03 9.176511505580222262e-04 -1.879083525389312059e-03 -5.900981988321264693e-03 1.857985081917174972e-02 2.407066498437309895e-02 2.190321323105055493e-02 1.477182406195592414e-02
9.152587574529729569e-03 1.222087239248229040e-03 -2.506835636370724138e-03 -7.867839169990998444e-03 2.477951944040778648e-02 3.209501002081087406e-02 2.920051915704092657e-02 1.969235548548076142e-02
1.144411757065460361e-02 1.525797502481975043e-03 -3.135292406971022447e-03 -9.834622658665104558e-03 3.098240154803015220e-02 4.011975408562480638e-02 3.649593341519001555e-02 2.461116606206537397e-02
1.373700789538133751e-02 1.828780783567116042e-03 -3.764459441136333573e-03 -1.180132923023269331e-02 3.718850980922459859e-02 4.814489963498281427e-02 4.378945053299294898e-02 2.952824614085955771e-02
1.603126207559294261e-02 2.131035961032184695e-03 -4.394342403494384472e-03 -1.376795562547849551e-02 4.339785694617324247e-02 5.617044916220632900e-02 5.108106502760939582e-02 3.444358598920087972e-02
1.832688362771292198e-02 2.432561950049446850e-03 -5.024947020379137708e-03 -1.573449854966411238e-02 4.961045573600816883e-02 6.419640519888938912e-02 5.837077140589280039e-02 3.935717579150776330e-02
2.062387605687711345e-02 2.733357703884831125e-03 -5.656279080867501231e-03 -1.770095467211564230e-02 5.582631901075623543e-02 7.222277031605489617e-02 6.565856416441247234e-02 4.426900564816188544e-02
2.292224285609819473e-02 3.033422215374623546e-03 -6.288344437826959982e-03 -1.966732062581450641e-02 6.204545965726555173e-02 8.024954712533978463e-02 7.294443778946446688e-02 4.917906557438070370e-02
