0.000000000000000000e+00 0.000000000000000000e+00 0.000000000000000000e+00 0.000000000000000000e+00 0.000000000000000000e+00 0.000000000000000000e+00 0.000000000000000000e+00 0.000000000000000000e+00
5.254991477039516268e-04 2.309565277576947941e-04 -2.155805213451599607e-04 -6.300136505798131260e-04 1.445795856357489197e-03 1.284547754013897793e-03 1.355816507221456382e-03 1.936181874389027906e-03
1.050642904645418107e-03 4.619481324491143959e-04 -4.312290797877655203e-04 -1.259579834616936147e-03 2.891423106931980801e-03 2.569165439398585216e-03 2.711691248796214114e-03 3.872942032660094559e-03
1.575431280539575912e-03 6.929748407132424676e-04 -6.469457450864656229e-04 -1.888698219895390811e-03 4.336880820736035980e-03 3.853853232872334229e-03 4.067624363328171087e-03 5.810280436869042810e-03
2.099864285548121070e-03 9.240366792362589678e-04 -8.627305870487232469e-04 -2.517368474006004015e-03 5.782168065628100033e-03 5.138611311318388997e-03 5.423615989547150504e-03 7.748197048447091895e-03
2.623941930285823929e-03 1.155133674752009069e-03 -1.078583675532422464e-03 -3.145590264349239738e-03 7.227283908339154905e-03 6.423439851790319240e-03 6.779666266316449093e-03 9.686691828217188285e-03
3.147664225820402412e-03 1.386265854041684618e-03 -1.294505080445351383e-03 -3.773363258134213288e-03 8.672227414471404480e-03 7.708339031512362848e-03 8.135775332631912937e-03 1.162576473639347942e-02
3.671031183673336903e-03 1.617433243933972132e-03 -1.510494871745692589e-03 -4.400687122378728160e-03 1.011699764849805470e-02 8.993309027881805917e-03 9.491943327621401444e-03 1.356541573258050921e-02
4.194042815820211989e-03 1.848635871305603353e-03 -1.726553119441903879e-03 -5.027561523909197111e-03 1.156159367376442815e-02 1.027835001846515162e-02 1.084817039054728101e-02 1.550564477577033758e-02
4.716699134691398204e-03 2.079873763081063927e-03 -1.942679893592635107e-03 -5.653986129359812526e-03 1.300601455248494992e-02 1.156346218100259143e-02 1.220445666080398513e-02 1.744645182434283875e-02
5.239000153172474437e-03 2.311146946233301382e-03 -2.158875264307071225e-03 -6.279960605172666549e-03 1.445025934574576884e-02 1.284864569340611780e-02 1.356080227792015418e-02 1.938783683606349131e-02
