0.000000000000000000e+00 0.000000000000000000e+00 0.000000000000000000e+00 0.000000000000000000e+00
1.935116725828074392e-05 -1.114379824354298776e-03 -3.257325164350309880e-04 4.033412925487062962e-03
3.729389570204805763e-05 -2.228011793722578342e-03 -6.565901511888632682e-04 8.074300289867743924e-03
5.382376563258179839e-05 -3.340889162197290853e-03 -9.925848265382678642e-04 1.212268452320655956e-02
6.893633089988140776e-05 -4.453005141676573582e-03 -1.333728489516559836e-03 1.617858814296316283e-02
8.262711955963592089e-05 -5.564352901389638985e-03 -1.680033109886286315e-03 2.024203375281083753e-02
9.489163369848222147e-05 -6.674925567632197278e-03 -2.031510680256449954e-03 2.431304404310093495e-02
1.057253492588409863e-04 -7.784716223499004578e-03 -2.388173216194416915e-03 2.839164179133735547e-02
1.151237158609166487e-04 -8.893717908615206280e-03 -2.750032756349409229e-03 3.247784986264828921e-02
1.230821566248281498e-04 -1.000192361886554672e-02 -3.117101362566386796e-03 3.657169121026802860e-02
1.295960679902023868e-04 -1.110932630612084838e-02 -3.489391120009966048e-03 4.067318887601725080e-02
