0.000000000000000000e+00 0.000000000000000000e+00 0.000000000000000000e+00 0.000000000000000000e+00 0.000000000000000000e+00 0.000000000000000000e+00 0.000000000000000000e+00 0.000000000000000000e+00 0.000000000000000000e+00 0.000000000000000000e+00
1.728612723573614196e-04 2.327676494004386591e-04 1.388802163139530492e-04 -1.037530099932128756e-04 -1.012168959311573677e-03 2.932588267640150680e-04 5.035119992047739322e-04 1.153201496652029147e-03 1.812110473063264149e-03 3.636870095598879020e-03
3.443826626667222330e-04 4.653811353189253987e-04 2.779134611487722923e-04 -2.071739757190375246e-04 -2.023937745204670065e-03 5.815920370871382897e-04 1.005292855660499998e-03 2.306162194558534270e-03 3.625734381340038788e-03 7.280551898940228368e-03
5.145596159255922579e-04 6.978390821314337184e-04 4.171000239351378897e-04 -3.102611713264898769e-04 -3.035302499733605764e-03 8.649808136970519061e-04 1.505336551775452499e-03 3.458880733551278428e-03 5.440877055106824699e-03 1.093107112888366296e-02
6.833875421372757539e-04 9.301401042614304169e-04 5.564401957617057335e-04 -4.130128584882984438e-04 -4.046259333951703063e-03 1.143406250769760883e-03 2.003637035486143490e-03 4.611355743184398712e-03 7.257543853070219479e-03 1.458845364605635721e-02
8.508618166061177523e-04 1.162282806092883357e-03 6.959342692713178574e-04 -5.154272863957502651e-04 -5.056804327633663936e-03 1.416849354750217673e-03 2.500188220618186456e-03 5.763585842729574381e-03 9.075740162190322480e-03 1.825272545309861161e-02
1.016977779610997359e-03 1.394265781888213681e-03 8.355825386744268656e-04 -6.175026916495776966e-04 -6.066933529006304955e-03 1.685291043731851259e-03 2.994983986612056916e-03 6.915569641091821006e-03 1.089547139790407460e-02 2.192391269574158266e-02
1.181730736076379729e-03 1.626087615705766988e-03 9.753852997631072943e-04 -7.192372981504082914e-04 -7.076642954474552522e-03 1.948712146830409823e-03 3.488018178247181186e-03 8.067305736723710125e-03 1.271674300435125804e-02 2.560204166389504904e-02
1.345115955238276742e-03 1.857746881315884384e-03 1.115342849924477872e-03 -8.206293169884314002e-04 -8.085928588346271914e-03 2.207093403549129258e-03 3.979284605361960679e-03 9.218792717537848541e-03 1.453956045460344168e-02 2.928713879274240373e-02
1.507128670308081333e-03 2.089242142116485082e-03 1.255455488154520434e-03 -9.216769463305661721e-04 -9.094786382553482484e-03 2.460415463141052937e-03 4.468777042572893293e-03 1.037002916082133651e-02 1.636392925089522749e-02 3.297923066385170798e-02
1.667764078131559781e-03 2.320571951047881078e-03 1.395723515073408810e-03 -1.022378371307820864e-03 -1.010321225637083459e-02 2.708658883960110911e-03 4.956489228987200416e-03 1.152101363314576681e-02 1.818985492485605468e-02 3.667834400629726294e-02
