0.000000000000000000e+00 0.000000000000000000e+00 0.000000000000000000e+00 0.000000000000000000e+00 0.000000000000000000e+00 0.000000000000000000e+00 0.000000000000000000e+00 0.000000000000000000e+00 0.000000000000000000e+00 0.000000000000000000e+00
6.182629344122585711e-04 5.938700998113749762e-05 7.926995665109021617e-05 -1.806297947160011720e-04 -4.114139287814258593e-04 2.335865536205820533e-03 1.022406741437137390e-03 1.099062207529206319e-03 9.680984022985415121e-04 1.255611324000359321e-03
1.235976677341044105e-03 1.187856557425346488e-04 1.586416129777265755e-04 -3.612354694493592213e-04 -8.226142276613571547e-04 4.673051583871926616e-03 2.044528733971485903e-03 2.198078534066949963e-03 1.936134444657018833e-03 2.511401436182432098e-03
1.853140361561281865e-03 1.781961015820040248e-04 2.381150611639639011e-04 -5.418170051102387226e-04 -1.233600818679609626e-03 7.011559711681019345e-03 3.066365639500172584e-03 3.297048982641294628e-03 2.904108068664790730e-03 3.767370280205680627e-03
2.469753117797103548e-03 2.376185122406433898e-04 3.176903936033414100e-04 -7.223743825200037560e-04 -1.644373623818672038e-03 9.351391491706240525e-03 4.087917119276758549e-03 4.395973556221981736e-03 3.872019215792769052e-03 5.023517799476478855e-03
3.085814074715728054e-03 2.970530529056596473e-04 3.973677029021546996e-04 -9.029075824099994530e-04 -2.054932565003752317e-03 1.169254849946929457e-02 5.109182833914006731e-03 5.494852257723174122e-03 4.839867827393290467e-03 6.279843937148145774e-03
3.701322358918589239e-03 3.564998892122219517e-04 4.771470818806464458e-04 -1.083416585421690965e-03 -2.465277564102485736e-03 1.403503231395228368e-02 6.130162443378712848e-03 6.593685090004559532e-03 5.807653844702035176e-03 7.536348636122455064e-03
4.316277094934541439e-03 4.159591872450619371e-04 5.570286235736577642e-04 -1.263901372105577254e-03 -2.875408542925006038e-03 1.637884451761380603e-02 7.150855606991148548e-03 7.692472055870130249e-03 6.775377208835173075e-03 8.793031839047451073e-03
4.930677405211039699e-03 4.754311135404623058e-04 6.370124212319791535e-04 -1.444361922921254954e-03 -3.285325423223356064e-03 1.872398669640252047e-02 8.171261983421738984e-03 8.791213158066855590e-03 7.743037860791732521e-03 1.004989348831563344e-02
5.544522410107157948e-03 5.349158350873726899e-04 7.170985683230694839e-04 -1.624798218236710601e-03 -3.695028126691748613e-03 2.107046043976914737e-02 9.191381230688029647e-03 9.889908399284932580e-03 8.710635741451337385e-03 1.130693352606482356e-02
6.157811227885159541e-03 5.944135193294406870e-04 7.972871585323547091e-04 -1.805210238327927290e-03 -4.104516574966036481e-03 2.341826734068363711e-02 1.021121300615248154e-02 1.098855778215837228e-02 9.678170791574495016e-03 1.256415189417497622e-02
