0.000000000000000000e+00 0.000000000000000000e+00 0.000000000000000000e+00 0.000000000000000000e+00 0.000000000000000000e+00 0.000000000000000000e+00 0.000000000000000000e+00 0.000000000000000000e+00 0.000000000000000000e+00 0.000000000000000000e+00
1.518579915595804351e-04 1.808447406229144643e-03 -2.477337893308016563e-04 -2.065487255501899985e-04 -1.506022882907714910e-03 4.384132432896946699e-04 4.392803008872870132e-03 9.512920312261710643e-03 8.748531060790985456e-03 2.647602081886711589e-03
3.019615280170401435e-04 3.619613764807259014e-03 -4.974994115907944211e-04 -4.119516963229657861e-04 -3.012124184910597822e-03 8.758155323719572305e-04 8.786024720757682621e-03 1.902715404809347810e-02 1.749806384019767652e-02 5.293481272783416569e-03
4.503003045607132326e-04 5.433510561796675055e-03 -7.493110259564898963e-04 -6.161987997200415838e-04 -4.518301040681031201e-03 1.312201491060747656e-03 1.317967535804951545e-02 2.854270154025680822e-02 2.624859617476172149e-02 7.937634557177247752e-03
5.968638829566578693e-04 7.250149371649263451e-03 -1.003182955944321563e-03 -8.192797553425732252e-04 -6.024550543319170948e-03 1.747565672353785897e-03 1.757376528156812806e-02 3.805956310811822729e-02 3.500012587044006029e-02 1.058005889592764093e-02
7.416416884900528615e-04 9.069541856598382912e-03 -1.259129691110520699e-03 -1.021184109773442140e-03 -7.530869744204671777e-03 2.181902556803443950e-03 2.196830499387729396e-02 4.757773905632555617e-02 4.375265070202525447e-02 1.322075122647829726e-02
8.846230068135860084e-04 1.089169976591991898e-02 -1.517165888658038222e-03 -1.221901231198961081e-03 -9.037255652876691192e-03 2.615206550837140785e-03 2.636330514268659525e-02 5.709722967342507893e-02 5.250616841256183775e-02 1.585970846310108193e-02
1.025796980697732700e-03 1.271663493505306025e-02 -1.777306374939424758e-03 -1.421420303864424136e-03 -1.054370523694714810e-02 3.047471985024620845e-03 3.075877652433452181e-02 6.661803523042375552e-02 6.126067671276117649e-02 1.849692749716912513e-02
1.165152606681916321e-03 1.454435928457361096e-02 -2.039566146842004303e-03 -1.619730322366818350e-03 -1.205021542204701146e-02 3.478693112292937685e-03 3.515473008735952448e-02 7.614015597928788792e-02 7.001617328041462307e-02 2.113240519746054091e-02
1.302678731623691790e-03 1.637488481900740284e-02 -2.303960373041731048e-03 -1.816820085781651120e-03 -1.355678309180774130e-02 3.908864106083980751e-03 3.955117693614731283e-02 8.566359215138220906e-02 7.877265575980869905e-02 2.376613841049528969e-02
1.438364049141215104e-03 1.820822362547632606e-02 -2.570504395109939923e-03 -2.012678191627044911e-03 -1.506340508788079485e-02 4.337979058456720854e-03 4.394812833467022506e-02 9.518834395584421793e-02 8.753012176114224885e-02 2.639812396090563534e-02
