0.000000000000000000e+00 0.000000000000000000e+00 0.000000000000000000e+00 0.000000000000000000e+00 0.000000000000000000e+00 0.000000000000000000e+00 0.000000000000000000e+00 0.000000000000000000e+00 0.000000000000000000e+00 0.000000000000000000e+00
3.253347423876955203e-04 1.762850219685275393e-04 -8.104238769580812967e-05 -6.400425988070620770e-05 -5.790396253686613121e-04 8.198948619354262928e-04 8.546972482927716165e-04 1.215826881587976378e-03 7.819791647223129673e-04 2.443728163493155258e-03
6.505251600668691524e-04 3.525006313040803039e-04 -1.621776791257665846e-04 -1.280660406156505760e-04 -1.157445019105970497e-03 1.639679837124711137e-03 1.709351451143415390e-03 2.431789268780861889e-03 1.563512250436267185e-03 4.889020993250500942e-03
9.755712204703332344e-04 5.286467328322840258e-04 -2.434059659478478635e-04 -1.921856280712012119e-04 -1.735215008524570177e-03 2.459354627736856386e-03 2.563962530692922258e-03 3.647887370602349855e-03 2.344598740196979485e-03 7.335880639898763669e-03
1.300472890935263715e-03 7.047232311134452032e-04 -3.247273401777833724e-04 -2.563633089540964219e-04 -2.312348417828945148e-03 3.278918935302372033e-03 3.418530408866653561e-03 4.864121396274883463e-03 3.125238115762126248e-03 9.784309260039964970e-03
1.625230138703630473e-03 8.807300304409579469e-04 -4.061418941936320625e-04 -3.205993708176376345e-04 -2.888844068096787544e-03 4.098372460711758973e-03 4.273055007375362903e-03 6.080491555221160214e-03 3.905429857587937922e-03 1.223430901633634771e-02
1.949842930920720743e-03 1.056667034839869988e-03 -4.876497207382237071e-04 -3.848941020653591939e-04 -3.464700777266352654e-03 4.917714904211482711e-03 5.127536247713484520e-03 7.296998057061706774e-03 4.685173444821149474e-03 1.468588207754030830e-02
2.274311234634780136e-03 1.232534148064807350e-03 -5.692509129215238446e-04 -4.492477919555680228e-04 -4.039917360122288401e-03 5.736945965400852381e-03 5.981974051160194282e-03 8.513641111617165774e-03 5.464468355293236775e-03 1.713903061852835655e-02
2.598635016795866962e-03 1.408331273599379777e-03 -6.509455642231415113e-04 -5.136607306049866505e-04 -4.614492628282372728e-03 6.556065343230822046e-03 6.836368338776104177e-03 9.730420928905091776e-03 6.243314065510405936e-03 1.959375682033017221e-02
2.922814244255395565e-03 1.584058314653817492e-03 -7.327337684949839641e-04 -5.781332089924050765e-04 -5.188425390183837478e-03 7.375072735998673343e-03 7.690719031403631806e-03 1.094733771914268433e-02 7.021710050646786695e-03 2.205006287016290228e-02
3.246848883765219955e-03 1.759715174164751652e-03 -8.146156199634891617e-04 -6.426655189632491652e-04 -5.761714451068880409e-03 8.193967841347109954e-03 8.545026049666107001e-03 1.216439169274377910e-02 7.799655784538762904e-03 2.450795096146210494e-02
