0.000000000000000000e+00 0.000000000000000000e+00 0.000000000000000000e+00 0.000000000000000000e+00 0.000000000000000000e+00 0.000000000000000000e+00
2.866918034257253268e-03 -5.182191631276662075e-05 -2.815096117944305802e-03 7.411877041746848041e-03 1.080110918067740851e-02 7.185786396257809114e-03
5.736276945868317920e-03 -1.044168560626842525e-04 -5.631860089805692214e-03 1.482578746669125855e-02 2.160112720550037141e-02 1.437063056517359251e-02
8.608085625590343112e-03 -1.577983146490041268e-04 -8.450287310941165947e-03 2.224175872508656060e-02 3.240005119080618945e-02 2.155450794015544708e-02
1.148235304780589362e-02 -2.119800804167696652e-04 -1.127037296738896827e-02 2.965981883112890627e-02 4.319787833160417673e-02 2.873739331199723357e-02
1.435908827104836159e-02 -2.669762419307041348e-04 -1.409211202911750740e-02 3.707999637833853807e-02 5.399460590533190774e-02 3.591926080974255919e-02
1.723830043852957530e-02 -3.228011954492012586e-04 -1.691549924308018149e-02 4.450232055547091725e-02 6.479023127571667540e-02 4.310008388090826037e-02
2.011999877867266112e-02 -3.794696526041394652e-04 -1.974052912606824584e-02 5.192682116298308337e-02 7.558475189675376016e-02 5.027983527104193384e-02
2.300419260565403357e-02 -4.369966482953135251e-04 -2.256719595735827422e-02 5.935352863007965774e-02 8.637816531679071153e-02 5.745848700259095082e-02
2.589089131995215426e-02 -4.953975488041278616e-04 -2.539549377114752593e-02 6.678247403236363400e-02 9.717046918272648215e-02 6.463601035305330256e-02
2.878010440891026755e-02 -5.546880601383051557e-04 -2.822541634877141076e-02 7.421368911011928804e-02 1.079616612443208695e-01 7.181237583238611610e-02
