0.000000000000000000e+00 0.000000000000000000e+00 0.000000000000000000e+00 0.000000000000000000e+00 0.000000000000000000e+00 0.000000000000000000e+00 0.000000000000000000e+00 0.000000000000000000e+00 0.000000000000000000e+00 0.000000000000000000e+00
3.721319771496684088e-04 1.170418756687603554e-04 1.284588971779482215e-04 -1.267085736140470293e-04 -6.908769404988505556e-04 1.369507294025573913e-03 6.200395772014788507e-04 1.155296529473003519e-03 1.326070745964767110e-03 2.416342458391159808e-03
7.440350799936179451e-04 2.340385824924232983e-04 2.568967701897605484e-04 -2.534475600881306743e-04 -1.381158328231063158e-03 2.739384070525528649e-03 1.239910011888395100e-03 2.310544936956595522e-03 2.651913881430678112e-03 4.833910534887789733e-03
1.115709170279980756e-03 3.509901247163982048e-04 3.853135877749402937e-04 -3.802170934433377254e-04 -2.070843357432362950e-03 4.109630490566569538e-03 1.859611245102315994e-03 3.465745196060530768e-03 3.977529115278533728e-03 7.252705401343897268e-03
1.487154109601093689e-03 4.678965065674073592e-04 5.137093186017815645e-04 -5.070173080101285932e-04 -2.759931220709919714e-03 5.480246715294834897e-03 2.479143217831969968e-03 4.620897280286571408e-03 5.302916155962389237e-03 9.672728231568802557e-03
1.858369759393722074e-03 5.847577322531849389e-04 6.420839312663410587e-04 -6.338483384316826418e-04 -3.448421109036152628e-03 6.851232905939067322e-03 3.098505871015839845e-03 5.776001163032817506e-03 6.628074711519303837e-03 1.209398020138589130e-02
2.229355980938553614e-03 7.015738059624517658e-04 7.704373942920388074e-04 -7.607103196639954145e-04 -4.136312211743630070e-03 8.222589223810916614e-03 3.717699145540763993e-03 6.931056817594578520e-03 7.953004489565833682e-03 1.451646248863950467e-02
2.600112635359757337e-03 8.183447318649857529e-04 8.987696761290590993e-04 -8.876033869773671892e-04 -4.823603716519188692e-03 9.594315830305996662e-03 4.336722982241777817e-03 8.086064217161542667e-03 9.277705197298306838e-03 1.694017627320248964e-02
2.970639583625122801e-03 9.350705141107800746e-04 1.027080745154517177e-03 -1.014527675956940255e-03 -5.510294809397684075e-03 1.096641288690188530e-02 4.955577321903301830e-03 9.241023334819856855e-03 1.060217654149138433e-02 1.936512273698393072e-02
3.340936686545076511e-03 1.051751156830411146e-03 1.155370569671079154e-03 -1.141483322504490338e-03 -6.196384674757166033e-03 1.233888055515945312e-02 5.574262105257252534e-03 1.039593414355116478e-02 1.192641822849710431e-02 2.179130306393653460e-02
3.711003804772658714e-03 1.168386664134604723e-03 1.283639117907694289e-03 -1.268470462838509547e-03 -6.881872495311770581e-03 1.371171899672205333e-02 6.192777272983990451e-03 1.155079661622992852e-02 1.325042996424239013e-02 2.421871844006201480e-02
