0.000000000000000000e+00 0.000000000000000000e+00 0.000000000000000000e+00 0.000000000000000000e+00 0.000000000000000000e+00 0.000000000000000000e+00
5.507364846155714342e-04 8.268287250300310675e-06 -5.984926093918213489e-04 1.816545249739703015e-03 1.183995095575189659e-03 2.004457486042359425e-03
1.100785258932142829e-03 1.661687887459781162e-05 -1.196761691164023112e-03 3.632564868317786182e-03 2.367893968046143067e-03 4.010674333965088753e-03
1.650142777087233162e-03 2.504688968712325963e-05 -1.794810071071543381e-03 5.448042284310077379e-03 3.551696612828298110e-03 6.018667433147011428e-03
2.198805431702864719e-03 3.355945552053617598e-05 -2.392640633017753364e-03 7.262960609533689743e-03 4.735403024936351603e-03 8.028453991753073393e-03
2.746769552292403251e-03 4.215573376982493581e-05 -2.990256320583714687e-03 9.077302631020000775e-03 5.919013198982883001e-03 1.004005154491740930e-02
3.294031403742579515e-03 5.083690390775475647e-05 -3.587660138443153970e-03 1.089105080325666018e-02 7.102527129166474364e-03 1.205347796258532389e-02
3.840587184750074521e-03 5.960416801486702755e-05 -4.184855153820489677e-03 1.270418724020622517e-02 8.285944809253343105e-03 1.406875145758221604e-02
4.386433026211868091e-03 6.845875132690756350e-05 -4.781844497987143214e-03 1.451669370709551127e-02 9.469266232562939881e-03 1.608589059391517598e-02
4.931564989569568042e-03 7.740190279533490847e-05 -5.378631367804574161e-03 1.632855161196447233e-02 1.065249139195192235e-02 1.810491429531855753e-02
5.475979065103745054e-03 8.643489566648914282e-05 -5.975219027308277531e-03 1.813974199696759965e-02 1.183562027979472193e-02 2.012584185404867748e-02
