0.000000000000000000e+00 0.000000000000000000e+00 0.000000000000000000e+00 0.000000000000000000e+00
5.887674909782728179e-04 -3.689883515270852708e-04 1.322009395506757411e-03 7.857960814086492000e-04
1.177384593612744966e-03 -7.378690655031983981e-04 2.643876603772460712e-03 1.571529687678871207e-03
1.765851326962697074e-03 -1.106642148048970131e-03 3.965601305119340406e-03 2.357200784148224485e-03
2.354167710203008274e-03 -1.475307605303846246e-03 5.287183179657406994e-03 3.142809336171346717e-03
2.942333762629060698e-03 -1.843865443426437800e-03 6.608621907297601052e-03 3.928355309120057370e-03
3.530349503656851368e-03 -2.212315668594933612e-03 7.929917167747692341e-03 4.713838668384260841e-03
4.118214952822383743e-03 -2.580658287007060476e-03 9.251068640515542826e-03 5.499259379372232678e-03
4.705930129782000780e-03 -2.948893304879587028e-03 1.057207600490701199e-02 6.284617407510387568e-03
5.293495054312279992e-03 -3.317020728448868017e-03 1.189293894002759963e-02 7.069912718242825703e-03
5.880909746309754584e-03 -3.685040563970510587e-03 1.321365712478098087e-02 7.855145277031749113e-03
