0.000000000000000000e+00 0.000000000000000000e+00 0.000000000000000000e+00 0.000000000000000000e+00 0.000000000000000000e+00 0.000000000000000000e+00 0.000000000000000000e+00 0.000000000000000000e+00
1.921475387329722728e-03 6.976616973313272581e-04 -1.936286207795775061e-04 -2.425508452421992062e-03 4.689180661130722474e-03 7.419772526783586196e-03 8.583191805175699116e-03 6.673326134869104857e-03
3.839989809502066323e-03 1.398731089248274849e-03 -3.833300979468113917e-04 -4.855390788969090807e-03 9.365409223625172086e-03 1.483112431230510994e-02 1.717328216085738449e-02 1.336112653689564000e-02
5.755479092170483896e-03 2.103269708807962903e-03 -5.690379982463357380e-04 -7.289710790507772549e-03 1.402845281320053324e-02 2.223392362783209453e-02 2.577039811149139936e-02 2.006363878686402008e-02
7.667877583637490793e-03 2.811340425110268881e-03 -7.506843530945086530e-04 -9.728533643022620539e-03 1.867807327390293148e-02 2.962803576206948439e-02 3.437466956795991874e-02 2.678110584114143725e-02
9.577118119220217815e-03 3.523007481426779827e-03 -9.281996134842769369e-04 -1.217192597410945813e-02 2.331402703107352675e-02 3.701332295047957827e-02 4.298622939131139381e-02 3.351377617787425905e-02
1.148313197785041928e-02 4.238336532725812782e-03 -1.101512604246456493e-03 -1.461995589283649963e-02 2.793606493666581092e-02 4.438964428759351738e-02 5.160521347663304947e-02 4.026190395548946005e-02
1.338584883716377461e-02 4.957394684433962147e-03 -1.270550476717742820e-03 -1.707269303092844373e-02 3.254393210922665314e-02 5.175685563628251717e-02 6.023176083980133488e-02 4.702574917669135462e-02
1.528519672702028341e-02 5.680250532485803250e-03 -1.435238659750457529e-03 -1.953020858532682202e-02 3.713736776833910513e-02 5.911480953386891168e-02 6.886601370722061910e-02 5.380557785817058347e-02
1.718110198139064307e-02 6.406974204707500259e-03 -1.595500808994542059e-03 -2.199257536217751746e-02 4.171610506329389428e-02 6.646335509494449845e-02 7.750811760866989364e-02 6.060166220626289624e-02
1.907348918853935676e-02 7.137637403589164320e-03 -1.751258754380748952e-03 -2.445986782230376300e-02 4.627987089575195251e-02 7.380233791076787342e-02 8.615822147339054216e-02 6.741428079880723567e-02
