0.000000000000000000e+00 0.000000000000000000e+00 0.000000000000000000e+00 0.000000000000000000e+00
5.245525687095892349e-03 -5.245525687095884543e-03 1.315330964269856469e-02 1.241373147022105383e-02
1.050025662101178141e-02 -1.050025662101183171e-02 2.631209914047859949e-02 2.482198308536037040e-02
1.576422037180746222e-02 -1.576422037180722283e-02 3.947647166225363297e-02 3.722465167650462758e-02
2.103744436762952294e-02 -2.103744436762948478e-02 5.264653299373758116e-02 4.962163145794071251e-02
2.631995586266987555e-02 -2.631995586266971596e-02 6.582239161756930912e-02 6.201281394702825439e-02
3.161178190286813988e-02 -3.161178190286800110e-02 7.900415879607895764e-02 7.439808788143818796e-02
3.691294928924672425e-02 -3.691294928924653690e-02 9.219194865676835771e-02 8.677733913366847407e-02
4.222348453875785640e-02 -4.222348453875756497e-02 1.053858782806000871e-01 9.915045062275612553e-02
4.754341384252248892e-02 -4.754341384252214198e-02 1.185860677931726836e-01 1.115173022231029654e-01
5.287276302133766398e-02 -5.287276302133728234e-02 1.317926404588726230e-01 1.238777706703224485e-01
