0.000000000000000000e+00 0.000000000000000000e+00 0.000000000000000000e+00 0.000000000000000000e+00 0.000000000000000000e+00 0.000000000000000000e+00 0.000000000000000000e+00 0.000000000000000000e+00
2.032646456190097348e-03 8.381193024040566736e-04 -1.120837746079845001e-03 -1.749928012514286686e-03 3.089311474469798487e-03 9.088684644230383969e-03 7.606083501175081064e-03 2.437976474871029770e-03
4.065371287475719360e-03 1.677262175343978163e-03 -2.242747256561467180e-03 -3.499886206258101540e-03 6.176616438411540802e-03 1.817985476430109687e-02 1.521315323865304360e-02 4.874487748127548890e-03
6.098172131223740002e-03 2.517434555280392665e-03 -3.365732474478137955e-03 -5.249874212025709350e-03 9.261913947163354782e-03 2.727351028972517522e-02 2.282121015001851300e-02 7.309533897332630946e-03
8.131046582514296628e-03 3.358642461894742297e-03 -4.489797389826889751e-03 -6.999891654581947079e-03 1.234520304517574239e-02 3.636965114571130003e-02 3.043025518229450568e-02 9.743115005804325879e-03
1.016399219358333703e-02 4.200891998463875815e-03 -5.614946039837606304e-03 -8.749938152209332451e-03 1.542648276528701262e-02 4.546827725346480609e-02 3.804028929246894286e-02 1.217523116251166028e-02
1.219700647328822440e-02 5.044189352151565858e-03 -6.741182509210487221e-03 -1.050001331622885808e-02 1.850575212797804167e-02 5.456938853048472204e-02 4.565131344806017122e-02 1.460588246195581100e-02
1.423008688660200825e-02 5.888540794213649107e-03 -7.868510930318105973e-03 -1.225011675049724608e-02 2.158301014060948209e-02 6.367298489086438418e-02 5.326332862772228255e-02 1.703506900402925253e-02
1.626323085413658096e-02 6.733952680106944366e-03 -8.996935483368034142e-03 -1.400024805087510087e-02 2.465825579663238551e-02 7.277906624558624915e-02 6.087633582189699855e-02 1.946279089385603497e-02
1.829643575169885572e-02 7.580431449495404761e-03 -1.012646039652463636e-02 -1.575040680466925289e-02 2.773148807478189801e-02 8.188763250281931583e-02 6.849033603350927757e-02 2.188904824160764831e-02
2.032969890988248207e-02 8.427983626145201662e-03 -1.125708994598259224e-02 -1.750059259004450862e-02 3.080270593824801367e-02 9.099868356821130821e-02 7.610533027870883260e-02 2.431384116229676207e-02
