0.000000000000000000e+00 0.000000000000000000e+00 0.000000000000000000e+00 0.000000000000000000e+00
1.770165087196049272e-02 -1.770165087196072171e-02 1.313742086474300498e-02 1.668753779329808576e-02
3.427843270701883688e-02 -3.427843270702649742e-02 2.629344391999490632e-02 3.335647339617967000e-02
4.692031395356979773e-02 -4.692031395354106377e-02 3.948015041943445103e-02 4.999472555252238576e-02
5.061381302695245471e-02 -5.061381303142510613e-02 5.271436183714060114e-02 6.658547276963905359e-02
4.284831046266945193e-02 -4.284831046266819599e-02 6.600085177168672768e-02 8.312394151849514246e-02
2.722152109513014534e-02 -2.722152109551716215e-02 7.931512908179677579e-02 9.963462286650714983e-02
7.892252116759902736e-03 -7.892252089522017178e-03 9.262982788427802372e-02 1.161448826941652440e-01
-1.258014022605770388e-02 1.258014022450421043e-02 1.059534364239685944e-01 1.326462328640801991e-01
-3.291811996233273696e-02 3.291811995678442515e-02 1.192938190836207585e-01 1.491308088387835740e-01
-5.264086852081631407e-02 5.264086852003904693e-02 1.326493086550769862e-01 1.656002779272427172e-01
