0.000000000000000000e+00 0.000000000000000000e+00 0.000000000000000000e+00 0.000000000000000000e+00 0.000000000000000000e+00 0.000000000000000000e+00 0.000000000000000000e+00 0.000000000000000000e+00 0.000000000000000000e+00 0.000000000000000000e+00
1.696396497432297364e-03 1.577818855491359756e-03 6.866345582812896186e-05 -1.570193081811573034e-03 -1.772685730137493407e-03 3.102938724831865499e-03 5.160197591611410950e-03 6.744821804817855392e-03 5.374098464660777633e-03 3.252350151202089684e-03
3.392793449170876125e-03 3.157182223077859267e-03 1.374556217036117462e-04 -3.142044098542993730e-03 -3.545387198656606894e-03 6.205018206119343460e-03 1.032035615296217866e-02 1.349134022316984816e-02 1.074831647284690134e-02 6.503782412423333818e-03
5.089190245416629239e-03 4.738092890596235819e-03 2.063770605249548324e-04 -4.715557034881743756e-03 -5.318103164953275237e-03 9.306237032982203963e-03 1.548047673435861554e-02 2.023955605609626882e-02 1.612265573062404700e-02 9.754294643849331647e-03
6.785586272973435223e-03 6.320553631570221056e-03 2.754283404631993875e-04 -6.290735872743809937e-03 -7.090832375609849685e-03 1.240659378302993651e-02 2.064056038625327466e-02 2.698947012464871648e-02 2.149711794614025256e-02 1.300388468821852411e-02
8.481980916614085056e-03 7.904567205370877786e-03 3.446100321382286787e-04 -7.867584589751433835e-03 -8.863573567767594683e-03 1.550608702376504895e-02 2.580060816074963848e-02 3.374108326652119211e-02 2.687170483353677752e-02 1.625255037409087736e-02
1.017837355913999570e-02 9.490136356477423679e-03 4.139227085058539736e-04 -9.446107158462705225e-03 -1.063632546910533820e-02 1.860471531234312442e-02 3.096062111121397273e-02 4.049439633742654004e-02 3.224641811232744487e-02 1.950028951571661576e-02
1.187476358144297188e-02 1.107726381372360971e-02 4.833669447429182753e-04 -1.102630754558232666e-02 -1.240908679782011352e-02 2.170247719533084998e-02 3.612060029187875998e-02 4.724941021252226925e-02 3.762125950674614916e-02 2.274709991290448791e-02
1.357115036256783050e-02 1.266595228952973121e-02 5.529433181258340199e-04 -1.260818971115755874e-02 -1.418185626260652990e-02 2.479937120846146051e-02 4.128054675742352103e-02 5.400612578788061696e-02 4.299623074506712939e-02 2.599297935089661324e-02
1.526753327977837735e-02 1.425620447912155468e-02 6.226524079063562762e-04 -1.419175760775736109e-02 -1.595463256263668014e-02 2.789539587638194956e-02 4.644046156254512392e-02 6.076454398200882567e-02 4.837133355889362829e-02 2.923792560023782267e-02
1.696391170862451489e-02 1.584802305973393236e-02 6.924947951833313863e-04 -1.577701517963566585e-02 -1.772741438753986515e-02 3.099054971240219544e-02 5.160034576150623886e-02 6.752466573741601474e-02 5.374656968242056548e-02 3.248193641665127196e-02
