0.000000000000000000e+00 0.000000000000000000e+00 0.000000000000000000e+00 0.000000000000000000e+00 0.000000000000000000e+00 0.000000000000000000e+00
1.637801582874268743e-03 2.186933030177961538e-03 -3.824734613052287961e-03 1.653063384986633907e-03 1.003442273301629988e-02 1.213617510462586604e-02
3.271531367099879406e-03 4.384493039199980659e-03 -7.656024406300030935e-03 3.289727396732312036e-03 2.006618705751808326e-02 2.429140799100727721e-02
4.901162740231159928e-03 6.592738467110109170e-03 -1.149390120734142609e-02 4.909930662532440218e-03 3.009528226109250623e-02 3.646577074426134157e-02
6.526668865107277707e-03 8.811728252360637170e-03 -1.533839711746809616e-02 6.513611241377288696e-03 4.012169797657195308e-02 4.865933567256586906e-02
8.148022677273833794e-03 1.104152183965110244e-02 -1.918954451692514787e-02 8.100706610887261835e-03 5.014542419898222747e-02 6.087217530327500292e-02
9.765196882525070676e-03 1.328217918837782188e-02 -2.304737607090325685e-02 9.671153653849576953e-03 6.016645130309854206e-02 7.310436237882494970e-02
1.137816395457059981e-02 1.553376078174678945e-02 -2.691192473631789928e-02 1.122488864431986193e-02 7.018477006168818977e-02 8.535596985239407575e-02
1.298689613282872496e-02 1.779632763659998174e-02 -3.078322376942906752e-02 1.276184723324398640e-02 8.020037166453096444e-02 9.762707088325589533e-02
1.459136542034450423e-02 2.006994131400834103e-02 -3.466130673435340731e-02 1.428196443355546699e-02 9.021324773833072630e-02 1.099177388317731652e-01
1.619154358182897657e-02 2.235466393068222257e-02 -3.854620751251176813e-02 1.578517460469427980e-02 1.002233903676369720e-01 1.222280472539570284e-01
