0.000000000000000000e+00 0.000000000000000000e+00 0.000000000000000000e+00 0.000000000000000000e+00 0.000000000000000000e+00 0.000000000000000000e+00 0.000000000000000000e+00 0.000000000000000000e+00
1.863811058829445812e-03 1.954970449337949546e-04 -5.053390984325032993e-04 -1.553969007340848078e-03 5.061425775156462928e-03 6.643429758062740359e-03 5.939709739154264319e-03 3.868233352767692663e-03
3.729799910501159065e-03 3.890884634921124192e-04 -1.012264679829724548e-03 -3.106623696234194192e-03 1.012977396456518978e-02 1.329004507892679599e-02 1.187535291596732157e-02 7.730425284352117343e-03
5.597989859804418031e-03 5.807497163520472126e-04 -1.520799463602443523e-03 -4.657940114687045621e-03 1.520513295456220326e-02 1.993989371552098988e-02 1.780688067720529247e-02 1.158648851518827814e-02
7.468404610791194199e-03 7.704558201241377318e-04 -2.030966559484589234e-03 -6.207893873628525343e-03 2.028759270898881223e-02 2.659302426779070264e-02 2.373424329973648425e-02 1.543633420462254581e-02
9.341068276565103398e-03 9.581813371740054109e-04 -2.542789477325931111e-03 -7.756460138678070507e-03 2.537724480118711684e-02 3.324948620296666602e-02 2.965739017618480508e-02 1.927987191945753492e-02
1.121600538826260721e-02 1.143900365274844004e-03 -3.056292135769508866e-03 -9.303613620102072629e-03 3.047418245032059575e-02 3.990932987483995775e-02 3.557626979498321185e-02 2.311700959830517363e-02
1.309324090427331673e-02 1.327586526974099514e-03 -3.571498871155412338e-03 -1.084932856249760415e-02 3.557850055868335554e-02 4.657260654356037977e-02 4.149082971987667900e-02 2.694765351497714623e-02
1.497280021970687561e-02 1.509212958667681490e-03 -4.088434446656869642e-03 -1.239357873419687575e-02 4.069029575002360705e-02 5.323936839596658116e-02 4.740101656886895609e-02 3.077170824088299242e-02
1.685470917611347347e-02 1.688752299370015067e-03 -4.607124061657694343e-03 -1.393633741638187346e-02 4.580966640892294300e-02 5.990966856646361138e-02 5.330677599259146110e-02 3.458907660640390264e-02
1.873899407146780230e-02 1.866176679174152888e-03 -5.127593361375091911e-03 -1.547757739190225301e-02 5.093671272125668836e-02 6.658356115847044454e-02 5.920805265207666757e-02 3.839965966121235141e-02
