0.000000000000000000e+00 0.000000000000000000e+00 0.000000000000000000e+00 0.000000000000000000e+00
5.780685428213705034e-05 -5.546521081948393604e-04 2.661167772505722648e-05 1.602269244533721963e-03
1.155744069811321734e-04 -1.109037608453866067e-03 5.314803508959144981e-05 3.204756451459970980e-03
1.733026462670618267e-04 -1.663156422027104939e-03 7.960905853843476337e-05 4.807461786591435936e-03
2.309915603028258354e-04 -2.217008470015035485e-03 1.059947345217909944e-04 6.410385416084733723e-03
2.886411372447804987e-04 -2.770593673370058078e-03 1.323050494961942945e-04 8.013527506460768612e-03
3.462513652424647473e-04 -3.323911952896402983e-03 1.585399899239047243e-04 9.616888224608606539e-03
4.038222324384006909e-04 -3.876963229248930800e-03 1.846995422738812365e-04 1.122046773778400883e-02
4.613537269686841021e-04 -4.429747422932685773e-03 2.107836930198744559e-04 1.282426621361196402e-02
5.188458369620306977e-04 -4.982264454301905260e-03 2.367924286416289378e-04 1.442828382008654563e-02
5.762985505406930482e-04 -5.534514243559744348e-03 2.627257356264707110e-04 1.603252072557284982e-02
