0.000000000000000000e+00 0.000000000000000000e+00 0.000000000000000000e+00 0.000000000000000000e+00 0.000000000000000000e+00 0.000000000000000000e+00
2.220718606643810270e-03 8.557478910032624000e-04 -3.076466497647143902e-03 4.778132454922415749e-03 1.006691971786425818e-02 8.826557229047652872e-03
4.437044374672642968e-03 1.723787343501291059e-03 -6.160831718173700490e-03 9.530907159426487557e-03 2.013264661375300038e-02 1.767966503048908067e-02
6.648875027555933501e-03 2.604324369883046809e-03 -9.253199397439125160e-03 1.425790944975461466e-02 3.019717122916633009e-02 2.655974752658184224e-02
8.856105976210799230e-03 3.497569369237731821e-03 -1.235367534544846990e-02 1.895871569627179468e-02 4.026048400245472308e-02 3.546723790860994985e-02
1.105863025410999505e-02 4.403737241158871100e-03 -1.546236749526874212e-02 2.363289305922078656e-02 5.032257526756166166e-02 4.440257868238942779e-02
1.325633845018957604e-02 5.323047502979134059e-03 -1.857938595316859995e-02 2.827999923648679206e-02 6.038343525269024986e-02 5.336622192182874369e-02
1.544911863946750452e-02 6.255724410544224318e-03 -2.170484305001174272e-02 3.289958220307686448e-02 7.044305407888380721e-02 6.235862953087900618e-02
1.763685631128046258e-02 7.201997082648006407e-03 -2.483885339392827990e-02 3.749117994198783443e-02 8.050142175850362458e-02 7.138027351418291255e-02
1.981943429504402776e-02 8.162099629251354932e-03 -2.798153392429526473e-02 4.205432016614355645e-02 9.055852819359402894e-02 8.043163625677050843e-02
2.199673268343622576e-02 9.136271283611132471e-03 -3.113300396704720904e-02 4.658852003105649203e-02 1.006143631741253791e-01 8.951321081316079842e-02
