0.000000000000000000e+00 0.000000000000000000e+00 0.000000000000000000e+00 0.000000000000000000e+00 0.000000000000000000e+00 0.000000000000000000e+00
3.325902166304385999e-03 -4.705076431912261366e-04 -2.855394523113094322e-03 5.404862009097123957e-03 1.481465741279621925e-02 5.179254051064265986e-03
6.654691308390852690e-03 -9.426225006726228831e-04 -5.712068807718100570e-03 1.080729159185438680e-02 2.963519040633054782e-02 1.035506494773064286e-02
9.986373418063998128e-03 -1.416342373377041212e-03 -8.570031044686643798e-03 1.620729427829058905e-02 4.446159486559549123e-02 1.552743127498722175e-02
1.332095415075862203e-02 -1.891664435319841738e-03 -1.142928971543840169e-02 2.160487561361053993e-02 5.929386654994636685e-02 2.069635172827434880e-02
1.665843879637515790e-02 -2.368585195401565462e-03 -1.428985360097325547e-02 2.700004114969785374e-02 7.413200109776423019e-02 2.586182511732715988e-02
1.999883224878894195e-02 -2.847100457928757392e-03 -1.715173179085950975e-02 3.239279643583747870e-02 8.897599403186673417e-02 3.102385037004248142e-02
2.334213897408147706e-02 -3.327205281969662209e-03 -2.001493369211116563e-02 3.778314700862520081e-02 1.038258407657165344e-01 3.618242653636294381e-02
2.668836297755810411e-02 -3.808893939686895831e-03 -2.287946903787054995e-02 4.317109838103135727e-02 1.186815366104647107e-01 4.133755279216651257e-02
3.003750776963947516e-02 -4.292159873829550637e-03 -2.574534789580911615e-02 4.855665603058977736e-02 1.335430767828832688e-01 4.648922844314726938e-02
3.338957633073784403e-02 -4.776995654594450719e-03 -2.861258067614259881e-02 5.393982538668204429e-02 1.484104564142183502e-01 5.163745292867769066e-02
