0.000000000000000000e+00 0.000000000000000000e+00 0.000000000000000000e+00 0.000000000000000000e+00 0.000000000000000000e+00 0.000000000000000000e+00
6.963084082600840257e-04 -1.818618539893610377e-05 -8.000603360218411101e-04 2.830857198945384897e-03 5.694568971713573650e-04 3.315920738657404318e-03
1.391781028082014933e-03 -3.642295671605122112e-05 -1.599025176568079831e-03 5.663713494065484612e-03 1.138570092353511764e-03 6.634639626417467712e-03
2.086416118197447715e-03 -5.471039473351146470e-05 -2.396891747480443813e-03 8.498572115456690459e-03 1.707339423474199926e-03 9.956161869726844194e-03
2.780211931792113834e-03 -7.304858072053437284e-05 -3.193657264530112144e-03 1.133543630414545964e-02 2.275764727225506809e-03 1.328049269441309091e-02
3.473166716467981918e-03 -9.143759644388540955e-05 -3.989318933337542179e-03 1.417430931224286823e-02 2.843845839048440762e-03 1.660763734601484326e-02
4.165278714213323588e-03 -1.098775241727261982e-04 -4.783873949312463826e-03 1.701519440301432415e-02 3.411582593122996273e-03 1.993760108991893959e-02
4.856546161371509684e-03 -1.283684466831971731e-04 -5.577319497593250311e-03 1.985809485094988669e-02 3.978974822356777866e-03 2.327038921149889028e-02
5.546967288610440971e-03 -1.469104472644242694e-04 -6.369652752985070082e-03 2.270301394183485075e-02 4.546022358372717176e-03 2.660600701625386727e-02
6.236540320890925429e-03 -1.655036097226320882e-04 -7.160870879898603367e-03 2.554995497282233630e-02 5.112725031497847121e-03 2.994445982995093403e-02
6.925263477435892115e-03 -1.841480183867625980e-04 -7.950971032287654575e-03 2.839892125250447277e-02 5.679082670752036606e-03 3.328575299876594673e-02
