0.000000000000000000e+00 0.000000000000000000e+00 0.000000000000000000e+00 0.000000000000000000e+00 0.000000000000000000e+00 0.000000000000000000e+00
5.081040253844627602e-04 -8.838189187071938708e-06 -5.136116718464185313e-04 1.567668852016944336e-03 1.310588840161143681e-03 1.353685052795632537e-03
1.015910988805541863e-03 -1.771335339248239968e-05 -1.026964800168805999e-03 3.135708912872124752e-03 2.621103697448854374e-03 2.707394581317191552e-03
1.523420743462573562e-03 -2.662553990509245586e-05 -1.540059358159022711e-03 4.704120279657365844e-03 3.931544492238415317e-03 4.061128180066153615e-03
2.030633142429766336e-03 -3.557479606201817288e-05 -2.052895319134071059e-03 6.272903049452984922e-03 5.241911144789585843e-03 5.414885442740157394e-03
2.537548038658246890e-03 -4.456116924994181602e-05 -2.565472656538421783e-03 7.842057319337038951e-03 6.552203575257334323e-03 6.768665962241360474e-03
3.044165284975138257e-03 -5.358470690499349943e-05 -3.077791343944351159e-03 9.411583186387455224e-03 7.862421703689550720e-03 8.122469330672253685e-03
3.550484734083799408e-03 -6.264545651303862837e-05 -3.589851355052145476e-03 1.098148074767773749e-02 9.172565450028750955e-03 9.476295139334992360e-03
4.056506238562978053e-03 -7.174346560949283616e-05 -4.101652663689789660e-03 1.255175010028181798e-02 1.048263473411021295e-02 1.083014297872948208e-02
4.562229650866915162e-03 -8.087878177969872406e-05 -4.613195243813708428e-03 1.412239134126968589e-02 1.179262947566210584e-02 1.218401243854925001e-02
5.067654823324578214e-03 -9.005145265889832927e-05 -5.124479069508548583e-03 1.569340456770968589e-02 1.310254959430641637e-02 1.353790310768077446e-02
