0.000000000000000000e+00 0.000000000000000000e+00 0.000000000000000000e+00 0.000000000000000000e+00 0.000000000000000000e+00 0.000000000000000000e+00
1.307101724273438932e-03 2.608072118273011518e-03 -3.915173842546447631e-03 4.735452772635582704e-04 9.774885633345942182e-03 1.301278020176402546e-02
2.608305785686395283e-03 5.229550909643574351e-03 -7.837856695330042492e-03 9.257161710828758780e-04 1.954643270133040248e-02 2.605027335233370267e-02
3.903573234795365901e-03 7.864517180721172090e-03 -1.176809041551666983e-02 1.356418904430039835e-03 2.931462688943884190e-02 3.911258754325144110e-02
5.192864755892673267e-03 1.051305252447132244e-02 -1.570591728036407897e-02 1.765558769430239762e-03 3.907945433388813894e-02 5.219983134617572906e-02
6.476140660623834304e-03 1.317523933505614434e-02 -1.965137999568021890e-02 2.153040107070129834e-03 4.884090164626878061e-02 6.531211380852915138e-02
7.753360881562853038e-03 1.585116082363877826e-02 -2.360452170520186549e-02 2.518766286216057772e-03 5.859895593931867264e-02 7.844954444870635979e-02
9.024484965734286962e-03 1.854090103520533717e-02 -2.756538600093990168e-02 2.862639681869744851e-03 6.835360485398536690e-02 9.161223325075923407e-02
1.028947206806219219e-02 2.124454486646153856e-02 -3.153401693452409504e-02 3.184561652586426553e-03 7.810483658794672990e-02 1.048002906584549337e-01
1.154828094472042099e-02 2.396217808484615505e-02 -3.551045902956685013e-02 3.484432516964260443e-03 8.785263992579470105e-02 1.180138275686026250e-01
1.280086994634926575e-02 2.669388734869517985e-02 -3.949475729504482724e-02 3.762151529108964144e-03 9.759700427111345222e-02 1.312529553235126378e-01
