0.000000000000000000e+00 0.000000000000000000e+00 0.000000000000000000e+00 0.000000000000000000e+00 0.000000000000000000e+00 0.000000000000000000e+00 0.000000000000000000e+00 0.000000000000000000e+00 0.000000000000000000e+00 0.000000000000000000e+00
1.721843305618181398e-03 9.434340566857078248e-04 -1.190414844261101341e-04 -9.629263226000619146e-04 -1.583309556211964482e-03 3.972345991889806791e-03 5.530667789504636542e-03 5.950745966803954075e-03 5.125700903830134395e-03 3.643123079784389012e-03
3.443878066445802896e-03 1.887482411586229730e-03 -2.382557635933969429e-04 -1.926432572832867786e-03 -3.166672142565942708e-03 7.944790054204505653e-03 1.106125870643853010e-02 1.190177875128229333e-02 1.025110211956206489e-02 7.286237823911915351e-03
5.166104155519388522e-03 2.832146565940145671e-03 -3.576429541836770873e-04 -2.890520605491983530e-03 -4.750087162770576590e-03 1.191733184944210669e-02 1.659177312776421651e-02 1.785309788151530352e-02 1.537620434440172337e-02 1.092934397585728842e-02
6.888521440366621520e-03 3.777428011760038899e-03 -4.772031671292041848e-04 -3.855192276114250728e-03 -6.333554009896272957e-03 1.588997102608975115e-02 2.212221144228353545e-02 2.380470288865200665e-02 2.050100828039422979e-02 1.457244126513625171e-02
8.611129784494667497e-03 4.723328232172620267e-03 -5.969365089684441645e-04 -4.820449439309909719e-03 -7.917072069429173173e-03 1.986270722137509909e-02 2.765257405087466480e-02 2.975659330582538370e-02 2.562551463669186444e-02 1.821552941135896886e-02
1.033392904737018975e-02 5.669848700820831824e-03 -7.168430816976009354e-04 -5.786293948297488790e-03 -9.500640719263023573e-03 2.383554006088742586e-02 3.318286136674317849e-02 3.570876866862171539e-02 3.074972412935944241e-02 2.185860812407842968e-02
1.205691908439925422e-02 6.616990881245944818e-03 -8.369229826177188893e-04 -6.752727654426395922e-03 -1.108425932969542109e-02 2.780846915819190288e-02 3.871307381567869188e-02 4.166122851556851303e-02 3.587363748116736278e-02 2.550167710264309925e-02
1.378009974691254969e-02 7.564756226252212015e-03 -9.571763041763287766e-04 -7.719752406685171514e-03 -1.266792726342513657e-02 3.178149411443458722e-02 4.424321183630972737e-02 4.761397238863632891e-02 4.099725542137373779e-02 2.914473603604873092e-02
1.550347088215485100e-02 8.513146177252758559e-03 -1.077603133806261972e-03 -8.687370051197284074e-03 -1.425164387555336032e-02 3.575461451794299805e-02 4.977327588036189326e-02 5.356699983376193158e-02 4.612057868549385153e-02 3.278778460279028334e-02
1.722703233327551806e-02 9.462162163596053027e-03 -1.198203553759249074e-03 -9.655582430702474780e-03 -1.583540851358695295e-02 3.972782994381588578e-02 5.530326641291898049e-02 5.952031040138775625e-02 5.124360801505802032e-02 3.643082247071295632e-02
