0.000000000000000000e+00 0.000000000000000000e+00 0.000000000000000000e+00 0.000000000000000000e+00
1.512327824824532228e-02 -1.512327824824515748e-02 1.217300156813139536e-02 9.415095301935062083e-03
2.865388563949824302e-02 -2.865388563949994999e-02 2.434225456249794473e-02 1.883393917764949674e-02
3.841998150072139379e-02 -3.841998150077262364e-02 3.650502902646116099e-02 2.825926158368302979e-02
4.134519546112320337e-02 -4.134519546141953578e-02 4.865629868095815158e-02 3.769608879904489535e-02
3.596285728652516556e-02 -3.596285728714633534e-02 6.078942623167397918e-02 4.715105811858114060e-02
2.423010256289020309e-02 -2.423010254435938038e-02 7.289738673589726825e-02 5.663119447056536720e-02
8.989595445171343763e-03 -8.989595445168765964e-03 8.497453408569799471e-02 6.614214400475552924e-02
-7.876901222963170884e-03 7.876901222966276039e-03 9.702791340656694019e-02 7.567686155395104974e-02
-2.527980173873078593e-02 2.527980173873523029e-02 1.090741865648765518e-01 8.521868526570554325e-02
-4.262912232558875580e-02 4.262912232559157300e-02 1.211233322871815288e-01 9.475763641346596211e-02
