0.000000000000000000e+00 0.000000000000000000e+00 0.000000000000000000e+00 0.000000000000000000e+00
1.396435775709910752e-02 -1.396435775709861833e-02 1.366594475529358740e-02 1.661045984372423387e-02
2.806961409832553836e-02 -2.806961409832468834e-02 2.733795152955498589e-02 3.321485766848088911e-02
4.231965672541493362e-02 -4.231965672541364298e-02 4.101619525907160974e-02 4.981301853798236756e-02
5.671854634460596345e-02 -5.671854634460422179e-02 5.470085888768250887e-02 6.640475950838924113e-02
7.127052460148231017e-02 -7.127052460147999258e-02 6.839213388752604650e-02 8.298988910756366355e-02
8.598002156889773817e-02 -8.598002156889478220e-02 8.209022076301285276e-02 9.956820683109460224e-02
1.008516623198165985e-01 -1.008516623198131568e-01 9.579532950380285905e-02 1.161395026893226323e-01
1.158902718757322675e-01 -1.158902718757276601e-01 1.095076799314502053e-01 1.327035568606935168e-01
1.311008774533729826e-01 -1.311008774533669041e-01 1.232275018499258135e-01 1.492601395412357923e-01
1.464887063622031249e-01 -1.464887063621945762e-01 1.369550348530750583e-01 1.658090111371051667e-01
