0.000000000000000000e+00 0.000000000000000000e+00 0.000000000000000000e+00 0.000000000000000000e+00
5.899694408201313495e-04 -3.767751239500864518e-04 2.071640528169353332e-03 1.248184534843869119e-03
1.179512364356776703e-03 -7.533201231634723992e-04 4.144153856073846606e-03 2.496579127483488682e-03
1.768628300100026814e-03 -1.129634894030324185e-03 6.217540499002367771e-03 3.745183751111278228e-03
2.357316776910869330e-03 -1.505719332873518878e-03 8.291800972484563576e-03 4.993998378701860162e-03
2.945577323021294179e-03 -1.881573335949515051e-03 1.036693579230834467e-02 6.243022983016845856e-03
3.533409466032139037e-03 -2.257196799447379765e-03 1.244294547452083795e-02 7.492257536602792145e-03
4.120812732912387637e-03 -2.632589619489107430e-03 1.451983053542877690e-02 8.741702011791046070e-03
4.707786649996566382e-03 -3.007751692129445684e-03 1.659759149159877392e-02 9.991356380695948572e-03
5.294330742984193136e-03 -3.382682913355008082e-03 1.867622885985715034e-02 1.124122061521424208e-02
5.880444536937623132e-03 -3.757383179085281751e-03 2.075574315729142652e-02 1.249129468702429510e-02
