0.000000000000000000e+00 0.000000000000000000e+00 0.000000000000000000e+00 0.000000000000000000e+00 0.000000000000000000e+00 0.000000000000000000e+00
2.403130619545625155e-03 1.469559020946794919e-04 -2.550086521640369374e-03 7.959569342197343050e-03 9.593577293214382296e-03 8.565373162746608982e-03
4.807721487800667090e-03 2.942704436873408956e-04 -5.101991931487808926e-03 1.592084422223427956e-02 1.918300870991495113e-02 1.713318666416720204e-02
7.213776043959800946e-03 4.419452148248638555e-04 -7.655721258784293354e-03 2.388382910958798677e-02 2.876828466907672271e-02 2.570344561580998471e-02
9.621297719238020713e-03 5.899818351273115446e-04 -1.021127955436503497e-02 3.184852844108994330e-02 3.834939565359498509e-02 3.427615509794838117e-02
1.203028993494694235e-02 7.383819555018778999e-04 -1.276867189044846203e-02 3.981494661857508388e-02 4.792633221454079689e-02 4.285132015767535718e-02
1.444075610049332797e-02 8.871472600013603077e-04 -1.532790336049425980e-02 4.778308800643786547e-02 5.749908497558398751e-02 5.142894580692771583e-02
1.685269961129435071e-02 1.036279467838473016e-03 -1.788897907913217580e-02 5.575295692908879830e-02 6.706764463760554740e-02 6.000903702041374826e-02
1.926612384660297828e-02 1.185780335566463065e-03 -2.045190418216876610e-02 6.372455766830122104e-02 7.663200198350998693e-02 6.859159873345446745e-02
2.168103216723676202e-02 1.335651659437470107e-03 -2.301668382667340640e-02 7.169789446044694259e-02 8.619214788326157173e-02 7.717663583971590135e-02
2.409742791319974264e-02 1.485895277950845597e-03 -2.558332319114976425e-02 7.967297149360470787e-02 9.574807329915774323e-02 8.576415318882035788e-02
