0.000000000000000000e+00 0.000000000000000000e+00 0.000000000000000000e+00 0.000000000000000000e+00 0.000000000000000000e+00 0.000000000000000000e+00 0.000000000000000000e+00 0.000000000000000000e+00 0.000000000000000000e+00 0.000000000000000000e+00
1.191044907681740360e-03 1.579175128232183489e-03 2.624051939121451902e-05 -1.412177391837850498e-03 -1.384283163467221571e-03 1.942415549891255214e-03 5.004405149633466172e-03 8.239434985461967578e-03 5.546591330650320513e-03 2.854981223786430718e-03
2.381604946812076063e-03 3.159381055616224468e-03 5.263972538717821663e-05 -2.825381496062713115e-03 -2.768244231752706869e-03 3.883709829343995334e-03 1.000850171503368802e-02 1.648155447508542135e-02 1.109277444573120858e-02 5.709116013652884569e-03
3.571678755125400149e-03 4.740617723843374050e-03 7.920099596385628271e-05 -4.239614811126546194e-03 -4.151882663805945943e-03 5.823881776668187599e-03 1.501229035320404345e-02 2.472635990692087504e-02 1.663854898731269641e-02 8.562403694164614359e-03
4.761264958217735488e-03 6.322885028899044926e-03 1.059277761915145086e-04 -5.654879838430260791e-03 -5.535197924877943709e-03 7.762930318288289305e-03 2.001577171379395267e-02 3.297385273347915730e-02 2.218391460171017376e-02 1.141484359042244101e-02
5.950362169445377707e-03 7.906182819882111301e-03 1.328235788871495997e-04 -7.071179081539801306e-03 -6.918189486674519197e-03 9.700854368700335961e-03 2.501894643774820251e-02 4.122403442335003526e-02 2.772887093916565418e-02 1.426643502815335383e-02
7.138968989833419966e-03 9.490510897825855940e-03 1.598919852118679298e-04 -8.488515045363392159e-03 -8.300856827507443331e-03 1.163765283043966849e-02 3.002181515590434183e-02 4.947690646287594002e-02 3.327341765352171549e-02 1.711717733379924250e-02
8.327084007992256384e-03 1.107586901452508807e-02 1.871366452104250913e-04 -9.906890235284529500e-03 -9.683199432442984173e-03 1.357332459405572074e-02 3.502437848753350152e-02 5.773247035788266202e-02 3.881755440189042783e-02 1.996706983460257157e-02
9.514705800045359860e-03 1.266225687136964852e-02 2.145612782854379279e-04 -1.132630715625283259e-02 -1.106521679344730710e-02 1.550786853809925890e-02 4.002663703882550911e-02 6.599072763546222353e-02 4.436128084431133212e-02 2.281611185869001843e-02
1.070183292956692830e-02 1.424967411818768917e-02 2.421696736018509252e-04 -1.274676831182766819e-02 -1.244690840952833791e-02 1.744128352911673493e-02 4.502859140132092763e-02 7.425167984581261538e-02 4.990459664340925194e-02 2.566430273515215438e-02
1.188846394753276074e-02 1.583812035210130365e-02 2.699656904162272761e-04 -1.416827620317613612e-02 -1.382827378687355099e-02 1.937356842165691151e-02 5.003024215028431532e-02 8.251532856413218431e-02 5.544750146404426455e-02 2.851164179411784169e-02
