0.000000000000000000e+00 0.000000000000000000e+00 0.000000000000000000e+00 0.000000000000000000e+00 0.000000000000000000e+00 0.000000000000000000e+00 0.000000000000000000e+00 0.000000000000000000e+00
3.349361223440251896e-04 1.668236677559019224e-04 6.589919818538308982e-05 -6.961200346873231597e-04 1.128692634908739448e-03 7.308669625919108487e-04 1.478648814017874315e-03 2.134487660191848254e-03
6.697111789665504810e-04 3.336131586309736647e-04 1.318695674894319728e-04 -1.391747867512333923e-03 2.257595908355821378e-03 1.461623002663248313e-03 2.957267944230073872e-03 4.269639773852218836e-03
1.004325115526159959e-03 5.003684713426524667e-04 1.979111566380293663e-04 -2.086883094014035153e-03 3.386709867139272613e-03 2.192268120458328029e-03 4.435857328205955116e-03 6.405456415160828802e-03
1.338777877641473364e-03 6.670896046191399607e-04 2.640240144077279590e-04 -2.781525309413686916e-03 4.516034558048224318e-03 2.922802316238483702e-03 5.914416903387707120e-03 8.541937657915398691e-03
1.673069410891322821e-03 8.337765572001743951e-04 3.302081896261323084e-04 -3.475674108616003122e-03 5.645570027865988959e-03 3.653225590284432407e-03 7.392946607101299854e-03 1.067908357556411267e-02
2.007199660814609071e-03 1.000429327836915979e-03 3.964637311727921818e-04 -4.169329086209140785e-03 6.775316323368642604e-03 4.383537942897029402e-03 8.871446376557940924e-03 1.281689424120453433e-02
2.341168572910658392e-03 1.167047915292245257e-03 4.627906879788564799e-04 -4.862489836463202743e-03 7.905273491327132612e-03 5.113739374396636048e-03 1.034991614885361066e-02 1.495536972758509421e-02
2.674976092638741646e-03 1.333632318339773555e-03 5.291891090271219709e-04 -5.555155953329345142e-03 9.035441578503899257e-03 5.843829885122817959e-03 1.182835586096846886e-02 1.709451010710320851e-02
3.008622165417897554e-03 1.500182535764806513e-03 5.956590433526758434e-04 -6.247327030438704944e-03 1.016582063165619339e-02 6.573809475434927441e-03 1.330676544976727542e-02 1.923431545180560864e-02
3.342106736627394568e-03 1.666698566363805992e-03 6.622005400426716560e-04 -6.939002661101743331e-03 1.129641069753378399e-02 7.303678145711551412e-03 1.478514485199861235e-02 2.137478583338789373e-02
