0.000000000000000000e+00 0.000000000000000000e+00 0.000000000000000000e+00 0.000000000000000000e+00
1.010611876769491879e-02 -1.010611876769464991e-02 1.284035382613774902e-02 1.215612825965047342e-02
2.029464997299657708e-02 -2.029464997299595605e-02 2.568011938637368083e-02 2.431284478520311099e-02
3.056738994637425710e-02 -3.056738994637347301e-02 3.851927260664497060e-02 3.647017365071999334e-02
4.092620032352405762e-02 -4.092620032352292658e-02 5.135778836579970447e-02 4.862813997735357385e-02
5.137301097092634994e-02 -5.137301097092483032e-02 6.419564040887248968e-02 6.078677002006933894e-02
6.190982298188545813e-02 -6.190982298188371646e-02 7.703280124908741533e-02 7.294609126564252644e-02
7.253871171224116066e-02 -7.253871171223910674e-02 8.986924205627354334e-02 8.510613254424495566e-02
8.326182981019851492e-02 -8.326182981019603080e-02 1.027049325286150810e-01 9.726692415769176703e-02
9.408141017413497453e-02 -9.408141017413215734e-02 1.155398407435892227e-01 1.094284980285060438e-01
1.049997687433551069e-01 -1.049997687433519289e-01 1.283739329823899156e-01 1.215908878754936723e-01
