0.000000000000000000e+00 0.000000000000000000e+00 0.000000000000000000e+00 0.000000000000000000e+00 0.000000000000000000e+00 0.000000000000000000e+00 0.000000000000000000e+00 0.000000000000000000e+00
3.068655957354805017e-04 1.569968917182165322e-04 -1.406655920719487017e-04 -4.552253884739280673e-04 8.184536126930418284e-04 8.319566759204899496e-04 9.270873145042386743e-04 1.537301052617890762e-03
6.135509313721040393e-04 3.139922588018633745e-04 -2.813706374354580124e-04 -9.101975002312937381e-04 1.636630549312620376e-03 1.663902360353259040e-03 1.854177387886827731e-03 3.075167948066198642e-03
9.200559851556937025e-04 4.709860754222375268e-04 -4.221151622199705087e-04 -1.364916122093741239e-03 2.454530257894287429e-03 2.495837020153750946e-03 2.781270245137028915e-03 4.613601153385288138e-03
1.226380735293706135e-03 6.279783156300717314e-04 -5.628991925128134762e-04 -1.819381040610852911e-03 3.272152185658515865e-03 3.327760621955580273e-03 3.708365911225730213e-03 6.152601136646384909e-03
1.532525159956782054e-03 7.849689533553434913e-04 -7.037227543598915513e-04 -2.273592042060389520e-03 4.089495779012942110e-03 4.159673132172982644e-03 4.635464411107293771e-03 7.692168366960047514e-03
1.838489237277251024e-03 9.419579624067619169e-04 -8.445858737646018150e-04 -2.727548912447792014e-03 4.906560483548265579e-03 4.991574516997492050e-03 5.562565769719577356e-03 9.232303314482367962e-03
2.144272945349484909e-03 1.098945316470410034e-03 -9.854885766883906932e-04 -3.181251437504795370e-03 5.723345744037738880e-03 5.823464742400022952e-03 6.489670011983907257e-03 1.077300645041864152e-02
2.449876262228837739e-03 1.255930989110004559e-03 -1.126430889049045200e-03 -3.634699402689406909e-03 6.539851004433422550e-03 6.655343774126345688e-03 7.416777162803491440e-03 1.231427824702780588e-02
2.755299165930808272e-03 1.412914953765281737e-03 -1.267412836721606810e-03 -4.087892593184865031e-03 7.356075707863198726e-03 7.487211577698719284e-03 8.343887247064835089e-03 1.385611917762753602e-02
3.060541634430672883e-03 1.569897183751763157e-03 -1.408434445537327592e-03 -4.540830793899279690e-03 8.172019296629709495e-03 8.319068118413645851e-03 9.271000289635981592e-03 1.539852971659885078e-02
