0.000000000000000000e+00 0.000000000000000000e+00 0.000000000000000000e+00 0.000000000000000000e+00 0.000000000000000000e+00 0.000000000000000000e+00 0.000000000000000000e+00 0.000000000000000000e+00 0.000000000000000000e+00 0.000000000000000000e+00
1.357198519376072963e-03 1.502223071149220643e-03 5.235708395707518994e-04 -9.831279648933081376e-04 -2.399864465202850884e-03 2.274985004462543817e-03 4.465504656693223585e-03 6.899540112299335642e-03 7.484316866267734167e-03 5.916961074110990010e-03
2.713939948670501812e-03 3.005375673845017779e-03 1.047923854495564017e-03 -1.966888033000137315e-03 -4.800351444010789517e-03 4.548309995375188035e-03 8.929934395436730718e-03 1.379947518944109851e-02 1.496920159379320700e-02 1.183569425362204601e-02
4.070223921521806329e-03 4.509458936546816704e-03 1.573061186098953035e-03 -2.951284728571174944e-03 -7.201459315596337590e-03 6.819974567645515143e-03 1.339329046083507190e-02 2.069980418106915840e-02 2.245465444640578484e-02 1.775619948554622504e-02
5.426050070856454355e-03 6.014473975588088828e-03 2.098984958485847901e-03 -3.936322586679980549e-03 -9.603186418250312523e-03 9.089978312142980160e-03 1.785557409726129877e-02 2.760052604343245578e-02 2.994067573878923805e-02 2.367847666370986870e-02
6.781418028829441433e-03 7.520421894679012523e-03 2.625697276701751542e-03 -4.922006150945608047e-03 -1.200553104926458010e-02 1.135832081547516470e-02 2.231678654841326437e-02 3.450163974044692661e-02 3.742726583727214174e-02 2.960252562756231914e-02
8.136327426764011772e-03 9.027303784399420827e-03 3.153200224822662323e-03 -5.908339971132175843e-03 -1.440849146485375341e-02 1.362500165975848512e-02 2.677692905685838051e-02 4.140314424480767003e-02 4.491442516058852252e-02 3.552834616099094511e-02
9.490777895086541932e-03 1.053512072168309027e-02 3.681495863969594991e-03 -6.895328600623133741e-03 -1.681206588011585970e-02 1.589002042238033680e-02 3.123600286356276873e-02 4.830503853914760309e-02 5.240215418060457930e-02 4.145593799114244415e-02
1.084476906325954754e-02 1.204387376929084812e-02 4.210586230251368856e-03 -7.882976593767987775e-03 -1.921625246903338816e-02 1.815337667575565861e-02 3.569400920740770783e-02 5.520732161724736103e-02 5.989045342301219099e-02 4.738530078724922934e-02
1.219830055971042777e-02 1.355356397527583169e-02 4.740473332629223900e-03 -8.871288503097551209e-03 -2.162104936451772139e-02 2.041506998707286538e-02 4.015094932468976641e-02 6.210999248529562589e-02 6.737932346798600203e-02 5.331643415946125952e-02
1.355137201175729035e-02 1.506419237243710602e-02 5.271159150707556765e-03 -9.860268876406376448e-03 -2.402645465849545178e-02 2.267509991803499589e-02 4.460682444860957635e-02 6.901305016320452568e-02 7.486876495079977656e-02 5.924933765769103966e-02
