0.000000000000000000e+00 0.000000000000000000e+00 0.000000000000000000e+00 0.000000000000000000e+00 0.000000000000000000e+00 0.000000000000000000e+00 0.000000000000000000e+00 0.000000000000000000e+00
1.745121548716812524e-03 2.321286215125001676e-04 -8.895743242131291806e-05 -1.888292740334934815e-03 5.082374168001774564e-03 6.601863582023049896e-03 6.952194477179858209e-03 5.444777421130322925e-03
3.490602651678942781e-03 4.636004747097591792e-04 -1.771136134825296521e-04 -3.777089515478576458e-03 1.016564609583576681e-02 1.320263103308768303e-02 1.390346395868100049e-02 1.089067815959161335e-02
5.236444214054872606e-03 6.944138526977369167e-04 -2.644676954981913745e-04 -5.666390373871549486e-03 1.524981772073059384e-02 1.980230078733758239e-02 2.085380642719110791e-02 1.633770391078034206e-02
6.982647142821816685e-03 9.245670462342029348e-04 -3.510188558456788649e-04 -7.556195335871102557e-03 2.033489097751935842e-02 2.640087126034762130e-02 2.780321986771992770e-02 2.178585633927773019e-02
8.729212348613832329e-03 1.154058344842808946e-03 -4.367662930232910686e-04 -9.446504403136794445e-03 2.542086780512274949e-02 3.299834086129873473e-02 3.475170228083727247e-02 2.723513709641237415e-02
1.047614074554452726e-02 1.382886036977744272e-03 -5.217092270274922665e-04 -1.133731755823991216e-02 3.050775014650828482e-02 3.959470799287187481e-02 4.169925168331624354e-02 3.268554781976204526e-02
1.222343325102127204e-02 1.611048410191630569e-03 -6.058468997191365953e-04 -1.322863476427926441e-02 3.559553994864930737e-02 4.618997105114444612e-02 4.864586610879079870e-02 3.813709013264185432e-02
1.397109078555290249e-02 1.838543751305041609e-03 -6.891785751783566921e-04 -1.512045596450424696e-02 4.068423916247797256e-02 5.278412842548726308e-02 5.559154360842243070e-02 4.358976564358606198e-02
1.571911427254957250e-02 2.065370346578738765e-03 -7.717035400445926979e-04 -1.701278108194599972e-02 4.577384974283627700e-02 5.937717849846621543e-02 6.253628225158200382e-02 4.904357594581636864e-02
1.746750463811336251e-02 2.291526481888245346e-03 -8.534211038414550067e-04 -1.890561001905871619e-02 5.086437364842103653e-02 6.596911964574225795e-02 6.948008012654276200e-02 5.449852261670051767e-02
