0.000000000000000000e+00 0.000000000000000000e+00 0.000000000000000000e+00 0.000000000000000000e+00 0.000000000000000000e+00 0.000000000000000000e+00 0.000000000000000000e+00 0.000000000000000000e+00 0.000000000000000000e+00 0.000000000000000000e+00
1.718812043835403957e-03 -1.766333296850554260e-03 2.300344540578318393e-03 -1.356232151407035531e-03 -8.965911361562091050e-04 3.648195383999229460e-03 3.747420262317037454e-03 5.225062911081718685e-03 7.817351106871820582e-03 2.285342500063221403e-03
3.439815936089626967e-03 -3.538519313914216188e-03 4.606793134135370865e-03 -2.716694474358219771e-03 -1.791395281952663354e-03 7.295579931381575983e-03 7.495007574832149473e-03 1.045067251869694937e-02 1.563669304420943137e-02 4.568791259545735596e-03
5.163018882747669354e-03 -5.316587629279142038e-03 6.919374466908724194e-03 -4.081410120412997874e-03 -2.684395599964240625e-03 1.094214780878196257e-02 1.124276291424943300e-02 1.567683802746246483e-02 2.345803153749879272e-02 6.850336205005821619e-03
6.888428121826594211e-03 -7.100568122811254032e-03 9.238117441721890519e-03 -5.450402395240249408e-03 -3.575575045497181650e-03 1.458789312412149715e-02 1.499068724222211817e-02 2.090356876627078031e-02 3.128137238963323019e-02 9.129967135083655316e-03
8.616050923234037928e-03 -8.890490981506434312e-03 1.156305117698154701e-02 -6.823694754791661404e-03 -4.464916363917545601e-03 1.823280992553472438e-02 1.873878150469355380e-02 2.613087419084619833e-02 3.910672148205367182e-02 1.140767371853681003e-02
1.034589458861135888e-02 -1.068638670498685966e-02 1.389420500534647995e-02 -8.201310800975265131e-03 -5.352402087996045374e-03 2.187689220027206477e-02 2.248704663120013741e-02 3.135876388637132139e-02 4.693408477589043615e-02 1.368344549226368709e-02
1.207796645116418315e-02 -1.248828611114396157e-02 1.623160847204006482e-02 -9.583274276789469082e-03 -6.238014535271129563e-03 2.552013387358604418e-02 2.623548353413414358e-02 3.658724757019251456e-02 5.476346831310940216e-02 1.595727185930837302e-02
1.381227387547570573e-02 -1.429622034193351460e-02 1.857529133277478067e-02 -1.096960906088002667e-02 -7.121735805437244375e-03 2.916252880759014759e-02 2.998409310796224317e-02 4.181633509459398851e-02 6.259487821765929993e-02 1.822914208685766715e-02
1.554882425730570727e-02 -1.611022086932554359e-02 2.092528355125554407e-02 -1.236033916147276542e-02 -8.003547777763450610e-03 3.280407080010034476e-02 3.373287622840155653e-02 4.704603644965160009e-02 7.042832069662145755e-02 2.049904530422173507e-02
1.728762502337476484e-02 -1.793031950141411174e-02 2.328161529622679166e-02 -1.375548870964160737e-02 -8.883432108546373412e-03 3.644475358345342086e-02 3.748183375154760105e-02 5.227636176615521602e-02 7.826380204136364205e-02 2.276697050080955798e-02
