0.000000000000000000e+00 0.000000000000000000e+00 0.000000000000000000e+00 0.000000000000000000e+00 0.000000000000000000e+00 0.000000000000000000e+00 0.000000000000000000e+00 0.000000000000000000e+00
-1.968980189527012902e-04 1.776282410728264888e-03 2.340537620966515360e-03 -3.919922012742099206e-03 -1.305891663723231713e-05 3.698956047333148891e-03 1.328904384942841688e-02 8.530442032888364834e-03
-3.969258330058530017e-04 3.549492416135884443e-03 4.703362303807480035e-03 -7.855928886937495539e-03 -2.729202725134213570e-05 7.396553819969269722e-03 2.658674662732414540e-02 1.705475760598424914e-02
-6.001090235888712366e-04 5.319492003621259860e-03 7.088845967961063602e-03 -1.180822894799335443e-02 -4.270753277454598674e-05 1.109275628812387594e-02 3.989323722786574516e-02 2.557286305582385025e-02
-8.064735550011444768e-04 7.086138256893844377e-03 9.497370945496162037e-03 -1.577703564738875547e-02 -5.931372371866512838e-05 1.478752480766890379e-02 5.320864826736557140e-02 3.408467270073663180e-02
-1.016045787530457005e-03 8.849283130170602918e-03 1.192933042664997244e-02 -1.976256776929005005e-02 -7.711898260418539831e-05 1.848081904099117823e-02 6.653311625255078909e-02 4.259009875412697599e-02
-1.228852491200318814e-03 1.060877320956339458e-02 1.438512893137645909e-02 -2.376504964973955025e-02 -9.613178647105300118e-05 2.217259687303577836e-02 7.986678175885265907e-02 5.108905123266037351e-02
-1.444920860159107931e-03 1.236444946086772030e-02 1.686518280863777766e-02 -2.778471140934637984e-02 -1.163607094819108336e-04 2.586281432217334836e-02 9.320978961944355323e-02 5.958143785895567146e-02
-1.664278527711312954e-03 1.411614696291520372e-02 1.936992076526624848e-02 -3.182178920046994236e-02 -1.378144255909122490e-04 2.955142544550891370e-02 1.065622891258494742e-01 6.806716395833653510e-02
-1.886953581993479259e-03 1.586369462559995835e-02 2.189978442632797839e-02 -3.587652546993434083e-02 -1.605017112823015719e-04 3.323838223820638899e-02 1.199244342410568653e-01 7.654613234913623665e-02
-2.112974582283134572e-03 1.760691489163515241e-02 2.445522892901021844e-02 -3.994916923836236422e-02 -1.844314483490684935e-04 3.692363452636918120e-02 1.332963838261495559e-01 8.501824322596054917e-02
