0.000000000000000000e+00 0.000000000000000000e+00 0.000000000000000000e+00 0.000000000000000000e+00 0.000000000000000000e+00 0.000000000000000000e+00
2.684474569612733778e-03 -5.856651327556591921e-04 -2.098809436857120882e-03 7.544054255545090855e-03 8.896825623254342799e-03 4.716769780386647661e-03
5.371772550321348740e-03 -1.174206484707965726e-03 -4.197566065613403397e-03 1.509367704445045352e-02 1.779262141428530897e-02 9.429000859636202381e-03
8.061903453397231689e-03 -1.765638731734147380e-03 -6.296264721663273611e-03 2.264889063947357617e-02 2.668738266948635085e-02 1.413667566859787804e-02
1.075487681620033997e-02 -2.359976639790820757e-03 -8.394900176409630238e-03 3.020971738772024878e-02 3.558110475825802810e-02 1.883977649076533020e-02
1.345070220148642318e-02 -2.957235065484288897e-03 -1.049346713600226438e-02 3.777617971019432003e-02 4.447378312631464908e-02 2.353828545942082684e-02
1.614938919671266015e-02 -3.557428956643351840e-03 -1.259196024006958500e-02 4.534830010133492073e-02 5.336541329906403786e-02 2.823218455471608948e-02
1.885094741334048668e-02 -4.160573352895961460e-03 -1.469037406044478196e-02 5.292610112853424198e-02 6.225599088506989648e-02 3.292145560069712623e-02
2.155538648613720271e-02 -4.766683386250178400e-03 -1.678870309988737125e-02 6.050960543163360489e-02 7.114551157959241035e-02 3.760608026226141404e-02
2.426271607247719453e-02 -5.375774281676463234e-03 -1.888694179080109559e-02 6.809883572240353622e-02 8.003397116821339696e-02 4.228604004205607086e-02
2.697294585164426023e-02 -5.987861357695229911e-03 -2.098508449394934430e-02 7.569381478399699048e-02 8.892136553055152159e-02 4.696131627731019165e-02
