0.000000000000000000e+00 0.000000000000000000e+00 0.000000000000000000e+00 0.000000000000000000e+00 0.000000000000000000e+00 0.000000000000000000e+00 0.000000000000000000e+00 0.000000000000000000e+00 0.000000000000000000e+00 0.000000000000000000e+00
1.480062866162812785e-03 -1.772223395877645298e-04 -9.989259601797929964e-05 2.498726879150884954e-04 -1.452820617931003741e-03 4.924128335455130526e-03 5.505826416661033056e-03 4.615329907807816379e-03 5.425313518344358939e-03 5.121935366503722539e-03
2.960094148991755051e-03 -3.561723418586757849e-04 -1.999547322817844894e-04 5.016863732594945956e-04 -2.905653447573821983e-03 9.849685450030939982e-03 1.101092279311792314e-02 9.228476492625595912e-03 1.084992671273027690e-02 1.024605562641126531e-02
4.440093360956785286e-03 -5.368541709694770944e-04 -3.001865416843139695e-04 7.554456377489008776e-04 -4.358498285518215554e-03 1.477667242891803241e-02 1.651528788039630449e-02 1.383943696406867742e-02 1.627383891608340932e-02 1.537236441558367459e-02
5.920059999412927501e-03 -7.192720035704561806e-04 -4.005881570677556191e-04 1.011155078499023380e-03 -5.811354916742837370e-03 1.970509034094405920e-02 2.201892043956865663e-02 1.844820852076506715e-02 2.169704947516749513e-02 2.050086535872978205e-02
7.399993546671162874e-03 -9.034300278903026858e-04 -5.011597117623629600e-04 1.268819310973941066e-03 -7.264223117463478388e-03 2.463494024149116834e-02 2.752181924227956739e-02 2.305478835152335523e-02 2.711955775292100926e-02 2.563156207707416312e-02
8.879893469536721817e-03 -1.089332443487016355e-03 -6.019013396576261988e-04 1.528442969160316968e-03 -8.717102655024953559e-03 2.956622317211182044e-02 3.302398307118714627e-02 2.765917363513320862e-02 3.254136312884618049e-02 3.076445818811526095e-02
1.035975921883628900e-02 -1.276983460988089479e-03 -7.028131752738805277e-04 1.790030705746552958e-03 -1.016999328779435649e-02 3.449894016013207998e-02 3.852541072040705644e-02 3.226136154015646351e-02 3.796246499940801600e-02 3.589955730538425122e-02
1.183959022893476057e-02 -1.466387301820073260e-03 -8.038953538367686960e-04 2.053587192309118230e-03 -1.162289476506040559e-02 3.943309221824747163e-02 4.402610099597239340e-02 3.686134922471694109e-02 4.338286277844152772e-02 4.103686303819325393e-02
1.331938591723960674e-02 -1.657548197927407110e-03 -9.051480113540801530e-04 2.319117119504183339e-03 -1.307580682693476083e-02 4.436868034410970663e-02 4.952605271630422523e-02 4.145913383628540422e-02 4.880255589756080786e-02 4.617637899138424262e-02
1.479914568369438375e-02 -1.850470391480404410e-03 -1.006571284694009194e-03 2.586625197266756698e-03 -1.452872920425763922e-02 4.930570551990189065e-02 5.502526471269000852e-02 4.605471251145983741e-02 5.422154380658354006e-02 5.131810876507100772e-02
