0.000000000000000000e+00 0.000000000000000000e+00 0.000000000000000000e+00 0.000000000000000000e+00
5.595997865692703627e-04 -5.748993380031615103e-04 1.519152320761869065e-03 1.654886642266200020e-03
1.118841726237239159e-03 -1.149422083859517624e-03 3.038197077191418047e-03 3.309958733105056259e-03
1.677725809564893991e-03 -1.723568104222629850e-03 4.557133257675733719e-03 4.965215723904767113e-03
2.236252027657491086e-03 -2.297337265960172278e-03 6.075959849123805691e-03 6.620657064892678315e-03
2.794420372171912796e-03 -2.870729436154862476e-03 7.594675837008879257e-03 8.276282205146413135e-03
3.352230835318340853e-03 -3.443744482104695026e-03 9.113280205365843767e-03 9.932090592590453459e-03
3.909683409860720618e-03 -4.016382271324420161e-03 1.063177193679250288e-02 1.158808167399657044e-02
4.466778089117664878e-03 -4.588642671545137622e-03 1.215015001244715981e-02 1.324425489498048600e-02
5.023514866963295182e-03 -5.160525550715452416e-03 1.366841341204777516e-02 1.490060970000239675e-02
5.579893737828466559e-03 -5.732030777001854288e-03 1.518656111387233811e-02 1.655714553236220521e-02
