0.000000000000000000e+00 0.000000000000000000e+00 0.000000000000000000e+00 0.000000000000000000e+00 0.000000000000000000e+00 0.000000000000000000e+00 0.000000000000000000e+00 0.000000000000000000e+00
1.811142542970909514e-03 3.445085318403254574e-04 -2.696701718613628805e-04 -1.885980896529121549e-03 4.851064759896727557e-03 6.771346027841008280e-03 6.946118226282369836e-03 5.153550545417331756e-03
3.622545777430785131e-03 6.889819142642133500e-04 -5.388709513901590326e-04 -3.772656733786260586e-03 9.701912846078818153e-03 1.354169382814618579e-02 1.389205550396125331e-02 1.030849689514983826e-02
5.434208751268480853e-03 1.033422453603373816e-03 -8.076021306486081807e-04 -5.660029067605237829e-03 1.455254085613178275e-02 2.031104033336524409e-02 2.083781302342070305e-02 1.546484437430578444e-02
7.246130484148444358e-03 1.377832492648211997e-03 -1.075863523852837881e-03 -7.548099446224297918e-03 1.940294534034944438e-02 2.707938245462856997e-02 2.778339198944269547e-02 2.062259831668033019e-02
9.058309976052166673e-03 1.722214411818641377e-03 -1.343654965180425499e-03 -9.436869415867304642e-03 2.425312281431393074e-02 3.384671709369405784e-02 3.472879363089284577e-02 2.578176407606586409e-02
1.087074620690352093e-02 2.066570629929322025e-03 -1.610976309382409523e-03 -1.132634052052164907e-02 2.910306975842001653e-02 4.061304114307456165e-02 4.167401920120968051e-02 3.094234702611790844e-02
1.268343813619107925e-02 2.410903604966887180e-03 -1.877827432402810921e-03 -1.321651430171860361e-02 3.395278261738802345e-02 4.737835148616426073e-02 4.861906997889667986e-02 3.610435256021580358e-02
1.449638470258629228e-02 2.755215834881017279e-03 -2.144208232006368856e-03 -1.510739229831412761e-02 3.880225779977070077e-02 5.414264499737782982e-02 5.556394726802828254e-02 4.126778609131907111e-02
1.630958482355933381e-02 3.099509858386390905e-03 -2.410118628413957746e-03 -1.699897604627242237e-02 4.365149167744866721e-02 6.090591854228885604e-02 6.250865239876110535e-02 4.643265305181625696e-02
1.812303739499090960e-02 3.443788255780395706e-03 -2.675558564944717065e-03 -1.889126707845216122e-02 4.850048058511627347e-02 6.766816897777720718e-02 6.945318672785641412e-02 5.159895889337090535e-02
