0.000000000000000000e+00 0.000000000000000000e+00 0.000000000000000000e+00 0.000000000000000000e+00
5.262332550725586436e-03 -5.262332550725493628e-03 1.353155373272701967e-02 1.224416648250527435e-02
1.053349602423376240e-02 -1.053349602423363403e-02 2.706570772836142807e-02 2.448573270210351385e-02
1.581351968989165233e-02 -1.581351968989154130e-02 4.060247161363635809e-02 3.672468903206151103e-02
2.110243297012876634e-02 -2.110243297012859287e-02 5.414185505518492869e-02 4.896102580574530211e-02
2.640026544072556630e-02 -2.640026544072535813e-02 6.768386776378479408e-02 6.119473331237789554e-02
3.170704683242031585e-02 -3.170704683242007299e-02 8.122851949884973832e-02 7.342580179254552808e-02
3.702280703401351208e-02 -3.702280703401318596e-02 9.477582007316526225e-02 8.565422143346237971e-02
4.234757609716417043e-02 -4.234757609716387206e-02 1.083257793578578099e-01 9.787998236400255458e-02
4.768138424309591172e-02 -4.768138424309564111e-02 1.218784072875860047e-01 1.101030746495069296e-01
5.302426187145102554e-02 -5.302426187145069941e-02 1.354337138659452711e-01 1.223234882863802331e-01
