0.000000000000000000e+00 0.000000000000000000e+00 0.000000000000000000e+00 0.000000000000000000e+00 0.000000000000000000e+00 0.000000000000000000e+00 0.000000000000000000e+00 0.000000000000000000e+00
1.329322472702796363e-03 9.362365194222090330e-04 -1.194920451594976398e-03 -1.070638540529899544e-03 1.743937462709740189e-03 1.085801960560945321e-02 9.971862150182839862e-03 1.010251504420398667e-03
2.655959818082336520e-03 1.876696097542482735e-03 -2.395032211562275574e-03 -2.137623704062504865e-03 3.485674452134738741e-03 2.171832304153479068e-02 1.994569442334691647e-02 2.018449528828028094e-03
3.979864869775456143e-03 2.821423582061780271e-03 -3.600384422384508322e-03 -3.200904029452687326e-03 5.225194683768378569e-03 3.258092517675952038e-02 2.992151434743596169e-02 3.024577960802836245e-03
5.300989494771525708e-03 3.770464644590976796e-03 -4.811027006342817602e-03 -4.260427133019565639e-03 6.962481522933531945e-03 4.344584120579188941e-02 3.989933980148083897e-02 4.028620361482418769e-03
6.619284566095695946e-03 4.723865803257350227e-03 -6.027010684703080004e-03 -5.316139684649882902e-03 8.697517974506858984e-03 5.431308665663767826e-02 4.987918902713109337e-02 5.030559956335835595e-03
7.934699934488847334e-03 5.681674446295947520e-03 -7.248386997853381412e-03 -6.367987382931311960e-03 1.043028667224246697e-02 6.518267739885436063e-02 5.986108064088178915e-02 6.030379625554851616e-03
9.247184399039825795e-03 6.643938856689194684e-03 -8.475208326474359399e-03 -7.415914929254453780e-03 1.216076986767628335e-02 7.605462965167243683e-02 6.984503364705521578e-02 7.028061894051786107e-03
1.055668567672831369e-02 7.610708237919506028e-03 -9.707527913827751834e-03 -8.459866000819866658e-03 1.388894941859190706e-02 8.692895999216633529e-02 7.983106745159337936e-02 8.023588921026530985e-03
1.186315037083137194e-02 8.582032740905095811e-03 -1.094539988925781644e-02 -9.499783222478392838e-03 1.561480677702615019e-02 9.780568536345769781e-02 8.981920187672669253e-02 9.016942489089872781e-03
1.316652393814626322e-02 9.557963492194284510e-03 -1.218887929301140823e-02 -1.053560813732895562e-02 1.733832297678944423e-02 1.086848230829322581e-01 9.980945717659520100e-02 1.000810399290580702e-02
