0.000000000000000000e+00 0.000000000000000000e+00 0.000000000000000000e+00 0.000000000000000000e+00
5.277388973925151508e-04 -5.042508636423809502e-04 1.762880984754686955e-03 1.669575602346807380e-03
1.055213780099264424e-03 -1.008031246540411945e-03 3.526769692108544865e-03 3.339139318734335449e-03
1.582425655657403738e-03 -1.511339661895088650e-03 5.291672810996923999e-03 5.008684654387623308e-03
2.109375551673094065e-03 -2.014174601957944080e-03 7.057597140264397842e-03 6.678205004858124745e-03
2.636064516298203871e-03 -2.516534537541859073e-03 8.824549591199985776e-03 8.347693653531341670e-03
3.162493618661338900e-03 -3.018417917573451483e-03 1.059253718989650386e-02 1.001714376928148839e-02
3.688663949308172881e-03 -3.519823168632235828e-03 1.236156707967066802e-02 1.168654840406703130e-02
4.214576620652775094e-03 -4.020748694479801995e-03 1.413164652354217087e-02 1.335590049046513766e-02
4.740232767440812761e-03 -4.521192875575312173e-03 1.590278290678173723e-02 1.502519283914263010e-02
5.265633547224686170e-03 -5.021154068579691300e-03 1.767498373951496490e-02 1.669441813626250035e-02
