0.000000000000000000e+00 0.000000000000000000e+00 0.000000000000000000e+00 0.000000000000000000e+00 0.000000000000000000e+00 0.000000000000000000e+00
3.136376762345342850e-03 9.274538069166705923e-04 -4.063830569262105383e-03 6.057283717844854851e-03 1.315341703287613122e-02 5.806407017183577018e-03
6.265083330180571536e-03 1.864715502864664701e-03 -8.129798833045561932e-03 1.210420050256631741e-02 2.632583301055312769e-02 1.160418202268979904e-02
9.385264308878822626e-03 2.811947198585907672e-03 -1.219721150746542332e-02 1.814048546234963560e-02 3.951771168862171918e-02 1.739312615274296939e-02
1.249601600841924141e-02 3.769310033983732169e-03 -1.626532604240392768e-02 2.416586375702523687e-02 5.272953336186553264e-02 2.317303395272825306e-02
1.559638366670128978e-02 4.736963550264134022e-03 -2.033334721696664765e-02 3.018005012771031795e-02 6.596179559329032327e-02 2.894369311852303117e-02
1.868535850912301718e-02 5.715064981872890887e-03 -2.440042349099736524e-02 3.618274840159160094e-02 7.921501397853332460e-02 3.470488422730344524e-02
2.176187463552626405e-02 6.703768460763846054e-03 -2.846564309629179973e-02 4.217365097033973914e-02 9.248972294773835645e-02 4.045638045725499787e-02
2.482480572529544016e-02 7.703224125233816208e-03 -3.252802985053118712e-02 4.815243824043983351e-02 1.057864766073545459e-01 4.619794729544289547e-02
2.787296155104591888e-02 8.713577125373605722e-03 -3.658653867642163576e-02 5.411877805344251363e-02 1.191058496248461329e-01 5.192934223285388534e-02
3.090508429094174919e-02 9.734966517157639040e-03 -4.064005080810184634e-02 6.007232507378389152e-02 1.324484381599891070e-01 5.765031444527440180e-02
