0.000000000000000000e+00 0.000000000000000000e+00 0.000000000000000000e+00 0.000000000000000000e+00 0.000000000000000000e+00 0.000000000000000000e+00 0.000000000000000000e+00 0.000000000000000000e+00 0.000000000000000000e+00 0.000000000000000000e+00
1.300118051831079206e-03 1.929932505117503685e-03 2.500233932284953806e-06 -1.665516193052604633e-03 -1.567034597828268361e-03 1.574705084189122282e-03 5.642874252492599725e-03 8.946346925706829753e-03 6.347000953570764228e-03 2.263263916813170254e-03
2.599534455029289121e-03 3.861483219400003563e-03 5.051227267023942168e-06 -3.332445457146560909e-03 -3.133623444549722865e-03 3.147782192840683536e-03 1.128582893564902823e-02 1.789561850880023661e-02 1.269431304677533234e-02 4.524839581479539984e-03
3.898247104113099736e-03 5.794653059136923093e-03 7.656733755326012442e-06 -5.000791589120739261e-03 -4.699765307884465164e-03 4.719229945322179175e-03 1.692886535692211813e-02 2.684781572057130805e-02 1.904193647687302260e-02 6.784725898628640381e-03
5.196253875966550667e-03 7.729442872133790096e-03 1.032060053738031828e-05 -6.670558384166998603e-03 -6.265458964470548356e-03 6.289046943144384165e-03 2.257198481465330642e-02 3.580293955381376458e-02 2.538987144723611061e-02 9.042921772242392200e-03
6.493552629643851472e-03 9.665853435500599417e-03 1.304676943456517177e-05 -8.341749634340631103e-03 -7.830703200238067069e-03 7.857231769858689929e-03 2.821518859599210158e-02 4.476099102535055496e-02 3.173811816687180376e-02 1.129942610578919295e-02
7.790141206186517071e-03 1.160388545342364019e-02 1.583927816898146948e-05 -1.001436912699596796e-02 -9.395496810782815594e-03 9.423782990969596651e-03 3.385847797471928239e-02 5.372197117865801924e-02 3.808667684992730201e-02 1.355423780236026353e-02
9.086017428454221806e-03 1.354353955492570982e-02 1.870226150316395622e-05 -1.168842064314369253e-02 -1.095983860173896374e-02 1.098869915385847912e-02 3.950185420897048272e-02 6.268588108659135794e-02 4.443554771518662405e-02 1.580735576479993382e-02
1.038117910097091472e-02 1.548481629161786374e-02 2.163995228950024025e-05 -1.336390795572885495e-02 -1.252372738914896318e-02 1.255197878772736086e-02 4.514531853886258328e-02 7.165272185420647200e-02 5.078473098555016246e-02 1.805877889583282561e-02
1.167562400978766970e-02 1.742771613544620221e-02 2.465668241951766634e-05 -1.504083482782297976e-02 -1.408716199983002168e-02 1.411362040355360233e-02 5.078887218401675896e-02 8.062249462168419312e-02 5.713422688750966622e-02 2.030850609818757313e-02
1.296934992236434096e-02 1.937223947643929717e-02 2.775688366326960199e-05 -1.671920501072940435e-02 -1.565014127173689623e-02 1.567362249406484276e-02 5.643251634098093300e-02 8.959520056734905646e-02 6.348403565061624954e-02 2.255653627471303560e-02
