0.000000000000000000e+00 0.000000000000000000e+00 0.000000000000000000e+00 0.000000000000000000e+00 0.000000000000000000e+00 0.000000000000000000e+00 0.000000000000000000e+00 0.000000000000000000e+00
1.248251060131597536e-03 1.071805269677307505e-03 1.020654252023314940e-04 -2.422121764612302462e-03 3.077899166321305512e-03 5.599485266143015144e-03 9.159806919126309288e-03 5.834419243892509030e-03
2.496507316359637945e-03 2.144345101257529897e-03 2.048697096712250986e-04 -4.845722137225011092e-03 6.155309876160399742e-03 1.119852000920342969e-02 1.832136932747454108e-02 1.166802192222765773e-02
3.744768260216172276e-03 3.217621467710205137e-03 3.084157050696116707e-04 -7.270805443278635996e-03 9.232231094011503908e-03 1.679710758816225363e-02 2.748468798160120727e-02 1.750080501081778886e-02
4.993033368965736456e-03 4.291636355586577259e-03 4.127062977441944142e-04 -9.697376032935897672e-03 1.230866176435889588e-02 2.239525139597846673e-02 3.664976358413672003e-02 2.333276546958865452e-02
6.241302106501443736e-03 5.366391764583218656e-03 5.177444113279717867e-04 -1.212543829342002145e-02 1.538460081355505667e-02 2.799295486832295912e-02 4.581659680673888513e-02 2.916390026485483900e-02
7.489573923206577395e-03 6.441889707776669860e-03 6.235330066868363143e-04 -1.455499664905689564e-02 1.846004714958453599e-02 3.359022148432323079e-02 5.498518828898601996e-02 3.499420636992454925e-02
8.737848255820825777e-03 7.518132211871092138e-03 7.300750818312281600e-04 -1.698605556130128313e-02 2.153499966182767164e-02 3.918705476731466214e-02 6.415553863723130745e-02 4.082368076572609472e-02
9.986124527312919760e-03 8.595121317460091906e-03 8.373736717869123200e-04 -1.941861952874140290e-02 2.460945722082820072e-02 4.478345828560421210e-02 7.332764842342640033e-02 4.665232044145489754e-02
1.123440214675798521e-02 9.672859079302634569e-03 9.454318484263474556e-04 -2.185269308708438080e-02 2.768341867806341228e-02 5.037943565324055906e-02 8.250151818391172898e-02 5.248012239524148248e-02
1.248268050922236513e-02 1.075134756661319350e-02 1.054252720255706086e-03 -2.428828080911743514e-02 3.075688286571712921e-02 5.597499053079440373e-02 9.167714841817603544e-02 5.830708363484045365e-02
