0.000000000000000000e+00 0.000000000000000000e+00 0.000000000000000000e+00 0.000000000000000000e+00 0.000000000000000000e+00 0.000000000000000000e+00
6.515357633809885918e-04 8.194609158894332964e-05 -4.452460431333216746e-04 2.089457140477062134e-03 1.414909527844817987e-03 1.133637419046194502e-03
1.302636708731990658e-03 1.639866061865293293e-04 -8.902868209752054680e-04 4.179686530281650353e-03 2.829879893275061547e-03 2.267243820194689893e-03
1.953302462739886416e-03 2.461216024907646053e-04 -1.335122342746978804e-03 6.270688466196504100e-03 4.244911233501505107e-03 3.400818978758292192e-03
2.603532651728422513e-03 3.283511392490971715e-04 -1.779752617741215282e-03 8.362463244723479863e-03 5.660003685955291956e-03 4.534362669851060151e-03
3.253326901661495428e-03 4.106752752602433579e-04 -2.224177655322078211e-03 1.045501116210600934e-02 7.075157388300909109e-03 5.667874668393611988e-03
3.902684838142529786e-03 4.930940693741037032e-04 -2.668397464926691633e-03 1.254833251432783611e-02 8.490372478433724432e-03 6.801354749113464743e-03
4.551606086413925202e-03 5.756075804920922270e-04 -3.112412056064228078e-03 1.464242759711427075e-02 9.905649094482075687e-03 7.934802686544893333e-03
5.200090271356223176e-03 6.582158675672048972e-04 -3.556221438316172021e-03 1.673729670592663532e-02 1.132098737480749170e-02 9.068218255027899258e-03
5.848137017486974322e-03 7.409189896040071621e-04 -3.999825621336043635e-03 1.883294013596545011e-02 1.273638745800504887e-02 1.020160122870850811e-02
6.495745948960713646e-03 8.237170056590922959e-04 -4.443224614850077928e-03 2.092935818216552085e-02 1.415184948290465136e-02 1.133495138153838705e-02
