0.000000000000000000e+00 0.000000000000000000e+00 0.000000000000000000e+00 0.000000000000000000e+00 0.000000000000000000e+00 0.000000000000000000e+00
2.538443513543077890e-03 8.376267872441320317e-04 -3.376070300787245050e-03 5.615193751196819252e-03 1.124067845352255506e-02 9.579859218706233276e-03
5.072353694671543310e-03 1.688717465875051813e-03 -6.761071160546404737e-03 1.120265307622820422e-02 2.247992556748057771e-02 1.918888420314240548e-02
7.601606403577781772e-03 2.553523431424497073e-03 -1.015512983500204899e-02 1.676187172519052332e-02 3.371773020869932302e-02 2.882759233638708396e-02
1.012607436825167795e-02 3.432302038857820096e-03 -1.355837640710935016e-02 2.229233125045250105e-02 4.495408114063399047e-02 3.849651330261587290e-02
1.264562708678903039e-02 4.325316775106117367e-03 -1.697094386189486326e-02 2.779350063610360952e-02 5.618896702304265051e-02 4.819618945798179177e-02
1.516013072602851938e-02 5.232837437432017423e-03 -2.039296816346036767e-02 3.326483591387003474e-02 6.742237641160032935e-02 5.792717621508296916e-02
1.766944801634901321e-02 6.155140317852158573e-03 -2.382458833420093153e-02 3.870577976493373012e-02 7.865429775743860985e-02 6.769004244160679862e-02
2.017343814246008379e-02 7.092508393845356474e-03 -2.726594653630503434e-02 4.411576110704783921e-02 8.988471940659395476e-02 7.748537087376297650e-02
2.267195663000383388e-02 8.045231525588359203e-03 -3.071718815559158766e-02 4.949419466633207809e-02 1.011136295993439738e-01 8.731375854515412149e-02
2.516485522778222003e-02 9.013606659971737378e-03 -3.417846188775339189e-02 5.484048053307772480e-02 1.123410164694080837e-01 9.717581723177010078e-02
