0.000000000000000000e+00 0.000000000000000000e+00 0.000000000000000000e+00 0.000000000000000000e+00 0.000000000000000000e+00 0.000000000000000000e+00 0.000000000000000000e+00 0.000000000000000000e+00
7.720772692169622278e-04 1.450870077916530587e-03 6.936284147238413762e-04 -2.916575761857181318e-03 6.360320716176718877e-04 4.327523216000226172e-03 9.249835346747198317e-03 9.013655903485975895e-03
1.531552279360649891e-03 2.913108613179344296e-03 1.401532861917393399e-03 -5.846193754457130846e-03 1.225504793401863178e-03 8.627238768829603027e-03 1.852510987754845545e-02 1.807623963592342245e-02
2.278230468256230677e-03 4.386854678245436304e-03 2.123944185801017372e-03 -8.789029332302435854e-03 1.767760439673071119e-03 1.289875378018765645e-02 2.782617557281395065e-02 2.718844982088013812e-02
3.011913487737174176e-03 5.872249353408216278e-03 2.861098051282237424e-03 -1.174526089242735986e-02 2.262129236235295091e-03 1.714166791035134571e-02 3.715339080625076895e-02 3.635099819857014192e-02
3.732399111229411058e-03 7.369435757926683789e-03 3.613235063592657413e-03 -1.471506993274807398e-02 2.707929085813319103e-03 2.135557318117397435e-02 4.650712048989807945e-02 4.556460993237340662e-02
4.439481138621233745e-03 8.878559081498925074e-03 4.380600891167225203e-03 -1.769864111128690437e-02 3.104465286053163624e-03 2.554005379406878301e-02 5.588773622300325511e-02 5.483002392398522717e-02
5.132949298331776315e-03 1.039976661606953172e-02 5.163446391852956688e-03 -2.069616230625363762e-02 3.451030239842216730e-03 2.969468594280019053e-02 6.529561644483901361e-02 6.414799313748076326e-02
5.812589146472592685e-03 1.193320778795874115e-02 5.962027742529357396e-03 -2.370782467695991408e-02 3.746903157725496071e-03 3.381903762091732074e-02 7.473114659157123474e-02 7.351928493260034836e-02
6.478181963013354347e-03 1.347903419029957209e-02 6.776606572225558726e-03 -2.673382272553772449e-02 3.991349752159898540e-03 3.791266842365065282e-02 8.419471925728758133e-02 8.294468140756752761e-02
7.129504644841681837e-03 1.503739961577122732e-02 7.607450098822283666e-03 -2.977435435943442954e-02 4.183621923365725241e-03 4.197512934408833413e-02 9.368673435929780746e-02 9.242497975176565406e-02
