0.000000000000000000e+00 0.000000000000000000e+00 0.000000000000000000e+00 0.000000000000000000e+00 0.000000000000000000e+00 0.000000000000000000e+00 0.000000000000000000e+00 0.000000000000000000e+00
6.309615894473430192e-04 1.185204878596308098e-04 -1.419030971527412554e-04 -5.442377637402196541e-04 2.104685487671746971e-03 1.230731611821524532e-03 1.135404745113529701e-03 1.758624552829901079e-03
1.261542612855451762e-03 2.370522472822926714e-04 -2.838485731360370127e-04 -1.087986190067780079e-03 4.210636207488185727e-03 2.461505494676970510e-03 2.270613083341286448e-03 3.517258721269067145e-03
1.891742696943130887e-03 3.555953729563090648e-04 -4.258365526690015669e-04 -1.631244934533477089e-03 6.317854528113395381e-03 3.692322039287149540e-03 3.405624715349540779e-03 5.275900487795318061e-03
2.521561467308259218e-03 4.741499597394739185e-04 -5.678671606365117992e-04 -2.174013652612594421e-03 8.426342826721658005e-03 4.923181637749645193e-03 4.540439340660717797e-03 7.034547826338115491e-03
3.150998548427387178e-03 5.927161026613490076e-04 -7.099405220879771760e-04 -2.716291999710569553e-03 1.053610348904859828e-02 6.154084683546052863e-03 5.675056657662025904e-03 8.793198702266261102e-03
3.780053563649111124e-03 7.112938969232795658e-04 -8.520567622377334506e-04 -3.258079631162769715e-03 1.264713890943117494e-02 7.385031571548990662e-03 6.809476363598054513e-03 1.055185107235003666e-02
4.408726135187271931e-03 8.298834378977163612e-04 -9.942160064649228045e-04 -3.799376202235052631e-03 1.475945149084971660e-02 8.616022698027284502e-03 7.943698154564958827e-03 1.231050288472199973e-02
5.037015884113878184e-03 9.484848211295869407e-04 -1.136418380313049649e-03 -4.340181368124106966e-03 1.687304364496683765e-02 9.847058460652161060e-03 9.077721725507218939e-03 1.406915207883947805e-02
5.664922430352573209e-03 1.067098142335527310e-03 -1.278664009490943073e-03 -4.880494783957685205e-03 1.898791779217089484e-02 1.107813925850227761e-02 1.021154677020773630e-02 1.582779658544626947e-02
6.292445392671403015e-03 1.185723497405007879e-03 -1.420953019871774988e-03 -5.420316104795031703e-03 2.110407636161535511e-02 1.230926549207163670e-02 1.134517298128409971e-02 1.758643432653274677e-02
