0.000000000000000000e+00 0.000000000000000000e+00 0.000000000000000000e+00 0.000000000000000000e+00
4.775873996676304779e-03 -4.775873996676332535e-03 9.629974269463052045e-03 1.364921715856940929e-02
9.559346612723474204e-03 -9.559346612723505429e-03 1.923412237507400591e-02 2.732426048099114574e-02
1.435043938144420911e-02 -1.435043938144398706e-02 2.881201850458977448e-02 4.102555577950777604e-02
1.914917364168911007e-02 -1.914917364168901293e-02 3.836322710543575015e-02 5.475353860669452538e-02
2.395557049266757929e-02 -2.395557049266740929e-02 4.788730259705214348e-02 6.850865454311098890e-02
2.876965074438050246e-02 -2.876965074438037756e-02 5.738378907315887234e-02 8.229135949503665892e-02
3.359143486332399203e-02 -3.359143486332380468e-02 6.685221999357529588e-02 9.610212000265312693e-02
3.842094291309375298e-02 -3.842094291309351706e-02 7.629211786520578853e-02 1.099414135590545127e-01
4.325819448949188434e-02 -4.325819448949159984e-02 8.570299391181197823e-02 1.238097289404811729e-01
4.810320864972032068e-02 -4.810320864972002231e-02 9.508434773216455083e-02 1.377075665481611311e-01
