0.000000000000000000e+00 0.000000000000000000e+00 0.000000000000000000e+00 0.000000000000000000e+00
5.136004932240176117e-03 -5.136004932240151831e-03 1.255210478808275153e-02 1.255180709134056868e-02
1.028039029287067252e-02 -1.028039029287069854e-02 2.510434606158287382e-02 2.510347769726395395e-02
1.543318261380422808e-02 -1.543318261380412573e-02 3.765672390563647165e-02 3.765501173263349072e-02
2.059440856024052913e-02 -2.059440856024039729e-02 5.020923837220013508e-02 5.020640914549335393e-02
2.576409493208012963e-02 -2.576409493207998738e-02 6.276188948203050011e-02 6.275766991508650861e-02
3.094226866666553374e-02 -3.094226866666541925e-02 7.531467722676984944e-02 7.530879404977033897e-02
3.612895684302781102e-02 -3.612895684302760285e-02 8.786760157112746827e-02 8.785978158483644107e-02
4.132418668783220672e-02 -4.132418668783201243e-02 1.004206624551542831e-01 1.004106325802330141e-01
4.652798558323696654e-02 -4.652798558323683470e-02 1.129738597966100655e-01 1.129613471182007306e-01
5.174038107690118182e-02 -5.174038107690097366e-02 1.255271934934146516e-01 1.255119253008193658e-01
