0.000000000000000000e+00 0.000000000000000000e+00 0.000000000000000000e+00 0.000000000000000000e+00 0.000000000000000000e+00 0.000000000000000000e+00 0.000000000000000000e+00 0.000000000000000000e+00
4.549070612830850521e-04 1.265753960419905167e-04 -7.151968577011590935e-05 -6.584741237912315357e-04 1.450231923959976630e-03 1.038371472915562786e-03 1.261210209822727357e-03 2.261350795970850074e-03
9.092648699438396357e-04 2.531454443876959967e-04 -1.429685579466030807e-04 -1.316626408375453456e-03 2.899668459487824302e-03 2.076394296337721358e-03 2.522588678279406253e-03 4.524635182549043531e-03
1.363072846737041488e-03 3.797101476141359839e-04 -2.143464919962565851e-04 -1.974456477783957230e-03 4.348304902837170360e-03 3.114067567152932568e-03 3.784136201948836136e-03 6.789858424736608042e-03
1.816330410309694972e-03 5.062695081426854277e-04 -2.856533626614670167e-04 -2.631963954323572608e-03 5.796136528393491631e-03 4.151390377887339070e-03 5.045853580999785058e-03 9.057025812012025126e-03
2.269036977171461252e-03 6.328235282445980429e-04 -3.568890439496011108e-04 -3.289148458612539423e-03 7.243158588457609438e-03 5.188361816665579621e-03 6.307741619250404816e-03 1.132614265862548660e-02
2.721191961677259935e-03 7.593722100398708243e-04 -4.280534091289341439e-04 -3.946009609566377731e-03 8.689366313114774143e-03 6.224980967183315825e-03 7.569801124191653623e-03 1.359721430375098426e-02
3.172794776010087400e-03 8.859155554960403654e-04 -4.991463307225510243e-04 -4.602547024384622161e-03 1.013475491010609048e-02 7.261246908678932292e-03 8.832032907005087433e-03 1.587024611164192245e-02
3.623844830164183253e-03 1.012453566426124501e-03 -5.701676805032961873e-04 -5.258760318536559453e-03 1.157931956469594216e-02 8.297158715905394652e-03 1.009443778258944588e-02 1.814524347178709737e-02
4.074341531927121694e-03 1.138986244487672113e-03 -6.411173294886224425e-04 -5.914649105747371918e-03 1.302305543954137244e-02 9.332715459101552022e-03 1.135701656957938815e-02 2.042221179906512224e-02
4.524284286861575237e-03 1.265513591180969641e-03 -7.119951479342513179e-04 -6.570212997984072739e-03 1.446595767455699684e-02 1.036791620396376040e-02 1.261977009036925092e-02 2.270115653390467059e-02
