0.000000000000000000e+00 0.000000000000000000e+00 0.000000000000000000e+00 0.000000000000000000e+00 0.000000000000000000e+00 0.000000000000000000e+00 0.000000000000000000e+00 0.000000000000000000e+00
6.169553068745721718e-04 9.338299035564816492e-05 -1.216514776773737347e-04 -5.170449904532973184e-04 2.083500923682704824e-03 1.292268600044903151e-03 1.176450274320457951e-03 1.688393340308769067e-03
1.233943985632463816e-03 1.865957117374962353e-04 -2.434080359710699248e-04 -1.033158492790302221e-03 4.169984792714806834e-03 2.585074246877134760e-03 2.352172398652157322e-03 3.375014369302868199e-03
1.850971945277268219e-03 2.796362608208146977e-04 -3.652714795516827265e-04 -1.548333572209236418e-03 6.259485785409054162e-03 3.878425708799987034e-03 3.527157519395811031e-03 5.059829468353174882e-03
2.468045204542770182e-03 3.725026987054742616e-04 -4.872436449955938240e-04 -2.062563170756495645e-03 8.352038707730144451e-03 5.172331914078580686e-03 4.701396620305072112e-03 6.742804400874797578e-03
3.085169894696785861e-03 4.651930500359128346e-04 -6.093264015969879644e-04 -2.575840104253197468e-03 1.044767900895016838e-02 6.466801954933485905e-03 5.874880518483127818e-03 8.423904297232829783e-03
3.702352262077971638e-03 5.577053021411809176e-04 -7.315216521061725053e-04 -3.088157059321821989e-03 1.254644279657143001e-02 7.761845091314297992e-03 7.047599860519532244e-03 1.010309364016688700e-02
4.319598670701849108e-03 6.500374041524644353e-04 -8.538313334875007347e-04 -3.599506590331878145e-03 1.464836685167101790e-02 9.057470754778852023e-03 8.219545118516240201e-03 1.178033624981339976e-02
4.936915604936626886e-03 7.421872660940830209e-04 -9.762574176982430872e-04 -4.109881116253931085e-03 1.675348864466760443e-02 1.035368855247985505e-02 9.390706586004287162e-03 1.345559526830703359e-02
5.554309672254674132e-03 8.341527579483938321e-04 -1.098801912489767068e-03 -4.619272917427692630e-03 1.886184635153977801e-02 1.165050827126445226e-02 1.056107437374549998e-02 1.512883314395471225e-02
6.171787606056584885e-03 9.259317086954039653e-04 -1.221466862228313532e-03 -5.127674132233122489e-03 2.097347887050280552e-02 1.294793988188558745e-02 1.173063840541314386e-02 1.680001161496057216e-02
