0.000000000000000000e+00 0.000000000000000000e+00 0.000000000000000000e+00 0.000000000000000000e+00 0.000000000000000000e+00 0.000000000000000000e+00
4.058110770921130074e-03 -1.942444224788055125e-03 -2.115666546133025509e-03 8.546693578850182368e-03 1.283567997983667622e-02 2.551499619771076515e-03
8.123260658726582165e-03 -3.892196728265369127e-03 -4.231063930460954997e-03 1.709065861527166511e-02 2.567640198335211649e-02 5.100685758291530897e-03
1.219548350436991911e-02 -5.849294884926145924e-03 -6.346188619443464407e-03 2.563188283471987475e-02 3.852217987593236498e-02 7.647556824721165290e-03
1.627481335673366947e-02 -7.813776279010253845e-03 -8.461037077723021840e-03 3.417035390551356744e-02 5.137302760511482103e-02 1.019211120320288183e-02
2.036128446524387153e-02 -9.785678694627694685e-03 -1.057560577061564255e-02 4.270605943590498332e-02 6.422895920393822955e-02 1.273434725244590796e-02
2.445493127164895947e-02 -1.176504010458620866e-02 -1.268989116706221651e-02 5.123898697106587380e-02 7.708998879428409501e-02 1.527426330539743450e-02
2.855578840089985013e-02 -1.375189865781227712e-02 -1.480388974308682187e-02 5.976912398998889681e-02 8.995613059019658131e-02 1.781185766901911827e-02
3.266389065105393397e-02 -1.574629266524100665e-02 -1.691759798581208077e-02 6.829645790229572910e-02 1.028273989011849049e-01 2.034712862418223273e-02
3.677927298213083673e-02 -1.774826058405057361e-02 -1.903101239807936801e-02 7.682097604493923204e-02 1.157038081354852532e-01 2.288007442569599259e-02
4.090197050383721084e-02 -1.975784100011026417e-02 -2.114412950372592317e-02 8.534266567879630894e-02 1.285853728032941568e-01 2.541069330248752964e-02
