0.000000000000000000e+00 0.000000000000000000e+00 0.000000000000000000e+00 0.000000000000000000e+00 0.000000000000000000e+00 0.000000000000000000e+00 0.000000000000000000e+00 0.000000000000000000e+00
3.767936584407142195e-04 5.051345028084048216e-05 -1.230489948552325691e-04 -2.783840852349959917e-04 2.014976026921795442e-03 1.698248140029502608e-03 1.363028010038654005e-03 1.822861156758948543e-03
7.531566898452088940e-04 1.010441194350375336e-04 -2.461200005323708139e-04 -5.563854895662409062e-04 4.030763938844905171e-03 3.396714627282634586e-03 2.726210943733634387e-03 3.646416214691253471e-03
1.129088361961672971e-03 1.515920310476971363e-04 -3.692130422012064681e-04 -8.340035879798793480e-04 6.047364743786907450e-03 5.095399550237729967e-03 4.089548847061897328e-03 5.470665997090361221e-03
1.504587940260503076e-03 2.021572088088559847e-04 -4.923281451213341051e-04 -1.111237753578419880e-03 8.064779452849323363e-03 6.794302997278829290e-03 5.453041765928095738e-03 7.295611329855259883e-03
1.879654687912376719e-03 2.527396765147326687e-04 -6.154653346437530736e-04 -1.388087357563857083e-03 1.008300908027135075e-02 8.493425056705116924e-03 6.816689746165280513e-03 9.121253041530543934e-03
2.254287865775908214e-03 3.033394580676545714e-04 -7.386246362109564296e-04 -1.664551769227371044e-03 1.210205464344751673e-02 1.019276581672818802e-02 8.180492833537470962e-03 1.094759196331942901e-02
2.628486732385964565e-03 3.539565774774783768e-04 -8.618060753575369510e-04 -1.940630355940080407e-03 1.412191716294623582e-02 1.189232536547429019e-02 9.544451073737423089e-03 1.277462892910016627e-02
3.002250543940839997e-03 4.045910588618604163e-04 -9.850096777108028560e-04 -2.216322483142112425e-03 1.614259766252726727e-02 1.359210379098241099e-02 1.090856451238722893e-02 1.460236477544024115e-02
3.375578554290205920e-03 4.552429264468087168e-04 -1.108235468991349828e-03 -2.491627514332842974e-03 1.816409716915968336e-02 1.529210118120448263e-02 1.227283319503645088e-02 1.643080034161234840e-02
3.748470014922708309e-03 5.059122045675976337e-04 -1.231483475013289567e-03 -2.766544811060494061e-03 2.018641671303972318e-02 1.699231762400281107e-02 1.363725716716335593e-02 1.825993646960889782e-02
