0.000000000000000000e+00 0.000000000000000000e+00 0.000000000000000000e+00 0.000000000000000000e+00 0.000000000000000000e+00 0.000000000000000000e+00
2.750161493469203532e-03 6.438174985966423590e-05 -2.814543243328608644e-03 6.988996172267955033e-03 1.057850493134889977e-02 7.309968621368629314e-03
5.501788022690194853e-03 1.297816045559637040e-04 -5.631569627245988988e-03 1.397624292332564841e-02 2.115595213148580706e-02 1.462274439515952665e-02
8.254872710375518730e-03 1.962177626756178052e-04 -8.451090473050947016e-03 2.096170336075472290e-02 3.173233865984998597e-02 2.193836715435052223e-02
1.100940842079014062e-02 2.637088384308400313e-04 -1.127311725922084014e-02 2.794533969896633580e-02 4.230766164598546292e-02 2.925687755499028347e-02
1.376538775106523997e-02 3.322738737388535209e-04 -1.409766162480366458e-02 3.492711323278005486e-02 5.288191829310678882e-02 3.657831709904021955e-02
1.652280302221053113e-02 4.019323507297705572e-04 -1.692473537293990790e-02 4.190698431008963581e-02 6.345510588178440714e-02 4.390272815803823725e-02
1.928164626981705015e-02 4.727042047007797704e-04 -1.975435047451727655e-02 4.888491230356894340e-02 7.402722177374360113e-02 5.123015399758534816e-02
2.204190923443574007e-02 5.446098375345405709e-04 -2.258651907196965875e-02 5.586085558138694646e-02 8.459826341578330355e-02 5.856063880271232536e-02
2.480358335162370295e-02 6.176701316012844084e-04 -2.542125348322437500e-02 6.283477147689357778e-02 9.516822834381376273e-02 6.589422770416077102e-02
2.756665974164363223e-02 6.919064641632260287e-04 -2.825856620580619732e-02 6.980661625722997532e-02 1.057371141870148412e-01 7.323096680560894911e-02
