0.000000000000000000e+00 0.000000000000000000e+00 0.000000000000000000e+00 0.000000000000000000e+00 0.000000000000000000e+00 0.000000000000000000e+00 0.000000000000000000e+00 0.000000000000000000e+00 0.000000000000000000e+00 0.000000000000000000e+00
1.463707824205668631e-03 2.443939569372002461e-04 -1.123196823473211845e-03 6.066977340545201937e-04 -1.191602698276630033e-03 4.938639878978876539e-03 5.222440473462834978e-03 7.567926095528134875e-03 3.049831086611097877e-03 4.198110103618745217e-03
2.928965364003925913e-03 4.884250089433534500e-04 -2.249794036127258142e-03 1.216789634662009600e-03 -2.384385978218253078e-03 9.875965153579373615e-03 1.044636493789698542e-02 1.513656395766936787e-02 6.099379808923659219e-03 8.395621400815725041e-03
4.395779089881194333e-03 7.320905287765445968e-04 -3.379808237025373058e-03 1.830293569296262890e-03 -3.578354957858171856e-03 1.481196421135171429e-02 1.567179214938006424e-02 2.270590918327845820e-02 9.148648947894667816e-03 1.259252838759752045e-02
5.864155482974948465e-03 9.753878574503941929e-04 -4.513256104720942199e-03 2.447227547368712591e-03 -4.773514790205874228e-03 1.974662531248083316e-02 2.089874106500897930e-02 3.027595731926674416e-02 1.219764128270384683e-02 1.678882552058709107e-02
7.334101035929653338e-03 1.218314300932296515e-03 -5.650154399781504889e-03 3.067609719474860552e-03 -5.969870663902667601e-03 2.467993659486935470e-02 2.612723085423418815e-02 3.784670386020372312e-02 1.524635959207026187e-02 2.098450721914042055e-02
8.805622251762618494e-03 1.460867128332885359e-03 -6.790519962236835419e-03 3.691458378294041383e-03 -7.167427803726032429e-03 2.961188607189523328e-02 3.135728090275813340e-02 4.541814424709361003e-02 1.829480665410174525e-02 2.517956786506023517e-02
1.027872564268028296e-02 1.703043569978409527e-03 -7.934369708822998704e-03 4.318791959463547450e-03 -8.366191471111117384e-03 3.454246163011417958e-02 3.658891081651270694e-02 5.299027386612474577e-02 2.134298524614819045e-02 2.937400180231959992e-02
1.175341772884479219e-02 1.944840815362538534e-03 -9.081720630010038653e-03 4.949629042427119638e-03 -9.566166964688793337e-03 3.947165102690876337e-02 4.182214042571059942e-02 6.056308804739063412e-02 2.439089814465414049e-02 3.356780333677859135e-02
1.322970503708966079e-02 2.186256010970798191e-03 -1.023258978680558276e-02 5.583988351255383953e-03 -1.076735962084196009e-02 4.439944188807913583e-02 4.705698978898133211e-02 6.813658206358873259e-02 2.743854812501737503e-02 3.776096673591011060e-02
1.470759409958144817e-02 2.427286257968896532e-03 -1.138699430731946426e-02 6.221888755434914348e-03 -1.196977481428073906e-02 4.932582170537671423e-02 5.229347919758168400e-02 7.571075112868570767e-02 3.048593796144825896e-02 4.195348622852489856e-02
