0.000000000000000000e+00 0.000000000000000000e+00 0.000000000000000000e+00 0.000000000000000000e+00
5.741335002922749470e-04 -5.353854672155025987e-04 1.921865531103258843e-03 1.768260669452124392e-03
1.148035250950074030e-03 -1.070152803772552418e-03 3.845250003002203664e-03 3.536153719160332193e-03
1.721707485619814815e-03 -1.604299142106976363e-03 5.770166939425575708e-03 5.303665895074652359e-03
2.295152482114872286e-03 -2.137821568078862849e-03 7.696630106862592004e-03 7.070783701632769001e-03
2.868372563545994701e-03 -2.670717119802901943e-03 9.624653520596141223e-03 8.837493395839285046e-03
3.441370099338896503e-03 -3.202982786559499875e-03 1.155425145036139550e-02 1.060378098166176418e-02
4.014147506282250526e-03 -3.734615507679290257e-03 1.348543842615574848e-02 1.236963220427509356e-02
4.586707249601728806e-03 -4.265612171393997308e-03 1.541822924421269378e-02 1.413503254414581398e-02
5.159051844064329283e-03 -4.795969613656181178e-03 1.735263897313696693e-02 1.589996721095612506e-02
5.731183855112510252e-03 -5.325684616927259078e-03 1.928868296021299389e-02 1.766442113735748956e-02
