0.000000000000000000e+00 0.000000000000000000e+00 0.000000000000000000e+00 0.000000000000000000e+00 0.000000000000000000e+00 0.000000000000000000e+00 0.000000000000000000e+00 0.000000000000000000e+00
1.689891329486596649e-03 1.802971915739848968e-03 -1.900556893325565291e-03 -1.592306351900820045e-03 2.358457991121897229e-03 9.328838345171586513e-03 8.282551357409760617e-03 2.687845691483255542e-03
3.378926199895631276e-03 3.609364234767452329e-03 -3.804183269560222711e-03 -3.184107165102836607e-03 4.714464893417542879e-03 1.866046002281942021e-02 1.656650710220186964e-02 5.373954751934129775e-03
5.067100036258148990e-03 5.419191424650646530e-03 -5.710890773116305934e-03 -4.775400687792359482e-03 7.068018341609306511e-03 2.799486631479504786e-02 2.485186951910707889e-02 8.058325980047751150e-03
6.754408233291825901e-03 7.232468076651241487e-03 -7.620691153605996596e-03 -6.366185156336977985e-03 9.419115945870769335e-03 3.733205850315848839e-02 3.313864092379252557e-02 1.074095816792368721e-02
8.440846155918722490e-03 9.049208905963255362e-03 -9.533596267073979336e-03 -7.956458794807689736e-03 1.176775529126139475e-02 4.667203786967228513e-02 4.142682366443350972e-02 1.342185010056485064e-02
1.012640913984803534e-02 1.086942875187927801e-02 -1.144961807724996679e-02 -9.546219814477270235e-03 1.411393393716344445e-02 5.601480569522135355e-02 4.971642012338947647e-02 1.610100055534434416e-02
1.181109249223045131e-02 1.269314257788060896e-02 -1.336876865681969201e-02 -1.113546641329115836e-02 1.645764941672360829e-02 6.536036325915661749e-02 5.800743271898883141e-02 1.877840830143598025e-02
1.349489149238555785e-02 1.452036547164379555e-02 -1.529106018871545861e-02 -1.272419677531352530e-02 1.879889923630010534e-02 7.470871183855673503e-02 6.629986390743107527e-02 2.145407209920353886e-02
1.517780139260968206e-02 1.635111264495532277e-02 -1.721650496742203190e-02 -1.431240907014259822e-02 2.113768087491433093e-02 8.405985270740172488e-02 7.459371618481001887e-02 2.412799069955154363e-02
1.685981741906824802e-02 1.818539943352811064e-02 -1.914511540029805933e-02 -1.590010145229792810e-02 2.347399178371437078e-02 9.341378713565136327e-02 8.288899208926824025e-02 2.680016284323023107e-02
