0.000000000000000000e+00 0.000000000000000000e+00 0.000000000000000000e+00 0.000000000000000000e+00 0.000000000000000000e+00 0.000000000000000000e+00
3.722529363796132787e-04 7.697673168463557160e-05 -7.008594316986167068e-04 1.220271233749598439e-03 1.023590801010443307e-03 2.463095277241011179e-03
7.442033355540649247e-04 1.539147719658974056e-04 -1.401128671637552831e-03 2.440439726883153471e-03 2.047007445927632487e-03 4.927712782763199635e-03
1.115851157370365172e-03 2.308139948764901779e-04 -2.100806775866278110e-03 3.660504929655797410e-03 3.070249738178575279e-03 7.393854248127905426e-03
1.487196361644273646e-03 3.076742741182098700e-04 -2.799892798418123722e-03 4.880466290955881754e-03 4.093317480727057082e-03 9.861521408391780291e-03
1.858238908159134386e-03 3.844954830578231771e-04 -3.498385791307404274e-03 6.100323258295748015e-03 5.116210476070928714e-03 1.233071600217033707e-02
2.228978756664848782e-03 4.612774947270110483e-04 -4.196284804521727661e-03 7.320075277804239354e-03 6.138928526243016270e-03 1.480143977164889192e-02
2.599415866877173228e-03 5.380201818198577287e-04 -4.893588886015459716e-03 8.539721794223679996e-03 7.161471432808096636e-03 1.727369446259938851e-02
2.969550198477178757e-03 6.147234166917691593e-04 -5.590297081702786178e-03 9.759262250901420618e-03 8.183838996859756770e-03 1.974748182439186803e-02
3.339381711110849665e-03 6.913870713584218970e-04 -6.286408435449861339e-03 1.097869608978547899e-02 9.206031019022082457e-03 2.222280361000900095e-02
3.708910364387811749e-03 7.680110174938091115e-04 -6.981921989068573010e-03 1.219802275141748833e-02 1.022804729944284258e-02 2.469966157606095364e-02
