0.000000000000000000e+00 0.000000000000000000e+00 0.000000000000000000e+00 0.000000000000000000e+00 0.000000000000000000e+00 0.000000000000000000e+00
4.716501127183661069e-04 -1.070787892497205988e-05 -6.227001859481793916e-04 1.584909538685823826e-03 8.347426135269279089e-04 2.302510855928880957e-03
9.429428395199342550e-04 -2.150689994582698705e-05 -1.244900022098417887e-03 3.169952642426261680e-03 1.669232067612682691e-03 4.606419048552136755e-03
1.413878036592522989e-03 -3.239726376907881217e-05 -1.866598764016202212e-03 4.755128485123130862e-03 2.503468232622167201e-03 6.911726255789518020e-03
1.884455560251731233e-03 -4.337917160355582056e-05 -2.487795665656195639e-03 6.340436237836935551e-03 3.337450978802153096e-03 9.218434159115940218e-03
2.354675266940298942e-03 -5.445282516495064375e-05 -3.108489979357844692e-03 7.925875068776748814e-03 4.171180176283753246e-03 1.152654444361310600e-02
2.824537013228759896e-03 -6.561842667723201948e-05 -3.728680955840851189e-03 9.511444143287431374e-03 5.004655695081725031e-03 1.383605879798245099e-02
3.294040655815585680e-03 -7.687617887472578224e-05 -4.348367844198418319e-03 1.109714262384280115e-02 5.837877405094129245e-03 1.614697891455853240e-02
3.763186051527834912e-03 -8.822628500399748550e-05 -4.967549891892624782e-03 1.268296967003132610e-02 6.670845176101331334e-03 1.845930648932141496e-02
4.231973057322120126e-03 -9.966894882572078693e-05 -5.586226344748024958e-03 1.426892443854906913e-02 7.503558877764259297e-03 2.077304322191069266e-02
4.700401530284002358e-03 -1.112043746165073581e-04 -6.204396446946656811e-03 1.585500608318683724e-02 8.336018379625451460e-03 2.308819081563979678e-02
