0.000000000000000000e+00 0.000000000000000000e+00 0.000000000000000000e+00 0.000000000000000000e+00 0.000000000000000000e+00 0.000000000000000000e+00 0.000000000000000000e+00 0.000000000000000000e+00 0.000000000000000000e+00 0.000000000000000000e+00
1.954588665498482869e-03 3.751021243779806128e-04 -1.717637997349428895e-04 -5.993845182881330121e-04 -1.558542461265801163e-03 5.596075129284489198e-03 6.765421095231587134e-03 6.243792256254779294e-03 5.620511568064649049e-03 4.116846871222926661e-03
3.910145200194546124e-03 7.489423303562206232e-04 -3.440934043761446166e-04 -1.198678749660998973e-03 -3.116315365781676793e-03 1.119610611434190481e-02 1.353239061317873006e-02 1.248673692495213573e-02 1.123863798858067316e-02 8.231422182648438432e-03
5.866674517806943698e-03 1.121514379669208503e-03 -5.169907803684330085e-04 -1.797884288571651844e-03 -4.673313817658892970e-03 1.680011040105387765e-02 2.030091718941611639e-02 1.872883299129224702e-02 1.685436964717799621e-02 1.234371049839334475e-02
7.824181551288039022e-03 1.492811969879257556e-03 -6.904578996033928703e-04 -2.397002735097192826e-03 -6.229532875444039608e-03 2.240810553311245804e-02 2.707100953600455676e-02 2.497007946647464283e-02 2.246769685088862573e-02 1.645369624447169665e-02
9.782671260742678912e-03 1.862828740022027564e-03 -8.644967435120505094e-04 -2.996035690503496586e-03 -7.784967555580335485e-03 2.802010916606792468e-02 3.384267643884093790e-02 3.121047538568198082e-02 2.807860983021244830e-02 2.056136371375548097e-02
1.174214863348244792e-02 2.231558270000938080e-03 -1.039109303242017734e-03 -3.594984756908566927e-03 -9.339612832017089514e-03 3.363613906829283906e-02 4.061592675855044132e-02 3.745001980872100095e-02 3.368709873808190675e-02 2.466669706450636684e-02
1.370261868407940918e-02 2.598994079980453554e-03 -1.214297579840154222e-03 -4.193851536938962218e-03 -1.089346363581817842e-02 3.925621312195753249e-02 4.739076943139227532e-02 4.368871182067671916e-02 3.929315364881282024e-02 2.876968031889459709e-02
1.566408645442051231e-02 2.965129629777227705e-03 -1.390063584440123443e-03 -4.792637633380355741e-03 -1.244651485476732343e-02 4.488034932401473859e-02 5.416721347018588900e-02 4.992655053257070985e-02 4.489676455703411201e-02 3.287029736149570114e-02
1.762655701376126746e-02 3.329958318248883893e-03 -1.566409338456635492e-03 -5.391344648822441257e-03 -1.399876133297375293e-02 5.050856578719675749e-02 6.094526796524862844e-02 5.616353508202970302e-02 5.049792137660385344e-02 3.696853193777686897e-02
1.959003545877874980e-02 3.693473482683116635e-03 -1.743336873785442716e-03 -5.989974185296786068e-03 -1.555019787047469751e-02 5.614088074101653003e-02 6.772494208535467797e-02 6.239966463396118962e-02 5.609661393950584468e-02 4.106436765255843530e-02
