0.000000000000000000e+00 0.000000000000000000e+00 0.000000000000000000e+00 0.000000000000000000e+00 0.000000000000000000e+00 0.000000000000000000e+00 0.000000000000000000e+00 0.000000000000000000e+00 0.000000000000000000e+00 0.000000000000000000e+00
1.639686899215017776e-03 6.026725022230669049e-04 3.587234513404704509e-05 -5.513003361942937688e-04 -1.726931405655675626e-03 4.294455613190135794e-03 5.664045202191925026e-03 5.912995728708556921e-03 5.919901077638971623e-03 4.621386831796830096e-03
3.278933143216134199e-03 1.205472637838319455e-03 7.219994288678135193e-05 -1.102001270649040528e-03 -3.454604448510091054e-03 8.587434869647853422e-03 1.132602646404008012e-02 1.182546778734711902e-02 1.184097835983445590e-02 9.245661422931220064e-03
4.917728648890084577e-03 1.808406062794406209e-03 1.089900548860048106e-04 -1.652096609853460300e-03 -5.183028151874201697e-03 1.287890316240065079e-02 1.698591723118935554e-02 1.773741603930732713e-02 1.776325789832515142e-02 1.387285902285021952e-02
6.556063122884464751e-03 2.411478542893413270e-03 1.462500982914926792e-04 -2.201580031441145117e-03 -6.912211727723832286e-03 1.716882514592018780e-02 2.264369039697522804e-02 2.364884035497584122e-02 2.368676630083120169e-02 1.850301560564046599e-02
8.193926057287611101e-03 3.014695956828311423e-03 1.839876506327399984e-04 -2.750445077831727841e-03 -8.642164581948946420e-03 2.145716471603582517e-02 2.829931828961494353e-02 2.955974061326556088e-02 2.961153074507476973e-02 2.313616789061953213e-02
9.831306724127512886e-03 3.618064298982173049e-03 2.222104541810712534e-04 -3.298685152735582413e-03 -1.037289631952295274e-02 2.574388498990624538e-02 3.395277265725892696e-02 3.547011670175770348e-02 3.553757899376663865e-02 2.777235336218677325e-02
1.146819416970284479e-02 4.221589682318542362e-03 2.609264204631658868e-04 -3.846293517550270630e-03 -1.210441674983642885e-02 3.002894828535524266e-02 3.960402465257099186e-02 4.137996851683934524e-02 4.146493941006457878e-02 3.241161029031015134e-02
1.310457720873488448e-02 4.825278341361875951e-03 3.001436349193763002e-04 -4.393263287647598998e-03 -1.383673589220356034e-02 3.431231609954443762e-02 4.525304481680651747e-02 4.728929596384585932e-02 4.739364097353062494e-02 3.705397775167410673e-02
1.474044441833576025e-02 5.429136635274897996e-03 3.398703617141373041e-04 -4.939587428544322915e-03 -1.556986398154699622e-02 3.859394908696515969e-02 5.089980306338186961e-02 5.319809895719865289e-02 5.332371329660030163e-02 4.169949565151517129e-02
1.637578413178522249e-02 6.033171051035651766e-03 3.801150487032223246e-04 -5.485258751953495798e-03 -1.730381147426750255e-02 4.287380703671667126e-02 5.654426866090891957e-02 5.910637742054371951e-02 5.925518664158227478e-02 4.634820474616660468e-02
