0.000000000000000000e+00 0.000000000000000000e+00 0.000000000000000000e+00 0.000000000000000000e+00 0.000000000000000000e+00 0.000000000000000000e+00 0.000000000000000000e+00 0.000000000000000000e+00
8.679401164058745104e-04 1.272211495627405741e-03 -7.711594677340910357e-04 -1.368992144299082097e-03 1.225313779190833827e-03 8.068725972343192623e-03 6.502989369412480458e-03 5.339575870592349130e-03
1.732563256901251689e-03 2.548858784279089788e-03 -1.543287469579587411e-03 -2.738134571600685761e-03 2.448686469534348299e-03 1.613922752308180955e-02 1.300946730154883650e-02 1.067582868891294411e-02
2.593826785921031410e-03 3.829964946567428544e-03 -2.316379155332556200e-03 -4.107412577155829594e-03 3.670103123921416178e-03 2.421151315626523734e-02 1.951947104584597983e-02 1.600872764858424918e-02
3.451687402415359873e-03 5.115553202790288148e-03 -3.090429524769290094e-03 -5.476811080436230425e-03 4.889548557257471575e-03 3.228559151601082672e-02 2.603303831688003750e-02 2.133824157600677091e-02
4.306101124937715234e-03 6.405646913713797415e-03 -3.865433424177240791e-03 -6.846314614474069762e-03 6.107007340794170895e-03 4.036147138949258695e-02 3.255020730369694720e-02 2.666433892371078071e-02
5.157023276243959294e-03 7.700269581439949176e-03 -4.641385542878051149e-03 -8.215907314805490427e-03 7.322463796262734109e-03 4.843916170996497017e-02 3.907101667946676765e-02 3.198698776353876838e-02
6.004408467381664762e-03 8.999444850373366014e-03 -5.418280409755138818e-03 -9.585572907999582309e-03 8.535901989802956863e-03 5.651867155981791374e-02 4.559550561149144920e-02 3.730615577965974705e-02
6.848210581246173129e-03 1.030319650829778291e-02 -6.196112389791485695e-03 -1.095529469975206095e-02 9.747305725678263519e-03 6.460001017365570031e-02 5.212371377157543062e-02 4.262181026140159090e-02
7.688382755580918694e-03 1.161154848757772404e-02 -6.974875680636356476e-03 -1.232505556252184130e-02 1.095665853976158198e-02 7.268318694140146752e-02 5.865568134678551121e-02 4.793391809590104302e-02
8.524877365392534087e-03 1.292452486649982128e-02 -7.754564309207644980e-03 -1.369483792268432268e-02 1.216394369279077785e-02 8.076821141141594940e-02 6.519144905062176920e-02 5.324244576056004485e-02
