0.000000000000000000e+00 0.000000000000000000e+00 0.000000000000000000e+00 0.000000000000000000e+00 0.000000000000000000e+00 0.000000000000000000e+00 0.000000000000000000e+00 0.000000000000000000e+00 0.000000000000000000e+00 0.000000000000000000e+00
2.988068441904615522e-04 4.135302787985633980e-04 -1.356706560297302481e-04 -2.241145874278603178e-04 -4.589365092694690554e-04 4.962868954177694159e-04 1.081517047950989905e-03 1.801368984738561550e-03 9.697442807053522230e-04 1.321305448644441091e-03
5.974400233256686255e-04 8.270727990619270711e-04 -2.714384783298966729e-04 -4.481297971188371557e-04 -9.176219023442051901e-04 9.922119206560336187e-04 2.162995081246695591e-03 3.603078873593206031e-03 1.939308574536339558e-03 2.642756611320460844e-03
8.958995387579590580e-04 1.240627539784728639e-03 -4.073035394985304036e-04 -6.720455326356864455e-04 -1.376056128498007874e-03 1.487774872049362710e-03 3.244433959410004693e-03 5.405130019210271572e-03 2.908692784013823095e-03 3.964353319507915238e-03
1.194185391825837786e-03 1.654194479925050329e-03 -5.432659122676759215e-04 -8.958616974592068915e-04 -1.834239137087513311e-03 1.982975546053270845e-03 4.325833541660047826e-03 7.207522774692282606e-03 3.877896811646552085e-03 5.286095404357682957e-03
1.492297583854964010e-03 2.067773598406128649e-03 -6.793256695060601209e-04 -1.119578194988657795e-03 -2.292170877554503081e-03 2.477813739246438086e-03 5.407193686915906343e-03 9.010257493613069504e-03 4.846920559937606052e-03 6.607982696695454024e-03
1.790236116157485928e-03 2.481364874116150782e-03 -8.154828842195667839e-04 -1.343194928541249561e-03 -2.749851299425052232e-03 2.972289248331556194e-03 6.488514253795631126e-03 1.081333453001816387e-02 5.815763931384043510e-03 7.930015027023064669e-03
2.088000990032431916e-03 2.894968285908247532e-03 -9.517376295515173881e-04 -1.566711801352106996e-03 -3.207280352310691758e-03 3.466401870133774092e-03 7.569795100615978913e-03 1.261675423842908809e-02 6.784426828476431207e-03 9.252192225516674140e-03
2.385592206764878404e-03 3.308583812599996763e-03 -1.088089978783555924e-03 -1.790128716573557424e-03 -3.664457985907276262e-03 3.960151401601468522e-03 8.651036085391916597e-03 1.442051697384206556e-02 7.752909153699976894e-03 1.057451412202560850e-02
2.683009767625940765e-03 3.722211432973835613e-03 -1.224540005336057641e-03 -2.013445577275175570e-03 -4.121384149995733354e-03 4.453537639805781739e-03 9.732237065834953293e-03 1.622462309173075198e-02 8.721210809532895653e-03 1.189698054607198074e-02
2.980253673872150337e-03 4.135851125776367036e-03 -1.361087782768335584e-03 -2.236662286443380238e-03 -4.578058794441633439e-03 4.946560381939024698e-03 1.081339789935409530e-02 1.802907294804808810e-02 9.689331698446872199e-03 1.321959132684944437e-02
