0.000000000000000000e+00 0.000000000000000000e+00 0.000000000000000000e+00 0.000000000000000000e+00 0.000000000000000000e+00 0.000000000000000000e+00 0.000000000000000000e+00 0.000000000000000000e+00
6.875105177162336078e-04 8.564872864986718603e-05 -1.391187151736761720e-04 -4.904218255669500880e-04 2.347872201044040770e-03 1.315244023089084816e-03 1.099486136955690058e-03 1.562987310530266705e-03
1.374640880014054573e-03 1.712466950070361683e-04 -2.782423402071302590e-04 -9.802757503589911575e-04 4.697696745057609695e-03 2.630631943687711336e-03 2.198635619523783835e-03 3.125312626170165080e-03
2.061390572507104842e-03 2.567938398660052531e-04 -4.173708961754220900e-04 -1.469561266522585773e-03 7.049478608006026249e-03 3.946164475206718862e-03 3.297447648068562148e-03 4.686971627686211013e-03
2.747759078619622757e-03 3.422901035536830752e-04 -5.565044040093981847e-04 -1.958277864766414748e-03 9.403222787955205567e-03 5.261842334125035013e-03 4.395921419207615352e-03 6.247959976319397701e-03
3.433745879617005302e-03 4.277354259221076383e-04 -6.956428845015721419e-04 -2.446425034336684005e-03 1.175893430533824988e-02 6.577666240042033367e-03 5.494056125778957328e-03 7.808273313597892569e-03
4.119350454590293281e-03 5.131297463443045817e-04 -8.347863583041502519e-04 -2.934002263005561998e-03 1.411661820309075173e-02 7.893636915694083808e-03 6.591850956818228607e-03 9.367907261225418003e-03
4.804572280440126859e-03 5.984730037115512224e-04 -9.739348459278882606e-04 -3.421009037059201223e-03 1.647627954678380219e-02 9.209755086973976657e-03 7.689305097535212991e-03 1.092685742096983353e-02
5.489410831861092285e-03 6.837651364287588305e-04 -1.113088367739885126e-03 -3.907444841285931045e-03 1.883792342476020912e-02 1.052602148294791602e-02 8.786417729289432155e-03 1.248511937455135633e-02
6.173865581324607110e-03 7.690060824110099037e-04 -1.252246943963129713e-03 -4.393309158963308418e-03 2.120155494826947429e-02 1.184243683587285143e-02 9.883188029567715679e-03 1.404268868353008605e-02
6.857935999063542731e-03 8.541957790799012623e-04 -1.391410594674105357e-03 -4.878601471846581543e-03 2.356717925160669788e-02 1.315900188121548083e-02 1.097961517196004849e-02 1.559956088919072816e-02
