0.000000000000000000e+00 0.000000000000000000e+00 0.000000000000000000e+00 0.000000000000000000e+00 0.000000000000000000e+00 0.000000000000000000e+00 0.000000000000000000e+00 0.000000000000000000e+00 0.000000000000000000e+00 0.000000000000000000e+00
6.836514723827851955e-04 2.038213187827260184e-04 -2.125925836575167402e-04 -1.761706199372678775e-04 -3.029195696358401974e-04 2.375191675025581893e-03 1.568790996103142273e-03 1.043117444374172748e-03 5.425330957909555623e-04 1.449005605307475322e-03
1.366633184225868412e-03 4.077347968182562163e-04 -4.251846904516149903e-04 -3.523246963587692553e-04 -6.055384970492542693e-04 4.751512112575080604e-03 3.137562485847183221e-03 2.086011288397447011e-03 1.084876082777859680e-03 2.898564138173004897e-03
2.048944271776152390e-03 6.117406156315753889e-04 -6.377762585498276526e-04 -5.284622682735441637e-04 -9.078564956903329266e-04 7.128962566170618173e-03 4.706314345646683654e-03 3.128681303320084671e-03 1.627028826619173699e-03 4.348676145765449294e-03
2.730583869401614471e-03 8.158389571475238274e-04 -8.503672259502268295e-04 -7.045833747715948879e-04 -1.209873278424737457e-03 9.507544293041946329e-03 6.275046451144312282e-03 4.171127259920616448e-03 2.168991192452730723e-03 5.799342176737396284e-03
3.411551109582328968e-03 1.020030003699297708e-03 -1.062957530478384968e-03 -8.806880550222444867e-04 -1.511588557533853844e-03 1.188725855420550218e-02 7.843758677211976754e-03 5.213348928512415853e-03 2.710763044903820394e-03 7.250562781212510806e-03
4.091845122901841686e-03 1.224313938029904496e-03 -1.275547109785861964e-03 -1.056776348274518756e-03 -1.813002044711814519e-03 1.426810661448407389e-02 9.412450897944922568e-03 6.255346078941120304e-03 3.252344248081459350e-03 8.702338510792221454e-03
4.771465038038767356e-03 1.428690943294054667e-03 -1.488135901349800158e-03 -1.232848293856964299e-03 -2.114113451063812966e-03 1.665008974252850729e-02 1.098112298665795961e-02 7.297118480584674494e-03 3.793734665575396441e-03 1.015466991856546833e-02
5.450409981757873591e-03 1.633161203059334265e-03 -1.700723842472134928e-03 -1.408903931178413869e-03 -2.414922487102859252e-03 1.903320921083767603e-02 1.254977481587982516e-02 8.338665902348569442e-03 4.334934160453272553e-03 1.160755755911458548e-02
6.128679078901077236e-03 1.837724901308381877e-03 -1.913310870278446410e-03 -1.584943299727090051e-03 -2.715428862748153500e-03 2.141746629578134345e-02 1.411840625734758596e-02 9.379988112664340225e-03 4.875942595256635079e-03 1.306100198852266567e-02
6.806271452378962437e-03 2.042382222440021402e-03 -2.125896921717557262e-03 -1.760966439071481090e-03 -3.015632287322293423e-03 2.380286227762034787e-02 1.568701718200197007e-02 1.042108487948748517e-02 5.416759831998824160e-03 1.451500376438346999e-02
