0.000000000000000000e+00 0.000000000000000000e+00 0.000000000000000000e+00 0.000000000000000000e+00 0.000000000000000000e+00 0.000000000000000000e+00 0.000000000000000000e+00 0.000000000000000000e+00 0.000000000000000000e+00 0.000000000000000000e+00
7.628994002351518122e-04 1.093946944836920229e-03 -6.169036362480862521e-04 -3.704953365804059982e-05 -1.202893172328607348e-03 1.047335931326390723e-03 7.392844946477859606e-03 7.246890480368146925e-03 5.618128502898036593e-03 2.657582050953749813e-03
1.524232518362135481e-03 2.190673458230506677e-03 -1.235898050916863422e-03 -7.273615782678755776e-05 -2.406271765026286435e-03 2.093352983718966675e-03 1.478681194469999224e-02 1.449459016366341085e-02 1.123671261837082269e-02 5.314096088698510266e-03
2.283988670177719560e-03 3.290195783897455293e-03 -1.856998775432426065e-03 -1.070498383483262095e-04 -3.610135837492972101e-03 3.138046705057703865e-03 2.218190329752520867e-02 2.174310433151698668e-02 1.685575263819584155e-02 7.969538713912562716e-03
3.042157044108790166e-03 4.392530346707327303e-03 -2.480221540827212776e-03 -1.399804057405278166e-04 -4.814485441475431157e-03 4.181412574245191131e-03 2.957812133784110814e-02 2.899243832680336794e-02 2.247524882973073179e-02 1.062390650456898275e-02
3.798726701314404652e-03 5.497693754973964966e-03 -3.105582278279064249e-03 -1.715175541314778365e-04 -6.019320621140686507e-03 5.223446001487262215e-03 3.697546844393923005e-02 3.624259755853030673e-02 2.809520143764075717e-02 1.327719601849485821e-02
4.553686573768978008e-03 6.605702801820188992e-03 -3.733097121677873831e-03 -2.016508382352126278e-04 -7.224641412983148075e-03 6.264142326975055859e-03 4.437394704024233416e-02 4.349358750334839790e-02 3.371561068311767356e-02 1.592940379322940400e-02
5.307025462324358421e-03 7.716574466443769376e-03 -4.362782410160373492e-03 -2.303696702383333829e-04 -8.430447845729186970e-03 7.303496819539603314e-03 5.177355959803302959e-02 5.074541370712066374e-02 3.933647676306793739e-02 1.858052634588434199e-02
6.058732034749036814e-03 8.830325915271041229e-03 -4.994654690608541121e-03 -2.576633165915624170e-04 -9.636739940241757785e-03 8.341504675278029260e-03 5.917430863618321213e-02 5.799808178655204566e-02 4.495779984926834977e-02 2.123056017300560538e-02
6.808794823749292693e-03 9.946974502987674868e-03 -5.628730720101571446e-03 -2.835208947054414577e-04 -1.084351770942347873e-02 9.378161016151487575e-03 6.657619672187936599e-02 6.525159743088351783e-02 5.057958008748704437e-02 2.387950175043104112e-02
7.557202224968604352e-03 1.106653777343711946e-02 -6.265027468316585434e-03 -3.079313695462338948e-04 -1.205078115811846623e-02 1.041346088854977481e-02 7.397922647135020402e-02 7.250596640365102041e-02 5.620181759657030124e-02 2.652734753315551947e-02
