0.000000000000000000e+00 0.000000000000000000e+00 0.000000000000000000e+00 0.000000000000000000e+00 0.000000000000000000e+00 0.000000000000000000e+00
3.109040138369935390e-04 1.030601739568270443e-04 -9.179139260214518124e-04 8.196035736724293502e-04 1.183854482798832840e-03 3.234657387710934695e-03
6.209188789625895953e-04 2.062006224238661077e-04 -1.835353739014545594e-03 1.636272036122367497e-03 2.367565880485126509e-03 6.474022348127946892e-03
9.300430324623915794e-04 3.094213829611005932e-04 -2.752316736423260357e-03 2.449995248574018090e-03 3.551133688585761047e-03 9.718108884456436516e-03
1.238274902710031220e-03 4.127224930377510577e-04 -3.668800197936035890e-03 3.260763039467802146e-03 4.734557399006589402e-03 1.296693105669825818e-02
1.545612909479868614e-03 5.161039899927319591e-04 -4.584801385419732915e-03 4.068565204698848699e-03 5.917836500044852850e-03 1.622050298180578026e-02
1.852055463880550095e-03 6.195659110339158228e-04 -5.500317542794220388e-03 4.873391507492438185e-03 7.100970476363144095e-03 1.947883883397699342e-02
2.157600968287919432e-03 7.231082932355997316e-04 -6.415345895907238402e-03 5.675231678274392580e-03 8.283958808967799986e-03 2.274195284494963040e-02
2.462247816278581494e-03 8.267311735370652887e-04 -7.329883652407086399e-03 6.474075414544061546e-03 9.466800975180046998e-03 2.600985930430044224e-02
2.765994392561848831e-03 9.304345887403138275e-04 -8.243928001614943615e-03 7.269912380748472583e-03 1.064949644861622538e-02 2.928257255974352907e-02
3.068839072911230294e-03 1.034218575508481525e-03 -9.157476114396002551e-03 8.062732208150218821e-03 1.183204469915694404e-02 3.256010701743174141e-02
