0.000000000000000000e+00 0.000000000000000000e+00 0.000000000000000000e+00 0.000000000000000000e+00 0.000000000000000000e+00 0.000000000000000000e+00 0.000000000000000000e+00 0.000000000000000000e+00 0.000000000000000000e+00 0.000000000000000000e+00
4.752914139031100553e-04 3.325612711775585879e-04 -5.210391392661969191e-06 -3.342540870549469932e-04 -4.469593620776831852e-04 1.214527172792111316e-03 1.270361564873139599e-03 1.756491094863598529e-03 1.259314888406774672e-03 1.054225326872493696e-03
9.503279468342949385e-04 6.651087025605470406e-04 -1.041842873049054462e-05 -6.684767329232521333e-04 -8.936999353987186293e-04 2.429038233564724102e-03 2.540713967266232387e-03 3.513108893396219446e-03 2.518623597501126483e-03 2.108330141642671823e-03
1.425109616875531050e-03 9.976422890435258494e-04 -1.562410925351763501e-05 -1.002667919170353601e-03 -1.340221767472135703e-03 3.643533022415405050e-03 3.811057210280774637e-03 5.269853444740306772e-03 3.777926120591162517e-03 3.162314252985454471e-03
1.899636442196775410e-03 1.330162025554932920e-03 -2.082743019466507661e-05 -1.336827627384110876e-03 -1.786524905897199974e-03 4.858011379471382021e-03 5.081391296999196276e-03 7.026724797989104300e-03 5.037222450947225795e-03 4.216177469630316178e-03
2.373908441058896097e-03 1.662667907058799216e-03 -2.602838877927484838e-05 -1.670955839176724430e-03 -2.232609398365415290e-03 6.072473144897666888e-03 6.351716230491270473e-03 8.783723002207229416e-03 6.296512581811117282e-03 5.269919600367551325e-03
2.847925631813266918e-03 1.995159928554647057e-03 -3.122698222565061573e-05 -2.005052536184737024e-03 -2.678475292660889052e-03 7.286918158898090733e-03 7.622032013816809615e-03 1.054084810642878442e-02 7.555796506395326753e-03 6.323540454049793313e-03
3.321688032901371889e-03 2.327638085077666195e-03 -3.642320774431788281e-05 -2.339117700068439349e-03 -3.124122636659777859e-03 8.501346261714949962e-03 8.892338650022672472e-03 1.229810015965804651e-02 8.815074217883640817e-03 7.377039839590987177e-03
3.795195662855079324e-03 2.660102371698475944e-03 -4.161706253864290932e-05 -2.673151312512822390e-03 -3.569551478329923214e-03 9.715757293628401320e-03 1.016263614214589148e-02 1.405547921086908007e-02 1.007434570943012767e-02 8.430417565967653765e-03
4.268448540296102336e-03 2.992552783523439591e-03 -4.680854380450152744e-05 -3.007153355226669950e-03 -4.014761865731492942e-03 1.093015109495822437e-02 1.143292449321103681e-02 1.581298530900675584e-02 1.133361097415982142e-02 9.483673442218072680e-03
4.741446683936393486e-03 3.324989315694669174e-03 -5.199764873026977021e-05 -3.341123809942806496e-03 -4.459753847016143316e-03 1.214452750606159065e-02 1.270320370623275776e-02 1.757061850298459113e-02 1.259287000516818786e-02 1.053680727744186335e-02
