0.000000000000000000e+00 0.000000000000000000e+00 0.000000000000000000e+00 0.000000000000000000e+00
3.068655957354805017e-04 -4.552253884739280673e-04 8.184536126930418284e-04 1.537301052617890762e-03
6.135509313721040393e-04 -9.101975002312937381e-04 1.636630549312620376e-03 3.075167948066198642e-03
9.200559851556937025e-04 -1.364916122093741239e-03 2.454530257894287429e-03 4.613601153385288138e-03
1.226380735293706135e-03 -1.819381040610852911e-03 3.272152185658515865e-03 6.152601136646384909e-03
1.532525159956782054e-03 -2.273592042060389520e-03 4.089495779012942110e-03 7.692168366960047514e-03
1.838489237277251024e-03 -2.727548912447792014e-03 4.906560483548265579e-03 9.232303314482367962e-03
2.144272945349484909e-03 -3.181251437504795370e-03 5.723345744037738880e-03 1.077300645041864152e-02
2.449876262228837739e-03 -3.634699402689406909e-03 6.539851004433422550e-03 1.231427824702780588e-02
2.755299165930808272e-03 -4.087892593184865031e-03 7.356075707863198726e-03 1.385611917762753602e-02
3.060541634430672883e-03 -4.540830793899279690e-03 8.172019296629709495e-03 1.539852971659885078e-02
