0.000000000000000000e+00 0.000000000000000000e+00 0.000000000000000000e+00 0.000000000000000000e+00
5.485356423018029502e-04 -3.616340694629753029e-04 1.882861336361455178e-03 1.144589759787424709e-03
1.097502982813752456e-03 -7.222243146932138050e-04 3.769744753012675004e-03 2.285962667638909325e-03
1.646909140931498462e-03 -1.081762124949527939e-03 5.660692230533919365e-03 3.424077785655335691e-03
2.196761334968222630e-03 -1.440238760794655508e-03 7.555746369714583938e-03 4.558893578506302384e-03
2.747066883919871156e-03 -1.797645351915691525e-03 9.454950402834911422e-03 5.690367903243185969e-03
3.297833209189618333e-03 -2.153972894613281550e-03 1.135834820534727813e-02 6.818457998251799788e-03
3.849067836348301665e-03 -2.509212249232361993e-03 1.326598430781750215e-02 7.943120471963440246e-03
4.400778396930368937e-03 -2.863354137533767173e-03 1.517790390813614221e-02 9.064311291318594491e-03
4.952972630267184727e-03 -3.216389140005079632e-03 1.709415288399636704e-02 1.018198576997501013e-02
5.505658385357999063e-03 -3.568307693107192462e-03 1.901477780565779749e-02 1.129609855626178237e-02
