0.000000000000000000e+00 0.000000000000000000e+00 0.000000000000000000e+00 0.000000000000000000e+00 0.000000000000000000e+00 0.000000000000000000e+00
2.692157170730735682e-03 1.961853182023355537e-04 -2.888342488933060177e-03 6.330081925977247559e-03 1.149328340711794696e-02 5.647056288715000816e-03
5.386812393263305104e-03 3.930737551069423286e-04 -5.779886148370117112e-03 1.265804443742486393e-02 2.299018671381369838e-02 1.129261209238154387e-02
8.083971791644379082e-03 5.906721101513261966e-04 -8.674643901795418832e-03 1.898388086287023171e-02 3.449071759791335484e-02 1.693666640464638190e-02
1.078364147674476699e-02 7.889873328347568257e-04 -1.157262880957908927e-02 2.530758448560761070e-02 4.599488373953129067e-02 2.257921826210134569e-02
1.348582754292491047e-02 9.880265282187113141e-04 -1.447385407114305800e-02 3.162914854185165658e-02 5.750269282162293744e-02 2.822026674557569226e-02
1.619053606452984864e-02 1.187796962656618993e-03 -1.737833302718596110e-02 3.794856621880372816e-02 6.901415253062791189e-02 3.385981098142854667e-02
1.889777309221467652e-02 1.388306069753868222e-03 -2.028607916196784045e-02 4.426583065262026939e-02 8.052927055720743299e-02 3.949785014284277335e-02
2.160754464909897532e-02 1.589561456557695047e-03 -2.319710610565588194e-02 5.058093492628272514e-02 9.204805459707771087e-02 4.513438345111982219e-02
2.431985672675266927e-02 1.791570909977837148e-03 -2.611142763672971712e-02 5.689387206736925412e-02 1.035705123519464060e-01 5.076941017697514380e-02
2.703471528101561092e-02 1.994342403432678400e-03 -2.902905768444729445e-02 6.320463504571399715e-02 1.150966515305504728e-01 5.640292964183583890e-02
