0.000000000000000000e+00 0.000000000000000000e+00 0.000000000000000000e+00 0.000000000000000000e+00 0.000000000000000000e+00 0.000000000000000000e+00 0.000000000000000000e+00 0.000000000000000000e+00
2.066136194231239700e-03 1.619224179954649543e-04 -1.555171315075128905e-03 -6.728872971514648351e-04 4.851120113030794358e-03 7.009146877381716711e-03 8.108836775262428381e-03 2.481394945776998432e-03
4.133736965116250640e-03 3.215920085057910084e-04 -3.114105636991839742e-03 -1.341223336629926519e-03 9.698459401232274388e-03 1.402340458474044850e-02 1.621925893308965097e-02 4.959874503841672777e-03
6.202785240828099372e-03 4.789718995872344759e-04 -4.676803602092617293e-03 -2.004953538322573007e-03 1.454198232186028686e-02 2.104282587713403319e-02 2.433127147101288301e-02 7.435416464349219046e-03
8.273263467279830599e-03 6.340245179186866295e-04 -6.243265411637312357e-03 -2.664022573561004512e-03 1.938165285405910737e-02 2.806746425639434356e-02 3.244487938871106619e-02 9.907998346643919624e-03
1.034515359510975938e-02 7.867115728809751310e-04 -7.813490816144902720e-03 -3.318374351845536450e-03 2.421743448812471722e-02 3.509737398885098142e-02 4.056008768592909985e-02 1.237759739435544126e-02
1.241843706639118514e-02 9.369940403016448552e-04 -9.387479099523450901e-03 -3.967952007168835254e-03 2.904929021450084262e-02 4.213261012341420336e-02 4.867690136043877069e-02 1.484419057035810466e-02
1.449309480107604381e-02 1.084832145873742756e-03 -1.096522906303197889e-02 -4.612697883917315014e-03 3.387718251250255996e-02 4.917322851001745820e-02 5.679532540605290725e-02 1.730775455159121526e-02
1.656910718318575435e-02 1.230185348258048227e-03 -1.254673900911960904e-02 -5.252553522323652295e-03 3.870107333876027927e-02 5.621928581841313666e-02 6.491536481071305542e-02 1.976826572372984009e-02
1.864645404676287463e-02 1.373012321880340801e-03 -1.413200672520108052e-02 -5.887459643441516483e-03 4.352092411537982625e-02 6.327083955732447362e-02 7.303702455466359877e-02 2.222570017570051071e-02
2.072511466160256721e-02 1.513270939442107159e-03 -1.572102946743127519e-02 -6.517356133612702690e-03 4.833669571781108038e-02 7.032794809394790625e-02 8.116030960873063527e-02 2.468003369403106231e-02
