0.000000000000000000e+00 0.000000000000000000e+00 0.000000000000000000e+00 0.000000000000000000e+00 0.000000000000000000e+00 0.000000000000000000e+00 0.000000000000000000e+00 0.000000000000000000e+00
6.364659616136913566e-04 7.343074344730333308e-05 -1.148677204248539651e-04 -4.839131999589708628e-04 2.175680633681024035e-03 1.250566447274125770e-03 1.083476098549983162e-03 1.568428467132454212e-03
1.272576080754220023e-03 1.467896477661200471e-04 -2.297117184509178548e-04 -9.673052883706437797e-04 4.352921859137120000e-03 2.501238221676659480e-03 2.166673537749174219e-03 3.136387721740902315e-03
1.908330077836241324e-03 2.200765952538511860e-04 -3.445319863163171653e-04 -1.450175781526527033e-03 6.531727610448433315e-03 3.752015964126604979e-03 3.249591630762256687e-03 4.703874077866536385e-03
2.543727672658725562e-03 2.932914675272929703e-04 -4.593285161970405740e-04 -1.932524194085398928e-03 8.712101841133992192e-03 5.002900318763377902e-03 4.332229687153650761e-03 6.270883830908697415e-03
3.178768584434056056e-03 3.664341455143721536e-04 -5.741013002121931426e-04 -2.414350039047272363e-03 1.089404852439021174e-02 6.253891932995577635e-03 5.414587012853301108e-03 7.837413257435201300e-03
3.813452531783452937e-03 4.395045094486208881e-04 -6.888503304237233961e-04 -2.895652827739618029e-03 1.307757165322503273e-02 7.504991457525225958e-03 6.496662910131800056e-03 9.403458615060891063e-03
4.447779232732814586e-03 5.125024388642234656e-04 -8.035755988357170740e-04 -3.376432069802814528e-03 1.526267524059364902e-02 8.756199546368959724e-03 7.578456677574228403e-03 1.096901614232103153e-02
5.081748404708159861e-03 5.854278125907648759e-04 -9.182770973943534367e-04 -3.856687273175979369e-03 1.744936331953563652e-02 1.000751685688150427e-02 8.659967610054159284e-03 1.253408205854613169e-02
5.715359764532195949e-03 6.582805087472705678e-04 -1.032954817987216797e-03 -4.336417944082068994e-03 1.963763994331210391e-02 1.125894404977647624e-02 9.741194998708716316e-03 1.409865256373759798e-02
6.348613028418941158e-03 7.310604047379645623e-04 -1.147608752443760993e-03 -4.815623587013140132e-03 2.182750918554581324e-02 1.251048178915068962e-02 1.082213813091024296e-02 1.566272383843632029e-02
