0.000000000000000000e+00 0.000000000000000000e+00 0.000000000000000000e+00 0.000000000000000000e+00 0.000000000000000000e+00 0.000000000000000000e+00 0.000000000000000000e+00 0.000000000000000000e+00 0.000000000000000000e+00 0.000000000000000000e+00
2.398413907767643508e-04 1.760273341002600313e-04 1.216788831792782959e-04 -1.235619581180345686e-04 -7.434395758058315448e-04 6.743713852338564232e-04 5.586513482009739830e-04 9.870682494657371468e-04 1.381378222714666750e-03 2.553330004530150917e-03
4.794658675388616489e-04 3.519509859081100512e-04 2.433317524789680841e-04 -2.470845411497969647e-04 -1.486263319770539295e-03 1.348337754517711998e-03 1.117099682168181838e-03 1.973998497804002258e-03 2.762818230324278097e-03 5.108286129928098739e-03
7.188734490630064797e-04 5.277708439420594625e-04 3.649585172463893539e-04 -3.705677557341981805e-04 -2.228470127773424410e-03 2.021898699117333741e-03 1.675344909083842978e-03 2.960790568172379841e-03 4.144320016058722876e-03 7.664869968645326645e-03
9.580641540575075355e-04 7.034867965700100602e-04 4.865590866346633796e-04 -4.940116085062517181e-04 -2.970058893426264206e-03 2.695053809929112698e-03 2.233386936013570870e-03 3.947444283422549792e-03 5.525883573073814628e-03 1.022308311525434513e-02
1.197038001162960882e-03 8.790987320068803816e-04 6.081333696018809609e-04 -6.174161060941037431e-04 -3.711028508071310614e-03 3.367802677474049551e-03 2.791225669905891653e-03 4.933959466101382231e-03 6.907508894459876529e-03 1.278292716650276592e-02
1.435795008951647710e-03 1.054606538314795117e-03 7.296812749100112412e-04 -7.407812551194291979e-04 -4.451377860773944595e-03 4.040144891897202648e-03 3.348861017593338530e-03 5.920335938451573056e-03 8.289195973241679158e-03 1.534440372132040570e-02
1.674335195927044440e-03 1.230010103402210970e-03 8.512027111247547984e-04 -8.641070621968868814e-04 -5.191105838315629266e-03 4.712080042965328779e-03 3.906292885790909816e-03 6.906573522410183741e-03 9.670944802377394456e-03 1.790751438082352140e-02
1.912658580522650156e-03 1.405309315023265272e-03 9.726975866147645911e-04 -9.873935339342731349e-04 -5.930211325186908120e-03 5.383607720066160666e-03 4.463521181095654773e-03 7.892672039607102202e-03 1.105275537475929395e-02 2.047226074832170228e-02
2.150765181102258419e-03 1.580504060777661920e-03 1.094165809550419997e-03 -1.110640676932346527e-03 -6.668693203580542024e-03 6.054727512205354718e-03 5.020545809986710906e-03 8.878631311365984755e-03 1.243462768321351199e-02 2.303864442932433351e-02
2.388655015958816678e-03 1.755594228109682913e-03 1.215607287903894143e-03 -1.233848497784574040e-03 -7.406550353383392453e-03 6.725439008005870863e-03 5.577366678824071874e-03 9.864451158701763311e-03 1.381656172049895194e-02 2.560666703154561991e-02
