0.000000000000000000e+00 0.000000000000000000e+00 0.000000000000000000e+00 0.000000000000000000e+00 0.000000000000000000e+00 0.000000000000000000e+00 0.000000000000000000e+00 0.000000000000000000e+00
2.113143436323351200e-03 1.177076583551454409e-04 -6.402325669650638920e-04 -1.590618532944783380e-03 5.849765697011493487e-03 7.414085291261496638e-03 6.223454739800991960e-03 3.828589436761082026e-03
4.229985389619807246e-03 2.319655798093468485e-04 -1.283427935670488533e-03 -3.178523039155694684e-03 1.171198711383548974e-02 1.483430551730653690e-02 1.243970719738614165e-02 7.645790491914724631e-03
6.350571995263807300e-03 3.427237163872860998e-04 -1.929630205025600767e-03 -4.763665512193837083e-03 1.758684021065000727e-02 2.226075548703634194e-02 1.864865999930471682e-02 1.145142977904961730e-02
8.474950244663203083e-03 4.499310291277836124e-04 -2.578884279380404699e-03 -6.345997000156776424e-03 2.347450435363404586e-02 2.969353182315568468e-02 2.485021388889812818e-02 1.524533056594192144e-02
1.060316800502357666e-02 5.535354647359399085e-04 -3.231235888551097554e-03 -7.925467587139462325e-03 2.937516238578650671e-02 3.713273300387301412e-02 3.104426769185730448e-02 1.902731270568987568e-02
1.273527403988074930e-02 6.534839304105756821e-04 -3.886731606761150912e-03 -9.502026369653316859e-03 3.528900071181343551e-02 4.457845940738291296e-02 3.723071826937111861e-02 2.279719255420677507e-02
1.487131803021454930e-02 7.497222679201643279e-04 -4.545418872103690333e-03 -1.107562143235317834e-02 4.121620938550107915e-02 5.203081335762146931e-02 4.340946046989755530e-02 2.655478288531044201e-02
1.701135059615954334e-02 8.421952269025605523e-04 -5.207346006542956998e-03 -1.264619982304774834e-02 4.715698219968288835e-02 5.948989917135486666e-02 4.958038707950443436e-02 3.029989280333382842e-02
1.915542331933592010e-02 9.308464373592618014e-04 -5.872562236471706373e-03 -1.421370752696680083e-02 5.311151677886795375e-02 6.695582320663456821e-02 5.574338877074164200e-02 3.403232765316403091e-02
2.130358876581983640e-02 1.015618381317875962e-03 -6.541117713842776495e-03 -1.577808944026101723e-02 5.908001467464809447e-02 7.442869391267334378e-02 6.189835404997848928e-02 3.775188892762942200e-02
