0.000000000000000000e+00 0.000000000000000000e+00 0.000000000000000000e+00 0.000000000000000000e+00 0.000000000000000000e+00 0.000000000000000000e+00
2.455132297826140113e-03 1.663337411988861296e-04 -2.621466039025013937e-03 6.201084064277009866e-03 9.534542992817396020e-03 6.987745113837593065e-03
4.911530317160905067e-03 3.333418522763460876e-04 -5.244872169437369766e-03 1.240168096504490683e-02 1.906800062799169498e-02 1.397706274882723476e-02
7.369194839857793472e-03 5.010282054874548932e-04 -7.870223045345382806e-03 1.860178955749440532e-02 2.860036802293664318e-02 2.096795893236418420e-02
9.828126614669821515e-03 6.693967036526826155e-04 -1.049752331832261472e-02 2.480140863354331898e-02 3.813164036798750295e-02 2.796043968219646958e-02
1.228832635649344633e-02 8.384512794936778077e-04 -1.312677763598725164e-02 3.100053691955845236e-02 4.766181293039595257e-02 3.495451100470484823e-02
1.474979474562874981e-02 1.008195894918825601e-03 -1.575799064054767343e-02 3.719917307401389428e-02 5.719088105845294284e-02 4.195017889312393361e-02
1.721253242705586550e-02 1.178634540259936199e-03 -1.839116696731602635e-02 4.339731568507358000e-02 6.671884018574476827e-02 4.894744932570392615e-02
1.967654000973202699e-02 1.349771233458607091e-03 -2.102631124319069914e-02 4.959496326810251127e-02 7.624568583554412748e-02 5.594632826380773610e-02
2.214181806590528878e-02 1.521610019202579260e-03 -2.366342808510806320e-02 5.579211426309874100e-02 8.577141362534482227e-02 6.294682164994232221e-02
2.460836713045173874e-02 1.694154968012615177e-03 -2.630252209846462713e-02 6.198876703204972416e-02 9.529601927154708607e-02 6.994893540572126589e-02
