0.000000000000000000e+00 0.000000000000000000e+00 0.000000000000000000e+00 0.000000000000000000e+00
5.090314543273932648e-04 -5.360941536380309886e-04 1.686068485305752167e-03 1.794107914008609113e-03
1.017665755436077905e-03 -1.071859121522709957e-03 3.372366452132743476e-03 3.588943070303549261e-03
1.525902603871783728e-03 -1.607294765863565272e-03 5.058892856099851329e-03 5.384506634752991329e-03
2.033741699766250088e-03 -2.142400948953589353e-03 6.745646647035998672e-03 7.180799778706377888e-03
2.541182742828246733e-03 -2.677177533179575346e-03 8.432626768925565938e-03 8.977823679069383417e-03
3.048225432342486791e-03 -3.211624381022256877e-03 1.011983215987319329e-02 1.077557951833875080e-02
3.554869467167169964e-03 -3.745741355057372740e-03 1.180726175206817455e-02 1.257406848463755653e-02
4.061114545731860960e-03 -4.279528317955771412e-03 1.349491447174804709e-02 1.437329177175249856e-02
4.566960366035065222e-03 -4.812985132484211628e-03 1.518278923916210194e-02 1.617325057916771391e-02
5.072406625642326798e-03 -5.346111661505304272e-03 1.687088496853598671e-02 1.797394611210358789e-02
