0.000000000000000000e+00 0.000000000000000000e+00 0.000000000000000000e+00 0.000000000000000000e+00 0.000000000000000000e+00 0.000000000000000000e+00 0.000000000000000000e+00 0.000000000000000000e+00 0.000000000000000000e+00 0.000000000000000000e+00
1.545722768105504356e-03 3.770407605072827271e-04 -9.133722334820601517e-05 -4.963920734213699091e-04 -1.335034227249316720e-03 4.324643435271149396e-03 5.304760841129164961e-03 5.072658798819330850e-03 4.700946652109336266e-03 3.541780377384870764e-03
3.091891314531409855e-03 7.535016676594922082e-04 -1.828938613992435458e-04 -9.927084348028264709e-04 -2.669790681346762007e-03 8.651123382865447825e-03 1.061000042714586172e-02 1.014479947655326508e-02 9.400807171232074266e-03 7.082849744710830765e-03
4.638507239807675500e-03 1.129380615443093981e-03 -2.746703305610554953e-04 -1.488949773434918803e-03 -4.004267746564395096e-03 1.297944554374687656e-02 1.591572111514700724e-02 1.521642157706517770e-02 1.409957861147504918e-02 1.062320345286384658e-02
6.185572146260731249e-03 1.504675479649825740e-03 -3.666670467063729184e-04 -1.985116780485062741e-03 -5.338463793979918159e-03 1.730961563827564109e-02 2.122192527921471991e-02 2.028752465573758698e-02 1.879725800880746589e-02 1.416283681605035039e-02
7.733087641273478363e-03 1.879384120120339242e-03 -4.588844268717483504e-04 -2.481210146662072430e-03 -6.672377183072037733e-03 2.164163941156547338e-02 2.652861530956038272e-02 2.535810827854168004e-02 2.349384238182878129e-02 1.770174511437445572e-02
9.281055337259883076e-03 2.253504380609193825e-03 -5.513228893172341435e-04 -2.977230562070901955e-03 -8.006006261643452970e-03 2.597552263361798189e-02 3.183579361267073471e-02 3.042817202227162537e-02 2.818932873156334076e-02 2.123992359352802964e-02
1.082947685163938162e-02 2.627034088647478127e-03 -6.439828535889978531e-04 -3.473178716066867636e-03 -9.339349365744088055e-03 3.031127109945777262e-02 3.714346261146261874e-02 3.549771547478501599e-02 3.288371404125146197e-02 2.477736746447313509e-02
1.237835380681082120e-02 2.999971055406155506e-03 -7.368647405822910737e-04 -3.969055297103533594e-03 -1.067240481959448942e-02 3.464889062926723023e-02 4.245162474543132114e-02 4.056673823524213629e-02 3.757699527613702489e-02 2.831407190312660790e-02
1.392768783012575222e-02 3.372313075558756347e-03 -8.299689726071284544e-04 -4.464860992580511022e-03 -1.200517093551008337e-02 3.898838706852392200e-02 4.776028247081074568e-02 4.563523991435141508e-02 4.226916938325207818e-02 3.185003205003811289e-02
1.547748055386181237e-02 3.744057927143659877e-03 -9.232959734551751674e-04 -4.960596488687588936e-03 -1.333764601382547016e-02 4.332976628813615255e-02 5.306943826072661741e-02 5.070322013461384114e-02 4.696023329120106726e-02 3.538524301006713835e-02
