0.000000000000000000e+00 0.000000000000000000e+00 0.000000000000000000e+00 0.000000000000000000e+00 0.000000000000000000e+00 0.000000000000000000e+00 0.000000000000000000e+00 0.000000000000000000e+00 0.000000000000000000e+00 0.000000000000000000e+00
1.306020457730156696e-03 6.460588784626496552e-04 1.874131044270659421e-04 -3.991841089820642231e-04 -1.740308323531504844e-03 3.228333752566914499e-03 4.599412113565486647e-03 5.350463540576926719e-03 5.880514075425100073e-03 4.837044495359690312e-03
2.609469724876082013e-03 1.293443138616115137e-03 3.770395796759698969e-04 -7.965390744795863148e-04 -3.483413360442136515e-03 6.447364895561636701e-03 9.190941915211641930e-03 1.070046678004436813e-02 1.176814844820076207e-02 9.684613911546938528e-03
3.910307545728673208e-03 1.942173740864244682e-03 5.689115269997140111e-04 -1.192039141095291906e-03 -5.229353664107373213e-03 9.656948785087443241e-03 1.377447937478427052e-02 1.605000845347933497e-02 1.766301176575087867e-02 1.454285554453418200e-02
5.208492892890510123e-03 2.592272008538763078e-03 7.630616542495373498e-04 -1.585658037578258203e-03 -6.978168509563830238e-03 1.285693801867621514e-02 1.834991236128268033e-02 2.139908726550085807e-02 2.356521475245972400e-02 1.941191949878628281e-02
6.503983951050971990e-03 3.243759637127490662e-03 9.595232907629216556e-04 -1.977368961201272403e-03 -8.729897909053797866e-03 1.604718237579044054e-02 2.291712659927100035e-02 2.674770189023489494e-02 2.947487025328094506e-02 2.429195875119738446e-02
7.796738098055325250e-03 3.896658702356319264e-03 1.158330402132265371e-03 -2.367144564453889724e-03 -1.048458262925015122e-02 1.922752875076941259e-02 2.747600561741331271e-02 3.209585097021713795e-02 3.539209328441592778e-02 2.918312922002599952e-02
9.086711885419544027e-03 4.550991668483492410e-03 1.359517605396058561e-03 -2.754956941337785310e-03 -1.224226420896485854e-02 2.239782108385909160e-02 3.202643069552244676e-02 3.744353311525477901e-02 4.131700108545106193e-02 3.408558983582065521e-02
1.037386101828022267e-02 5.206781396813206161e-03 1.563120184664718720e-03 -3.140777613248882643e-03 -1.400298497735225425e-02 2.555790029025556062e-02 3.656828081007530012e-02 4.279074690123499392e-02 4.724971317300397100e-02 3.899950261440340848e-02
1.165814033475148781e-02 5.864051154435831643e-03 1.769174107199055716e-03 -3.524577514435382405e-03 -1.576678807262939588e-02 2.870760418710115863e-02 4.110143257813533152e-02 4.813749086889373974e-02 5.319035139592526856e-02 4.392503273198294922e-02
1.293950378467467049e-02 6.522824623201957037e-03 1.977716039951821821e-03 -3.906326977013418848e-03 -1.753371746132559653e-02 3.184676741835728436e-02 4.562576019963502511e-02 5.348376352252807997e-02 5.913903999211335416e-02 4.886234860246736061e-02
