0.000000000000000000e+00 0.000000000000000000e+00 0.000000000000000000e+00 0.000000000000000000e+00 0.000000000000000000e+00 0.000000000000000000e+00
4.427515042578231770e-04 9.602211327785542858e-06 -4.981618045197610352e-04 1.455500595623100950e-03 9.688340412231737607e-04 1.673704577350230592e-03
8.849944757404666108e-04 1.927427069333982596e-05 -9.962189306100392196e-04 2.910404016387521230e-03 1.937601848507051246e-03 3.348836167768145730e-03
1.326726510981721639e-03 2.901694273247464631e-05 -1.494173340811145913e-03 4.364698744896711342e-03 2.906303409968319113e-03 5.025406499513459732e-03
1.767945172482549661e-03 3.883100359738007889e-05 -1.992027029155829607e-03 5.818373089041486805e-03 3.874938713391610189e-03 6.703427477267241870e-03
2.208647987982395328e-03 4.871724120490407385e-05 -2.489782021865348353e-03 7.271415178356090137e-03 4.843507746227176773e-03 8.382911185876328053e-03
2.648832449786231967e-03 5.867645546040322360e-05 -2.987440377956837329e-03 8.723812960621310855e-03 5.812010495581925590e-03 1.006386989379978725e-02
3.088496014080034484e-03 6.870945848849336897e-05 -3.485004189864652525e-03 1.017555419839213764e-02 6.780446948211009579e-03 1.174631605663718249e-02
3.527636100227405161e-03 7.881707486720847602e-05 -3.982475584075909243e-03 1.162662646544206438e-02 7.748817090507127692e-03 1.343026232073694058e-02
3.966250090049082931e-03 8.900014187005672649e-05 -4.479856721780185042e-03 1.307701714312802313e-02 8.717120908491785350e-03 1.511572152688907267e-02
4.404335327090084726e-03 9.925950971097428064e-05 -4.977149799533757933e-03 1.452671341666969540e-02 9.685358387803740324e-03 1.680270671410222239e-02
