0.000000000000000000e+00 0.000000000000000000e+00 0.000000000000000000e+00 0.000000000000000000e+00 0.000000000000000000e+00 0.000000000000000000e+00 0.000000000000000000e+00 0.000000000000000000e+00 0.000000000000000000e+00 0.000000000000000000e+00
1.955736929778248770e-03 9.818583027074868474e-04 -4.859235066837939640e-04 -1.048008422250858206e-03 -1.403663303551020130e-03 4.016101245576224506e-03 7.263861664377384633e-03 7.588666047868881590e-03 5.324018975827138518e-03 3.198053087200287102e-03
3.911743711500730372e-03 1.964413057202626239e-03 -9.725029363665173981e-04 -2.096446294638437853e-03 -2.807207537698263450e-03 8.031107175004629714e-03 1.452862224077150662e-02 1.517849579329060700e-02 1.064755749951577790e-02 6.395619333117756426e-03
5.868019584083969918e-03 2.947665691422145153e-03 -1.459737682157607975e-03 -3.145315114646812533e-03 -4.210632478701570314e-03 1.204501569363570015e-02 2.179428269217200884e-02 2.276949033441101611e-02 1.597061626272225365e-02 9.592698079609099024e-03
7.824563767220613086e-03 3.931617591452289152e-03 -1.947627071681993192e-03 -4.194616382772935713e-03 -5.613937904217772105e-03 1.605782468145973071e-02 2.906084399340242569e-02 3.036165078013075905e-02 2.129319596570404885e-02 1.278928866270317467e-02
9.781375461248392050e-03 4.916270098841851732e-03 -2.436170364681062780e-03 -5.244351602047623087e-03 -7.017123593361362759e-03 2.006953199241602245e-02 3.632830713123638700e-02 3.795497825094158034e-02 2.661529731708031296e-02 1.598539041257578119e-02
1.173845384703263092e-02 5.901624507818040502e-03 -2.925366750553159978e-03 -6.294522277530935177e-03 -8.420189326766391522e-03 2.408013545369845632e-02 4.359667310449990424e-02 4.554947387979547263e-02 3.193692103358182488e-02 1.918100265352488953e-02
1.369579808586272353e-02 6.887682062401135480e-03 -3.415215345834487007e-03 -7.345129915782859856e-03 -9.823134886646284897e-03 2.808963286505055876e-02 5.086594292416726087e-02 5.314513881300372833e-02 3.725806783978467818e-02 2.237612470394390041e-02
1.565340731936343266e-02 7.874443953418786696e-03 -3.905715191620433204e-03 -8.396176024307540342e-03 -1.122596005685377180e-02 3.209802199805379674e-02 5.813611761344557316e-02 6.074197421116982187e-02 4.257873846783311739e-02 2.557075587629797919e-02
1.761128066942118167e-02 8.861911315416731022e-03 -4.396865250928552911e-03 -9.447662110968644764e-03 -1.262866462294031863e-02 3.610530059540708464e-02 6.540719820784778038e-02 6.833998125015201819e-02 4.789893365714775753e-02 2.876489547709557698e-02
1.956941723812631942e-02 9.850085223465915654e-03 -4.888664406003009021e-03 -1.049958968337666616e-02 -1.403124837221222942e-02 4.011146637019966793e-02 7.267918575525729452e-02 7.593916112205922886e-02 5.321865415412163625e-02 3.195854280686257626e-02
