0.000000000000000000e+00 0.000000000000000000e+00 0.000000000000000000e+00 0.000000000000000000e+00
6.670905139879010695e-03 -6.670905139879066206e-03 1.183814186915385820e-02 1.293604927987599545e-02
1.335668472123199835e-02 -1.335668472123199488e-02 2.367621689265899526e-02 2.587216540540114573e-02
2.005740310788680508e-02 -2.005740310788693692e-02 3.551423086190165501e-02 3.880834258518829627e-02
2.677312452252330471e-02 -2.677312452252329777e-02 4.735218968664731132e-02 5.174457490947263760e-02
3.350391296906236882e-02 -3.350391296906239658e-02 5.919009939647652818e-02 6.468085634867337674e-02
4.024983214711918417e-02 -4.024983214711921886e-02 7.102796614190182156e-02 7.761718075227813651e-02
4.701094535750778569e-02 -4.701094535750780651e-02 8.286579619516862283e-02 9.055354184804094431e-02
5.378731539761896774e-02 -5.378731539761903713e-02 9.470359595076614789e-02 1.034899332414735140e-01
6.057900444529228795e-02 -6.057900444529242673e-02 1.065413719256660674e-01 1.164263484156037032e-01
6.738607392956527664e-02 -6.738607392956541542e-02 1.183791307593365372e-01 1.293627807309631061e-01
