0.000000000000000000e+00 0.000000000000000000e+00 0.000000000000000000e+00 0.000000000000000000e+00 0.000000000000000000e+00 0.000000000000000000e+00 0.000000000000000000e+00 0.000000000000000000e+00
1.906907754596995352e-03 4.978343969653133269e-04 -3.227591740985781554e-04 -2.081982972898803637e-03 4.859969995880185183e-03 7.137048520538436143e-03 7.545892277527588808e-03 5.559996304536057171e-03
3.813168731650696652e-03 9.967546683476390373e-04 -6.441012836971996350e-04 -4.165822111606884773e-03 9.715828396027002128e-03 1.427085411371887755e-02 1.509382170584347427e-02 1.112530996784946713e-02
5.718762234360026675e-03 1.496781688603663002e-03 -9.640055276076918943e-04 -6.251538390528016235e-03 1.456749964282592208e-02 2.140137385472053178e-02 2.264382964180204974e-02 1.669601812903993149e-02
7.623667116336004836e-03 1.997936762696326737e-03 -1.282450664976433376e-03 -8.339153209089796015e-03 1.941490657653684865e-02 2.852856392017924167e-02 3.019595831567246924e-02 2.227219954094171797e-02
9.527861772863362166e-03 2.500241638419765239e-03 -1.599415003029793295e-03 -1.042868840314376336e-02 2.425797039344924563e-02 3.565237957002562186e-02 3.775025086033214489e-02 2.785393461445795360e-02
1.143132412884906475e-02 3.003718517830490566e-03 -1.914876385165709041e-03 -1.252016625625602605e-02 2.909661060226667248e-02 4.277277512307228746e-02 4.530675133512118702e-02 3.344130546273135079e-02
1.333403162639245146e-02 3.508390069035839231e-03 -2.228812178663176422e-03 -1.461360951135382870e-02 3.393074497909983472e-02 4.988970393181470231e-02 5.286550475046185998e-02 3.903439594673409341e-02
1.523596121195694431e-02 4.014279438352110624e-03 -2.541199261997162308e-03 -1.670904138274175582e-02 3.876028952100541575e-02 5.700311835642611624e-02 6.042655709326158475e-02 4.463329172232777253e-02
1.713708932313212988e-02 4.521410262845572577e-03 -2.852014011742626774e-03 -1.880648556850032793e-02 4.358515839802357822e-02 6.411296973790828191e-02 6.798995535313932803e-02 5.023808028885220350e-02
1.903739187496987159e-02 5.029806683271763335e-03 -3.161232289053091723e-03 -2.090596626328372620e-02 4.840526390365488402e-02 7.121920837036885277e-02 7.555574754949657967e-02 5.584885103929633499e-02
