0.000000000000000000e+00 0.000000000000000000e+00 0.000000000000000000e+00 0.000000000000000000e+00 0.000000000000000000e+00 0.000000000000000000e+00 0.000000000000000000e+00 0.000000000000000000e+00
2.682456236046788615e-03 -2.677352870011073631e-03 2.560603202171245294e-03 -2.565706568206874844e-03 6.462551081053793424e-03 5.652431465670771336e-03 6.281186301115185104e-03 6.271283402200829825e-03
5.372965235320439729e-03 -5.369330829018432311e-03 5.135308202694163424e-03 -5.138942608996244568e-03 1.292264336181231203e-02 1.130741820265493934e-02 1.256469233121464829e-02 1.254015060439971074e-02
8.071595089927129096e-03 -8.076089042772696680e-03 7.724263974748281532e-03 -7.719770021902648029e-03 1.938024052691371749e-02 1.696499728083077432e-02 1.885055014888744121e-02 1.880656879349023453e-02
1.077841489340252909e-02 -1.079778552608219762e-02 1.032762221810336160e-02 -1.030825158542361675e-02 2.583530553741164582e-02 2.262520650663761568e-02 2.513879241699402967e-02 2.507050453911959659e-02
1.349349476353626891e-02 -1.353458122182875714e-02 1.294553743568635160e-02 -1.290445097739378877e-02 3.228780060794919637e-02 2.828808444656692733e-02 3.142945242024183794e-02 3.133192377544583018e-02
1.621690586619147986e-02 -1.628664008311265371e-02 1.557816701309483985e-02 -1.550843279617361223e-02 3.873768718307079445e-02 3.395367045153815933e-02 3.772256408344757533e-02 3.759079178218800721e-02
1.894872044020653665e-02 -1.905412915870432350e-02 1.822567130119631673e-02 -1.812026258269847784e-02 4.518492591263989500e-02 3.962200468219174293e-02 4.401816199051781370e-02 4.384707316493530183e-02
2.168901182347702031e-02 -2.183721868199777622e-02 2.088821370196004487e-02 -2.074000684343919182e-02 5.162947662631317547e-02 4.529312813514356495e-02 5.031628140418853423e-02 5.010073183468061186e-02
2.443785448032703353e-02 -2.463608216367667997e-02 2.356596075767771262e-02 -2.336773307432790658e-02 5.807129830702787571e-02 5.096708267024314259e-02 5.661695828656380242e-02 5.635173098653176865e-02
2.719532403029312206e-02 -2.745089648832341189e-02 2.625908224373522254e-02 -2.600350978570487026e-02 6.451034906345351483e-02 5.664391103888811313e-02 6.292022932049752548e-02 6.260003307756817348e-02
