0.000000000000000000e+00 0.000000000000000000e+00 0.000000000000000000e+00 0.000000000000000000e+00 0.000000000000000000e+00 0.000000000000000000e+00 0.000000000000000000e+00 0.000000000000000000e+00
5.268157131541357108e-04 1.584656516244281306e-04 -1.675606978035797318e-04 -5.651251819209986453e-04 1.549426429518369020e-03 1.206728164539716715e-03 1.178282544698033537e-03 1.815663741926156274e-03
1.053287031908671859e-03 3.169263855017232434e-04 -3.351534982623612558e-04 -1.129867233571294361e-03 3.098927804871506701e-03 2.413493935183435961e-03 2.356527824440765410e-03 3.631922061748224257e-03
1.579413878738530940e-03 4.753821918021296764e-04 -5.027784538447178323e-04 -1.694225874884050997e-03 4.648503472502799917e-03 3.620297448569987329e-03 3.534735864720594829e-03 5.448775227966664962e-03
2.105196176399586061e-03 6.338330606679398434e-04 -6.704356170814047876e-04 -2.258200825483896220e-03 6.198152777574022707e-03 4.827138841503987067e-03 4.712906691047694108e-03 7.266223509325195340e-03
2.630633847932391245e-03 7.922789822129262197e-04 -8.381250405660843486e-04 -2.821791804688745468e-03 7.747875063976986457e-03 6.034018250960517492e-03 5.891040328957999894e-03 9.084267174827867497e-03
3.155726816662560250e-03 9.507199465224441251e-04 -1.005846776955400318e-03 -3.384998531508524866e-03 9.297669674333704920e-03 7.240935814086997893e-03 7.069136804011394090e-03 1.090290649373958781e-02
3.680475006201499276e-03 1.109155943653296035e-03 -1.173600878969212639e-03 -3.947820724644377811e-03 1.084753594999196026e-02 8.447891668201689200e-03 8.247196141791316576e-03 1.272214173558769944e-02
4.204878340447079817e-03 1.267586963633558815e-03 -1.341387399390449190e-03 -4.510258102487929230e-03 1.239747323102684609e-02 9.654885950794186641e-03 9.425218367906372866e-03 1.454197317016113489e-02
4.728936743584559801e-03 1.426012996462995390e-03 -1.509206391065442314e-03 -5.072310383120371378e-03 1.394748085623565871e-02 1.086191879952735223e-02 1.060320350798885265e-02 1.636240106751294526e-02
5.252650140086675100e-03 1.584434032112319764e-03 -1.677057906904110430e-03 -5.633977284311490231e-03 1.549755816313729342e-02 1.206899035223534845e-02 1.178115158769572207e-02 1.818342569795957514e-02
