0.000000000000000000e+00 0.000000000000000000e+00 0.000000000000000000e+00 0.000000000000000000e+00 0.000000000000000000e+00 0.000000000000000000e+00 0.000000000000000000e+00 0.000000000000000000e+00
1.953621235865670314e-03 4.828543304612955981e-04 -4.415399534191935451e-04 -1.994935614715967129e-03 5.066051954068999386e-03 7.164244124318944196e-03 7.262715639588732119e-03 5.123656423238055584e-03
3.907779785843383535e-03 9.656181266210281259e-04 -8.830057729246507895e-04 -3.990392141391257801e-03 1.013267922224824272e-02 1.432794607782339295e-02 1.452491848666621031e-02 1.024779244052462929e-02
5.862476852268150296e-03 1.448291490957831669e-03 -1.324399080655379052e-03 -5.986369264466048952e-03 1.519988362154347898e-02 2.149110440413877846e-02 2.178660736783306559e-02 1.537240891977602851e-02
7.817713639360951774e-03 1.930874535280633578e-03 -1.765721543915307803e-03 -7.982866632666571829e-03 2.026766697062526781e-02 2.865371761782661494e-02 2.904778111439720520e-02 2.049750669645226606e-02
9.773491356273165953e-03 2.413367382486487391e-03 -2.206974871603551488e-03 -9.979883869142067501e-03 2.533603109801775555e-02 3.581578421981903432e-02 3.630843857763762367e-02 2.562308658981757303e-02
1.172981121685039672e-02 2.895770166753978015e-03 -2.648160814630295609e-03 -1.197742057100643215e-02 3.040497784206272133e-02 4.297730269731724062e-02 4.356857862953715521e-02 3.074914940234600019e-02
1.368667443938706429e-02 3.378083033731278228e-03 -3.089281166308968912e-03 -1.397547630888905726e-02 3.547450905087658896e-02 5.013827152369792345e-02 5.082820016352462833e-02 3.587569591911460992e-02
1.564408224637215891e-02 3.860306140718453797e-03 -3.530337762722799994e-03 -1.597405062649586566e-02 4.054462658229764094e-02 5.729868915842915855e-02 5.808730209522789539e-02 4.100272690718810564e-02
1.760203586422566177e-02 4.342439656842386059e-03 -3.971332483063872917e-03 -1.797314304018177156e-02 4.561533230382775611e-02 6.445855404699638025e-02 6.534588336323202129e-02 4.613024311499482749e-02
1.956053652302560536e-02 4.824483763224320619e-03 -4.412267249941845965e-03 -1.997275303853607992e-02 5.068662809256231638e-02 7.161786462083932769e-02 7.260394292984520548e-02 5.125824527169148270e-02
