0.000000000000000000e+00 0.000000000000000000e+00 0.000000000000000000e+00 0.000000000000000000e+00 0.000000000000000000e+00 0.000000000000000000e+00 0.000000000000000000e+00 0.000000000000000000e+00
4.759487804563518527e-04 9.876349659160215213e-05 -4.468291974982898854e-05 -5.608391162530165872e-04 1.688764726421223671e-03 9.202802615189690149e-04 1.158963323589225344e-03 1.826487833725938884e-03
9.515623606111173367e-04 1.975010145124293087e-04 -8.931057659738996185e-05 -1.121280856767828231e-03 3.378097572784340835e-03 1.840388921339157187e-03 2.317922711455559868e-03 3.653438211472751374e-03
1.426840534135268099e-03 2.962125813231083192e-04 -1.338829449497970026e-04 -1.681324948543205453e-03 5.067998951132269940e-03 2.760325913796376346e-03 3.476878244388211144e-03 5.480850838536771054e-03
1.901783094466129569e-03 3.948982246866478401e-04 -1.783999991623373238e-04 -2.240971118560114005e-03 6.758469274288560202e-03 3.680091173211714854e-03 4.635830003323859055e-03 7.308725418789429641e-03
2.376389834808769440e-03 4.935579723700475900e-04 -2.228617135391320291e-04 -2.800219093781197710e-03 8.449508955875307398e-03 4.599684633894806154e-03 5.794778069353283094e-03 9.137061654679669992e-03
2.850660548135013593e-03 5.921918522444802237e-04 -2.672680623324486947e-04 -3.359068601152286580e-03 1.014111841031514229e-02 5.519106230145609353e-03 6.953722523719623946e-03 1.096585924723011279e-02
3.324595027182748741e-03 6.907998922851706341e-04 -3.116190197425870267e-04 -3.917519367601879007e-03 1.183329805283365142e-02 6.438355896254545178e-03 8.112663447821766641e-03 1.279511789603406634e-02
3.798193064455139632e-03 7.893821205724095178e-04 -3.559145599180265295e-04 -4.475571120042186497e-03 1.352604829946112315e-02 7.357433566501031877e-03 9.271600923210580533e-03 1.462483729924879058e-02
4.271454452220335880e-03 8.879385652915153205e-04 -4.001546569547531889e-04 -5.033223585369513142e-03 1.521936956703758524e-02 8.276339175154696914e-03 1.043053503159385720e-02 1.645501715359299136e-02
4.744378982509771074e-03 9.864692547329888435e-04 -4.443392848967268991e-04 -5.590476490464846293e-03 1.691326227321246836e-02 9.195072656475102024e-03 1.158946585483362247e-02 1.828565715434202904e-02
