0.000000000000000000e+00 0.000000000000000000e+00 0.000000000000000000e+00 0.000000000000000000e+00 0.000000000000000000e+00 0.000000000000000000e+00
2.117104534170954455e-04 -9.368136666979124977e-05 -8.029046914982755330e-04 4.106556753704594318e-04 3.850097067648864291e-04 2.109847199626106208e-03
4.233465121071292806e-04 -1.873613856669420507e-04 -1.605402122717059952e-03 8.212482350883722800e-04 7.699731111876168075e-04 4.219759478825110648e-03
6.349081793682556001e-04 -2.810400481651180861e-04 -2.407492202529929685e-03 1.231777671324972697e-03 1.154890223043512909e-03 6.329736541715151772e-03
8.463954585129112359e-04 -3.747173453307853946e-04 -3.209174839955103269e-03 1.642243976270617127e-03 1.539761052121844985e-03 8.439778092366821000e-03
1.057808352868543121e-03 -4.683932683239926901e-04 -4.010449944166565375e-03 2.052647142136442698e-03 1.924585608228988583e-03 1.054988383486822438e-02
1.269146865777408609e-03 -5.620678082978541835e-04 -4.811317424493480148e-03 2.462987161153745979e-03 2.309363901185725477e-03 1.266005347332545272e-02
1.480411000596649736e-03 -6.557409563987288015e-04 -5.611777190418832696e-03 2.873264025574280046e-03 2.694095940828748759e-03 1.477028671186387046e-02
1.691600760697859656e-03 -7.494127037663444362e-04 -6.411829151578358338e-03 3.283477727669959802e-03 3.078781737010473970e-03 1.688058325462948178e-02
1.902716149467555346e-03 -8.430830415339672429e-04 -7.211473217759484418e-03 3.693628259734014693e-03 3.463421299598661365e-03 1.899094280578872765e-02
2.113757170306751303e-03 -9.367519608279319641e-04 -8.010709298900488967e-03 4.103715614078890135e-03 3.848014638476298169e-03 2.110136506953131513e-02
