0.000000000000000000e+00 0.000000000000000000e+00 0.000000000000000000e+00 0.000000000000000000e+00 0.000000000000000000e+00 0.000000000000000000e+00
2.673010040326872887e-03 2.706973712718065660e-04 -2.943707411598587946e-03 6.357142129565077071e-03 1.062447043520151242e-02 7.862242121547733872e-03
5.347583154273100742e-03 5.421693968033990639e-04 -5.889752551076334573e-03 1.271373888878998826e-02 2.124803593784619152e-02 1.572593454599281043e-02
8.023722880980431460e-03 8.144184316727549628e-04 -8.838141312653069112e-03 1.906979381176210700e-02 3.187068749655559002e-02 2.359108275062511348e-02
1.070143276491393111e-02 1.087446817659775550e-03 -1.178887958257340829e-02 2.542531042836045085e-02 4.249241609743595327e-02 3.145769221946121547e-02
1.338071635483733743e-02 1.361256881202570906e-03 -1.474197323603949027e-02 3.178029226164962723e-02 5.311321272875048349e-02 3.932576844117157550e-02
1.606157720278703765e-02 1.635850931243686005e-03 -1.769742813403026374e-02 3.813474282514038582e-02 6.373306838586070833e-02 4.719531690688535952e-02
1.874401886304134096e-02 1.911231256963542456e-03 -2.065525012000435714e-02 4.448866561989976709e-02 7.435197407644850154e-02 5.506634310785266107e-02
2.142804489108934840e-02 2.187400125395424447e-03 -2.361544501648410455e-02 5.084206413151313303e-02 8.496992082603728458e-02 6.293885253296459259e-02
2.411365884259941694e-02 2.464359778920519398e-03 -2.657801862151926500e-02 5.719494182688516365e-02 9.558689968383274338e-02 7.081285066611142653e-02
2.680086427238957333e-02 2.742112432640345966e-03 -2.954297670502925924e-02 6.354730215087034395e-02 1.062029017289041477e-01 7.868834298336983835e-02
