0.000000000000000000e+00 0.000000000000000000e+00 0.000000000000000000e+00 0.000000000000000000e+00
1.776083470374587372e-02 -1.776083470374677231e-02 1.295720593033872561e-02 1.018359648049523003e-02
3.261616215683997566e-02 -3.261616215694089493e-02 2.590551788395871122e-02 2.037608693791924386e-02
4.035417878992358237e-02 -4.035417879205383668e-02 3.883380872669511125e-02 3.058859850318012413e-02
3.690028598812924304e-02 -3.690028599286593325e-02 5.172607107402405618e-02 4.083713856884002569e-02
2.384736104075163218e-02 -2.384736104074902663e-02 6.457119573870145901e-02 5.113281631531084448e-02
5.769783140940603489e-03 -5.769783141047840624e-03 7.736442790732239727e-02 6.148038655759573146e-02
-1.431417531523110874e-02 1.431417531520062791e-02 9.012478725127015533e-02 7.186082962437544130e-02
-3.482891765529438910e-02 3.482891765545159668e-02 1.028840448325294699e-01 8.224237445372764577e-02
-5.504409148078894670e-02 5.504409148071826019e-02 1.156561250682283243e-01 9.261109662905837869e-02
-7.468178575653354467e-02 7.468178575653641738e-02 1.284420952867321164e-01 1.029659288212955576e-01
