0.000000000000000000e+00 0.000000000000000000e+00 0.000000000000000000e+00 0.000000000000000000e+00 0.000000000000000000e+00 0.000000000000000000e+00
2.774553538686297741e-03 1.336915126617825968e-03 -4.111468665304364618e-03 4.631059577770185731e-03 1.274317539824969606e-02 7.254072604157962671e-03
5.534741309637949969e-03 2.690550196457963065e-03 -8.225291506096427813e-03 9.254040850023138517e-03 2.550536300233061104e-02 1.449721130800143802e-02
8.279569576432194156e-03 4.061184499092613392e-03 -1.234075407552574777e-02 1.386871184230272294e-02 3.828705673062415826e-02 2.172915416760590884e-02
1.100799228972130714e-02 5.449094487994202152e-03 -1.645708677771670972e-02 1.847483072754235039e-02 5.108876983905784319e-02 2.894962975410994913e-02
1.371890810509368390e-02 6.854552470782385165e-03 -2.057346057587750368e-02 2.307214528429115535e-02 6.391103595836328255e-02 3.615835665823313727e-02
1.641115721220894746e-02 8.277825122878416583e-03 -2.468898233508907969e-02 2.766039231823297015e-02 7.675441020585636875e-02 4.335504295697586996e-02
1.908351796129404906e-02 9.719171805942929121e-03 -2.880268976723911883e-02 3.223929704385347650e-02 8.961947037960502072e-02 5.053938563778437310e-02
2.173470327152849865e-02 1.117884267124880614e-02 -3.291354594277984963e-02 3.680857242268237295e-02 1.025068182442999687e-01 5.771106997443872788e-02
2.436335680390726982e-02 1.265707652701126770e-02 -3.702043333092139982e-02 4.136791845400870915e-02 1.154170809199618203e-01 6.486976884762721274e-02
2.696804887870852055e-02 1.415409844772919090e-02 -4.112214732644073334e-02 4.591702141329541409e-02 1.283509123869993884e-01 7.201514200148087519e-02
