0.000000000000000000e+00 0.000000000000000000e+00 0.000000000000000000e+00 0.000000000000000000e+00
8.013798744179463206e-04 -1.796343391203661963e-04 2.859425273306087038e-03 4.044544794378255410e-04
1.604779645502670167e-03 -3.561306723109756837e-04 5.732183679264971597e-03 7.968108855262443554e-04
2.410221779345082978e-03 -5.294524253934647286e-04 8.618436626345199816e-03 1.176918702313685611e-03
3.217729027566762143e-03 -6.995623702661888385e-04 1.151834816694441432e-02 1.544625055137255863e-03
4.027324420311656668e-03 -8.664226260448040437e-04 1.443208500140309540e-02 1.899774720501316285e-03
4.839031269996152754e-03 -1.029994644836523593e-03 1.735981653080295381e-02 2.242210081727961761e-03
5.652873175104298348e-03 -1.190239197148797341e-03 2.030171491100897160e-02 2.571771083624637636e-03
6.468874024028085402e-03 -1.347116356921098344e-03 2.325795510799498478e-02 2.888295186132985685e-03
7.287057998949766219e-03 -1.500585486168297704e-03 2.622871495448659412e-02 3.191617316944690870e-03
8.107449579771197276e-03 -1.650605219226064686e-03 2.921417520795295542e-02 3.481569823046476789e-03
