0.000000000000000000e+00 0.000000000000000000e+00 0.000000000000000000e+00 0.000000000000000000e+00
5.058373293548244429e-03 -5.058373293548220143e-03 1.138620878387375940e-02 1.327182355252333988e-02
1.012532125323240863e-02 -1.012532125323224730e-02 2.275932372469278292e-02 2.655674094810249117e-02
1.520087068816522446e-02 -1.520087068816508048e-02 3.411911597138782282e-02 3.985498103780479168e-02
2.028504837679527203e-02 -2.028504837679492856e-02 4.546535113015107848e-02 5.316677821543870641e-02
2.537788103829190928e-02 -2.537788103829150682e-02 5.679778908896600254e-02 6.649237259302136216e-02
3.047939530123050175e-02 -3.047939530123004032e-02 6.811618383543165123e-02 7.983201018295277285e-02
3.558961766935932192e-02 -3.558961766935891946e-02 7.942028326760550150e-02 9.318594308717649544e-02
4.070857448422247199e-02 -4.070857448422183361e-02 9.070982899756839524e-02 1.065544296936110358e-01
4.583629188439210245e-02 -4.583629188439154040e-02 1.019845561474286011e-01 1.199377348801481669e-01
5.097279576105236132e-02 -5.097279576105180621e-02 1.132441931374440491e-01 1.333361302265303472e-01
