0.000000000000000000e+00 0.000000000000000000e+00 0.000000000000000000e+00 0.000000000000000000e+00 0.000000000000000000e+00 0.000000000000000000e+00 0.000000000000000000e+00 0.000000000000000000e+00 0.000000000000000000e+00 0.000000000000000000e+00
7.107434506451528215e-04 1.003240571736273420e-03 7.251533978029276167e-04 -8.084154377083343579e-05 -2.358295856209225317e-03 9.897657375179901278e-04 2.764882254141822794e-03 5.320727221870506264e-03 7.607646124350324335e-03 7.190854377798824339e-03
1.418574304815544904e-03 2.006999704181529256e-03 1.452401634507626861e-03 -1.588813926659343127e-04 -4.719094230212037867e-03 1.970277443773505235e-03 5.522653683360780053e-03 1.064035934117702614e-02 1.522131496147744248e-02 1.439314599341912776e-02
2.123479614208062180e-03 3.011275416335722297e-03 2.181752720661722048e-03 -2.341046218951171702e-04 -7.082403108242004038e-03 2.941499085384422819e-03 8.273288787197722108e-03 1.595889151480739399e-02 2.284102731207331496e-02 2.160692043124095782e-02
2.825446344768766174e-03 4.016065695483570994e-03 2.913214700685333447e-03 -3.064962246752058091e-04 -9.448230494732486051e-03 3.903394416042741191e-03 1.101676190541838254e-02 2.127631889131338314e-02 3.046680414336573606e-02 2.883222348202412605e-02
3.524461379490720098e-03 5.021368497757490619e-03 3.646795651732604501e-03 -3.760410917865886649e-04 -1.181658441518130924e-02 4.855926981512945564e-03 1.375304722178594292e-02 2.659263661084537364e-02 3.809866657519232758e-02 3.606910115625121954e-02
4.220511517595880793e-03 6.027181747789722016e-03 4.382503683355767204e-03 -4.427240102492175158e-04 -1.418747291597371486e-02 5.799060117701658294e-03 1.648211876254443778e-02 3.190783980527606145e-02 4.573663588298944316e-02 4.331759968446171477e-02
4.913583473706809902e-03 7.033503338358348261e-03 5.120346937151526098e-03 -5.065296619456835167e-04 -1.656090406422341260e-02 6.732756948702319291e-03 1.920395039488213829e-02 3.722192359831325709e-02 5.338073350087464697e-02 5.057776551754664118e-02
5.603663877006418922e-03 8.040331130030354059e-03 5.860333586391762960e-03 -5.674426221926741516e-04 -1.893688594763404467e-02 7.656980384811195792e-03 2.191851582537373069e-02 4.253488310561394370e-02 6.103098102482002602e-02 5.784964532700295758e-02
6.290739270385765046e-03 9.047662950800091156e-03 6.602471835635686029e-03 -6.254473582564161818e-04 -2.131542667438259681e-02 8.571693120519998516e-03 2.462578859839971088e-02 4.784671343488774986e-02 6.868740021593032485e-02 6.513328600514350919e-02
6.974796109579296279e-03 1.005549659572199661e-02 7.346769920325394408e-03 -6.805282278095963963e-04 -2.369653437302579949e-02 9.476857632476493043e-03 2.732574209454086481e-02 5.315740968599785149e-02 7.635001300381800970e-02 7.242873466526184023e-02
