0.000000000000000000e+00 0.000000000000000000e+00 0.000000000000000000e+00 0.000000000000000000e+00 0.000000000000000000e+00 0.000000000000000000e+00 0.000000000000000000e+00 0.000000000000000000e+00
2.266772981193182924e-03 -6.754842717664598806e-04 -2.452821158238770605e-04 -1.346006593602797844e-03 5.412835735569682810e-03 6.792559479984061274e-03 8.829230949746101620e-03 1.708905743689908847e-03
4.537635650064624458e-03 -1.357461426366704006e-03 -4.900221825244873916e-04 -2.690152041173278670e-03 1.082242346189334764e-02 1.358919694445310383e-02 1.765944828402263994e-02 3.415995127610067274e-03
6.812610942066272407e-03 -2.045998898293453772e-03 -7.342002196890563999e-04 -4.032411824083582258e-03 1.622873218498354850e-02 2.038995720886806889e-02 2.649064497726886722e-02 5.121261355848475902e-03
9.091722069628795783e-03 -2.741165148804769122e-03 -9.777957546783953499e-04 -5.372761166145321662e-03 2.163173047819907935e-02 2.719488575510715239e-02 3.532281382763025751e-02 6.824697575022162926e-03
1.137499252802521600e-02 -3.443029688300340996e-03 -1.220787809039154334e-03 -6.711175030685316914e-03 2.703138647125795727e-02 3.400402874849153129e-02 4.415594745155372591e-02 8.526296873645337546e-03
1.366244610155514620e-02 -4.151663099394567111e-03 -1.463154884602709156e-03 -8.047628117557594982e-03 3.242766783891214144e-02 4.081743305530952104e-02 5.299003827823470930e-02 1.022605228148172618e-02
1.595410687008363276e-02 -4.867137060721176897e-03 -1.704874949274358224e-03 -9.382094860087638807e-03 3.782054178926348015e-02 4.763514626085579851e-02 6.182507854392301633e-02 1.192395676888592312e-02
1.824999921597112926e-02 -5.589524371509943697e-03 -1.945925422516366771e-03 -1.071454942194446924e-02 4.320997505170869751e-02 5.445721668800437842e-02 7.066106028607337108e-02 1.362000324613110366e-02
2.055014783143633422e-02 -6.318898976974116066e-03 -2.186283160526579679e-03 -1.204496569393503566e-02 4.859593386449784919e-02 6.128369341633917167e-02 7.949797533734670463e-02 1.531418456272327575e-02
2.285457772639739454e-02 -7.055335994558806223e-03 -2.425924441122610103e-03 -1.337331729071537106e-02 5.397838396188428534e-02 6.811462630186379541e-02 8.833581531945010334e-02 1.700649350669851401e-02
