0.000000000000000000e+00 0.000000000000000000e+00 0.000000000000000000e+00 0.000000000000000000e+00 0.000000000000000000e+00 0.000000000000000000e+00
2.604754416859923240e-03 -1.672463590345887527e-04 -2.437508057825253822e-03 6.603644471244187429e-03 1.110265268858750057e-02 3.881799709838225539e-03
5.211875926254972390e-03 -3.351361829244390352e-04 -4.876739743330410840e-03 1.320574735152539418e-02 2.220835767408372088e-02 7.762088713730806548e-03
7.821371138734260764e-03 -5.036695167428982458e-04 -7.317701621991039643e-03 1.980630361967124220e-02 3.331711846565910129e-02 1.164086852367963131e-02
1.043324665200067239e-02 -6.728463099342130074e-04 -9.760400342066200691e-03 2.640530821853079996e-02 4.442893856600514668e-02 1.551814069414423486e-02
1.304750904742277805e-02 -8.426664112704601237e-04 -1.220484263615194929e-02 3.300275605318335470e-02 5.554382147211345960e-02 1.939390682305291991e-02
1.566416488639790425e-02 -1.013129563629359096e-03 -1.465103532276811234e-02 3.959864198906097588e-02 6.666177067613963947e-02 2.326816855281926832e-02
1.828322070656855300e-02 -1.184235398596349999e-03 -1.709898530797178060e-02 4.619296084997632362e-02 7.778278966634438740e-02 2.714092757136884679e-02
2.090468301789560543e-02 -1.355983430897258254e-03 -1.954869958699787316e-02 5.278570741605517758e-02 8.890688192812891411e-02 3.101218561317539701e-02
2.352855829858939082e-02 -1.528373052665685152e-03 -2.200018524592306859e-02 5.937687642156811579e-02 1.000340509451568410e-01 3.488194446030448703e-02
2.615485299090493723e-02 -1.701403527554733175e-03 -2.445344946334951364e-02 6.596646255265881109e-02 1.111643002005734543e-01 3.875020594346712671e-02
