0.000000000000000000e+00 0.000000000000000000e+00 0.000000000000000000e+00 0.000000000000000000e+00 0.000000000000000000e+00 0.000000000000000000e+00 0.000000000000000000e+00 0.000000000000000000e+00 0.000000000000000000e+00 0.000000000000000000e+00
5.679156587089954434e-04 1.574263919951980541e-04 1.489622627777920606e-05 -1.430242689677639731e-04 -6.598687660224674409e-04 1.875621104373219111e-03 1.161400021378753084e-03 1.205466303523645977e-03 1.305093550365955509e-03 2.242305261009494392e-03
1.135236120384014794e-03 3.147772928935027169e-04 2.981470017904067546e-05 -2.859447180765334003e-04 -1.319290612294837317e-03 3.751139296092172171e-03 2.322506587102791519e-03 2.410809436045897175e-03 2.610329099617331953e-03 4.486007064570699671e-03
1.701960823152285458e-03 4.720526691617351234e-04 4.475548661841113527e-05 -4.287612266299459262e-04 -1.978265307825882724e-03 5.626551215123305923e-03 3.483318798344281746e-03 3.616029350754803879e-03 3.915707589495644181e-03 6.731108885300715952e-03
2.268089203569903164e-03 6.292524871227749093e-04 5.971865090668912999e-05 -5.714736732829174505e-04 -2.636792621787032234e-03 7.501853480993894187e-03 4.643835750880712446e-03 4.821126000636066083e-03 5.221229967303581826e-03 8.977614217725762846e-03
2.833620696591235451e-03 7.863767129578137522e-04 7.470425875860262023e-05 -7.140819360329491577e-04 -3.294872323544494053e-03 9.377042692563983955e-03 5.804056535033739680e-03 6.026099338482501615e-03 6.526897185992154224e-03 1.122552657654975888e-02
3.398554735555345176e-03 9.434253127056145636e-04 8.971237629718076365e-05 -8.565858922145496226e-04 -3.952504182660842962e-03 1.125211542786929732e-02 6.963980235625795608e-03 7.230949316893175299e-03 7.832710204201977916e-03 1.347484949681193415e-02
3.962890752171340999e-03 1.100398252261178787e-03 1.047430700558908538e-04 -9.989854184943066772e-04 -4.609687968897007229e-03 1.312706824396623131e-02 8.123605931937654540e-03 8.435675888271069664e-03 9.138669986309884766e-03 1.572558653404812143e-02
4.526628176504515419e-03 1.257295497375478547e-03 1.197964069833614434e-04 -1.141280390865699341e-03 -5.266423452213361486e-03 1.500189767677176031e-02 9.282932697662612392e-03 9.640279004821934380e-03 1.044477750247194831e-02 1.797774126445077225e-02
5.089766436961787842e-03 1.414117013653755318e-03 1.348724544461456102e-04 -1.283470684643655668e-03 -5.922710402771817935e-03 1.687660024090363586e-02 1.044195960086369106e-02 1.084475861855173709e-02 1.175103372866835236e-02 2.023131728503472365e-02
5.652304960276896550e-03 1.570862766555442729e-03 1.499712802323824833e-04 -1.425556174458771346e-03 -6.578548590937376324e-03 1.875117242951843816e-02 1.160068570392691623e-02 1.204911468126585762e-02 1.305743964674957978e-02 2.248631821379978510e-02
