0.000000000000000000e+00 0.000000000000000000e+00 0.000000000000000000e+00 0.000000000000000000e+00 0.000000000000000000e+00 0.000000000000000000e+00 0.000000000000000000e+00 0.000000000000000000e+00
2.249257789627923110e-03 5.029825468446806657e-04 -7.548804567732969031e-04 -1.997359879210406503e-03 5.762583470020170295e-03 7.942746619112126677e-03 7.372173773373663815e-03 4.698216413966070475e-03
4.499414627984189147e-03 1.006037026606399799e-03 -1.510353137097352437e-03 -3.995098517034640674e-03 1.152613423589615022e-02 1.588536463812236649e-02 1.474387904077857983e-02 9.396062572222521267e-03
6.750472468219118408e-03 1.509164454068261628e-03 -2.266421777638995966e-03 -5.993215144224142699e-03 1.729065421637273822e-02 2.382785245124546467e-02 2.211511583855728727e-02 1.409353819136333411e-02
9.002433265892608935e-03 2.012365860020838733e-03 -3.023090170759096078e-03 -7.991708954769270734e-03 2.305614532945787082e-02 3.177020841216490754e-02 2.948588421245622315e-02 1.879064295395059189e-02
1.125529898413081542e-02 2.515642293498453631e-03 -3.780362161944365688e-03 -9.990579115343902264e-03 2.882260950588359447e-02 3.971243085546982687e-02 3.685618423531471927e-02 2.348737652182175326e-02
1.350907159320169706e-02 3.018994822159697632e-03 -4.538241650114183123e-03 -1.198982476495566440e-02 3.459004868897788687e-02 4.765451809672672373e-02 4.422601600774948155e-02 2.818373853546637942e-02
1.576375307007622448e-02 3.522424532664329873e-03 -5.296732587894659346e-03 -1.398944501460940189e-02 4.035846483451240030e-02 5.559646843257557564e-02 5.159537965883699562e-02 3.287972861339472780e-02
1.801934539797254639e-02 4.025932531046728588e-03 -6.055838981859533801e-03 -1.598943894698441615e-02 4.612785991053725693e-02 6.353828014085353970e-02 5.896427534679459653e-02 3.757534635150088648e-02
2.027585056588687012e-02 4.529519943082473306e-03 -6.815564892733733809e-03 -1.798980561612802814e-02 5.189823589719060049e-02 7.147995148074905158e-02 6.633270325966102166e-02 4.227059132241958728e-02
2.253327056810534162e-02 5.033187914650241561e-03 -7.575914435558495953e-03 -1.999054404716434780e-02 5.766959478648607529e-02 7.942148069298694824e-02 7.370066361596902538e-02 4.696546307487845656e-02
