0.000000000000000000e+00 0.000000000000000000e+00 0.000000000000000000e+00 0.000000000000000000e+00
1.002089604165741672e-02 -1.002089604165708192e-02 1.166638882241812468e-02 1.317746599248001589e-02
2.012145284232898235e-02 -2.012145284232837172e-02 2.333412490599571371e-02 2.635358472380076172e-02
3.030339260167034046e-02 -3.030339260166933085e-02 3.500325488005979341e-02 3.952830956463495443e-02
4.056849964970932199e-02 -4.056849964970811462e-02 4.667382708942394154e-02 5.270159217016923831e-02
5.091862321899794791e-02 -5.091862321899634503e-02 5.834589167957788397e-02 6.587338239491329073e-02
6.135568028959881987e-02 -6.135568028959691861e-02 7.001950068279856609e-02 7.904362820659088795e-02
7.188165848129737800e-02 -7.188165848129521307e-02 8.169470810349416245e-02 9.221227560079359176e-02
8.249861895511929888e-02 -8.249861895511675924e-02 9.337157000028824261e-02 1.053792685188975620e-01
9.320869926915834047e-02 -9.320869926915553716e-02 1.050501445611545931e-01 1.185445487729295116e-01
1.040141161099377293e-01 -1.040141161099345790e-01 1.167304921661915657e-01 1.317080559827910891e-01
