0.000000000000000000e+00 0.000000000000000000e+00 0.000000000000000000e+00 0.000000000000000000e+00 0.000000000000000000e+00 0.000000000000000000e+00
1.744565976737613971e-03 2.342646790422463904e-03 -4.087212767159945602e-03 1.963936942031333042e-03 1.107973236597590248e-02 1.301828978329364755e-02
3.472551371142361138e-03 4.721992821454567071e-03 -8.194544192596771651e-03 3.852098437840957915e-03 2.215670846130366953e-02 2.611511128345576568e-02
5.183607617744830781e-03 7.138708336279267139e-03 -1.232231595402410659e-02 5.663156178406305273e-03 3.323087454388887890e-02 3.929184655160594675e-02
6.877377474389926269e-03 9.593478897664457425e-03 -1.647085637205417119e-02 7.395750999854971801e-03 4.430217563607302678e-02 5.254990972927345294e-02
8.553494745586686168e-03 1.208700578780392762e-02 -2.064050053339042123e-02 9.048491984774522864e-03 5.537055548752438383e-02 6.589074798420317680e-02
1.021158399488793569e-02 1.462000641770021432e-02 -2.483159041258775276e-02 1.061995553266406773e-02 6.643595653570243120e-02 7.931584247943555821e-02
1.185126024578647339e-02 1.719321474608989306e-02 -2.904447499187610623e-02 1.210868439840174192e-02 7.749831986360344871e-02 9.282670937709695813e-02
1.347212867059226042e-02 1.980738170788385460e-02 -3.327951037847572124e-02 1.351318669755227110e-02 8.855758515445354140e-02 1.064249008783968442e-01
1.507378426673230964e-02 2.246327565205576138e-02 -3.753705991878791837e-02 1.483193487732475425e-02 9.961369064295830245e-02 1.201120063014201877e-01
1.665581151988894393e-02 2.516168278888453180e-02 -4.181749430877282347e-02 1.606336465194670507e-02 1.106665730626878036e-01 1.338896531983692073e-01
