0.000000000000000000e+00 0.000000000000000000e+00 0.000000000000000000e+00 0.000000000000000000e+00 0.000000000000000000e+00 0.000000000000000000e+00 0.000000000000000000e+00 0.000000000000000000e+00
1.533411362451314120e-03 9.429081593667073364e-04 1.084187675982572997e-04 -2.584738289416281792e-03 4.141936641022266226e-03 6.562112861259614127e-03 9.854490018969994450e-03 6.097619962108840816e-03
3.066968537925367222e-03 1.886390245150032377e-03 2.177634637299246268e-04 -5.171122246805230117e-03 8.283541876681937283e-03 1.312357294067000198e-02 1.971092377803419088e-02 1.219428037133567927e-02
4.600671005073589739e-03 2.830448236315586188e-03 3.280376580388714297e-04 -7.759156899427685668e-03 1.242481437180296792e-02 1.968438377949009374e-02 2.956930184926225696e-02 1.828997844952744492e-02
6.134518224467800512e-03 3.775084133482368119e-03 4.392449623669674591e-04 -1.034884732031692879e-02 1.656575276567985242e-02 2.624454897338321727e-02 3.942962476130523058e-02 2.438471143307527692e-02
7.668509638387131788e-03 4.720299959406266954e-03 5.513890304450811373e-04 -1.294019862823818368e-02 2.070635567170031263e-02 3.280407217343146026e-02 4.929189299783260508e-02 3.047847657383971620e-02
9.202644670615496569e-03 5.666097759485052253e-03 6.644735575149088649e-04 -1.553321598761510554e-02 2.484662167697181817e-02 3.936295708716595898e-02 5.915610699591825061e-02 3.657127114010908647e-02
1.073692272624938299e-02 6.612479602286378856e-03 7.785022798835611324e-04 -1.812790460841903067e-02 2.898654934195054808e-02 4.592120747960709570e-02 6.902226714438000621e-02 4.266309241758821369e-02
1.227134319151875798e-02 7.559447580097304782e-03 8.934789744024420471e-04 -2.072426974601789679e-02 3.312613720007628881e-02 5.247882717431789218e-02 7.889037378207063023e-02 4.875393771042178109e-02
1.380590543361838451e-02 8.507003809496399560e-03 1.009407457869518701e-03 -2.332231670098371817e-02 3.726538375741227788e-02 5.903582005446537245e-02 8.876042719612331489e-02 5.484380434224683798e-02
1.534060880055469756e-02 9.455150431949124745e-03 1.126291586349255358e-03 -2.592205081885255724e-02 4.140428749228974858e-02 6.559219006389119255e-02 9.863242762015306253e-02 6.093268965727442754e-02
