0.000000000000000000e+00 0.000000000000000000e+00 0.000000000000000000e+00 0.000000000000000000e+00 0.000000000000000000e+00 0.000000000000000000e+00 0.000000000000000000e+00 0.000000000000000000e+00
5.355084281490270518e-04 1.068837956081657744e-04 -9.202421611374583463e-05 -5.903334677520145988e-04 1.768525687647347876e-03 1.132608855675458015e-03 1.192816739564285652e-03 1.986654191510972903e-03
1.070555197341051213e-03 2.137501926715582783e-04 -1.840082628116496849e-04 -1.180285201629354807e-03 3.537211561744576377e-03 2.265050194960629461e-03 2.385626808691698741e-03 3.974282107933949093e-03
1.605139969188100436e-03 3.205992268316427952e-04 -2.759521245873562093e-04 -1.769854977064977061e-03 5.306056140502969469e-03 3.397323729225065585e-03 3.578430485924453952e-03 5.962885485703076083e-03
2.139262404893379956e-03 4.274309338287434097e-04 -3.678557858343632875e-04 -2.359042569290206986e-03 7.075057934422169896e-03 4.529429168485413736e-03 4.771228051111500203e-03 7.952466069023765918e-03
2.672922165241458856e-03 5.342453495056966603e-04 -4.597192308438065073e-04 -2.947847753347881006e-03 8.844215446221855362e-03 5.661366221394275450e-03 5.964019785435238641e-03 9.943025609977094309e-03
3.206118910596214740e-03 6.410425098078164925e-04 -5.515424438035420110e-04 -3.536270304091415455e-03 1.061352717079151221e-02 6.793134595234233582e-03 7.156805971416505853e-03 1.193456586856576039e-02
3.738852300898710002e-03 7.478224507838486003e-04 -6.433254087973653548e-04 -4.124309996183182433e-03 1.238299159514738915e-02 7.924733995906459508e-03 8.349586892925416753e-03 1.392708861276484474e-02
4.271121995664774705e-03 8.545852085858473158e-04 -7.350681098043562170e-04 -4.711966604093049613e-03 1.415260719838500568e-02 9.056164127924907006e-03 9.542362835185565217e-03 1.592059561856707522e-02
4.802927653982540235e-03 9.613308194697097950e-04 -8.267705306981464530e-04 -5.299239902096956889e-03 1.592237245163327652e-02 1.018742469440505824e-02 1.073513408478593209e-02 1.791508867003649072e-02
5.334268934510826878e-03 1.068059319795482088e-03 -9.184326552455248900e-04 -5.886129664275475265e-03 1.769228581800648750e-02 1.131851539705816881e-02 1.192790092968659676e-02 1.991056955935445461e-02
