0.000000000000000000e+00 0.000000000000000000e+00 0.000000000000000000e+00 0.000000000000000000e+00 0.000000000000000000e+00 0.000000000000000000e+00
2.335383856843435517e-03 1.496290771609931278e-03 -3.831674628453385009e-03 2.405121569813132090e-03 1.482275459127026587e-02 6.195968328690391359e-03
4.669473855410171022e-03 2.998637207559125446e-03 -7.668111062969050137e-03 4.807175386131895024e-03 2.965173537060776868e-02 1.238877822280772152e-02
7.002255320315322641e-03 4.507081128207431238e-03 -1.150933644852246418e-02 7.206161757319992298e-03 4.448693928756362187e-02 1.857843242443765058e-02
9.333713274561354981e-03 6.021664976264620717e-03 -1.535537825082569294e-02 9.602080900240958852e-03 5.932836315433531738e-02 2.476493390451832768e-02
1.166383243177305032e-02 7.542431823018281613e-03 -1.920626425479092861e-02 1.199493293204182721e-02 7.417600364818931202e-02 3.094828586863727221e-02
1.399259718859519226e-02 9.069425373829702319e-03 -2.306202256242447998e-02 1.438471786153092992e-02 8.902985731450012430e-02 3.712849176261086293e-02
1.631999161732736528e-02 1.060268997279301476e-02 -2.692268159011971390e-02 1.677143558016983699e-02 1.038899205704152673e-01 4.330555527783077480e-02
1.864599945886844315e-02 1.214227060645121925e-02 -3.078827006531906219e-02 1.915508585268306876e-02 1.187561897091481133e-01 4.947948035635843511e-02
2.097060411605812871e-02 1.368821290645885411e-02 -3.465881702251616403e-02 2.153566830731159024e-02 1.336286609048975282e-01 5.565027119575417791e-02
2.329378864749855754e-02 1.524056315107777740e-02 -3.853435179857547105e-02 2.391318242572742711e-02 1.485073302183834432e-01 6.181793225362608446e-02
