0.000000000000000000e+00 0.000000000000000000e+00 0.000000000000000000e+00 0.000000000000000000e+00
5.351360794463817100e-03 -5.351360794463733833e-03 1.087171420347500181e-02 1.295697265222897458e-02
1.071339816780912668e-02 -1.071339816780907117e-02 2.174291508039685045e-02 2.591445863101037722e-02
1.608615668051995712e-02 -1.608615668051985303e-02 3.261360896360492034e-02 3.887245160350607381e-02
2.146968121758937448e-02 -2.146968121758929815e-02 4.348380227029607220e-02 5.183094515251880641e-02
2.686401698591776854e-02 -2.686401698591767487e-02 5.435350150166351479e-02 6.478993277685513030e-02
3.226920951222543577e-02 -3.226920951222542883e-02 6.522271324214930222e-02 7.774940789207325509e-02
3.768530464160936566e-02 -3.768530464160924076e-02 7.609144415829593999e-02 9.070936383163019645e-02
4.311234853688278301e-02 -4.311234853688269975e-02 8.695970099718389190e-02 1.036697938484461151e-01
4.855038767886453444e-02 -4.855038767886432627e-02 9.782749058443641899e-02 1.166306911168970145e-01
5.399946886779467131e-02 -5.399946886779458111e-02 1.086948198217837780e-01 1.295920487352534289e-01
