0.000000000000000000e+00 0.000000000000000000e+00 0.000000000000000000e+00 0.000000000000000000e+00
1.021133361835020563e-02 -1.021133361834988817e-02 1.155735916846535247e-02 1.235284148527670579e-02
2.050313893388679143e-02 -2.050313893388618774e-02 2.311544042059732185e-02 2.470496088688699243e-02
3.087711410605712553e-02 -3.087711410605617837e-02 3.467426764598775801e-02 3.705633431523865789e-02
4.133501642054239478e-02 -4.133501642054114578e-02 4.623386552696874541e-02 4.940693708800006356e-02
5.187866469915976275e-02 -5.187866469915809742e-02 5.779425956163197764e-02 6.175674370707887051e-02
6.250994172739922361e-02 -6.250994172739721133e-02 6.935547608208848802e-02 7.410572784036448257e-02
7.323079666290949197e-02 -7.323079666290714662e-02 8.091754226551467477e-02 8.645386231068018235e-02
8.404324737305293724e-02 -8.404324737305038373e-02 9.248048613453284383e-02 9.880111909540462145e-02
9.494938262876102819e-02 -9.494938262875797508e-02 1.040443365420273963e-01 1.111474693416520249e-01
1.059513640530270057e-01 -1.059513640530236056e-01 1.156091231334058084e-01 1.234928834040155410e-01
