0.000000000000000000e+00 0.000000000000000000e+00 0.000000000000000000e+00 0.000000000000000000e+00 0.000000000000000000e+00 0.000000000000000000e+00 0.000000000000000000e+00 0.000000000000000000e+00
3.295570481099467067e-04 1.072935756433875484e-04 -2.904404282333605534e-05 -6.061951803740559886e-04 9.261488690079477514e-04 7.073676808333777179e-04 1.378839492654019335e-03 1.821294832099674965e-03
6.589990683168801041e-04 2.145274484783205894e-04 -5.808493971010370520e-05 -1.212032345405000865e-03 1.852350466631031561e-03 1.414607719458465260e-03 2.757678779441327839e-03 3.643061451964596346e-03
9.883260579626488782e-04 3.217016001085126623e-04 -8.712270673429505234e-05 -1.817511275823977110e-03 2.778604713885498949e-03 2.121720094447091757e-03 4.136517823055427777e-03 5.465299918914001166e-03
1.317538014413462437e-03 4.288160121377752095e-04 -1.161573600006119415e-04 -2.422631752232964029e-03 3.704911531676019151e-03 2.828704784392996330e-03 5.515356586096434310e-03 7.288010292174493948e-03
1.646634935060477083e-03 5.358706661700369167e-04 -1.451889156450198272e-04 -3.027393555106732033e-03 4.631270840796605781e-03 3.535561767913359636e-03 6.894195031079471125e-03 9.111192630899534600e-03
1.975616817319651979e-03 6.428655438096573041e-04 -1.742173898345774903e-04 -3.631796464793011874e-03 5.557682561931091489e-03 4.242291023650986148e-03 8.273033120433736717e-03 1.093484699416861529e-02
2.304483658632283227e-03 7.498006266609167454e-04 -2.032427987676977267e-04 -4.235840261511253889e-03 6.484146615653211231e-03 4.948892530272559244e-03 9.651870816501935402e-03 1.275897344098936292e-02
2.633235456464311491e-03 8.566758963287017916e-04 -2.322651586742976591e-04 -4.839524725352839854e-03 7.410662922425387961e-03 5.655366266469348535e-03 1.103070808154152892e-02 1.458357203029612276e-02
2.961872208306828326e-03 9.634913344178097638e-04 -2.612844858153480477e-04 -5.442849636280261590e-03 8.337231402598793348e-03 6.361712210956932748e-03 1.240954487772346834e-02 1.640864282095103044e-02
3.290393911676091788e-03 1.070246922533275207e-03 -2.903007964836083516e-04 -6.045814774126841672e-03 9.263851976414194320e-03 7.067930342475426536e-03 1.378838116713275962e-02 1.823418587174417335e-02
