0.000000000000000000e+00 0.000000000000000000e+00 0.000000000000000000e+00 0.000000000000000000e+00
5.080837951688789780e-03 -5.080837951688709983e-03 1.263854522801691541e-02 1.230032255419693382e-02
1.016992776465537596e-02 -1.016992776465521810e-02 2.527773457920996086e-02 2.460000098521761963e-02
1.526729566670212250e-02 -1.526729566670195770e-02 3.791756961316816027e-02 3.689903373347294679e-02
2.037296802176785659e-02 -2.037296802176756169e-02 5.055805187004769330e-02 4.919741925880746769e-02
2.548697133128370595e-02 -2.548697133128336942e-02 6.319918287288142644e-02 6.149515603818755255e-02
3.060933223676297332e-02 -3.060933223676255699e-02 7.584096413001757686e-02 7.379224256326494258e-02
3.574007752378584313e-02 -3.574007752378541292e-02 8.848339713767722214e-02 8.608867733781959408e-02
4.087923412755604946e-02 -4.087923412755552210e-02 1.011264833826265724e-01 9.838445887508343035e-02
4.602682914022434429e-02 -4.602682914022387939e-02 1.137702243449653372e-01 1.106795856949584905e-01
5.118288982019403993e-02 -5.118288982019331135e-02 1.264146215010163721e-01 1.229740563211213361e-01
