0.000000000000000000e+00 0.000000000000000000e+00 0.000000000000000000e+00 0.000000000000000000e+00 0.000000000000000000e+00 0.000000000000000000e+00 0.000000000000000000e+00 0.000000000000000000e+00 0.000000000000000000e+00 0.000000000000000000e+00
1.255691078922792315e-03 1.588393977446184114e-03 -2.962713383107755220e-04 -1.141311248497853259e-03 -1.406502475166171613e-03 1.656911412847433818e-03 5.423230600950042571e-03 7.895269356508706135e-03 5.358973316652086878e-03 3.610988765514912616e-03
2.510888345724367719e-03 3.178066274640561385e-03 -5.929640591537516364e-04 -2.283217754199420510e-03 -2.812772812816951608e-03 3.312433562384619386e-03 1.084666628083492783e-02 1.579270765857184941e-02 1.071714525673637432e-02 7.221794126962352220e-03
3.765590337456339431e-03 4.769017965574896475e-03 -8.900765487524641036e-04 -3.425721153805439366e-03 -4.218810606485938648e-03 4.966565473869706537e-03 1.627030778070632025e-02 2.369231587524296342e-02 1.607451557089520019e-02 1.083241561777515023e-02
5.019795580608514031e-03 6.361250080212334755e-03 -1.187607123259580523e-03 -4.568823091576796995e-03 -5.624615452213323555e-03 6.619306160754264215e-03 2.169415583464443312e-02 3.159409497587470361e-02 2.143108401408615193e-02 1.444285276611169226e-02
6.273502591503436754e-03 7.954763602852190155e-03 -1.485554033831942063e-03 -5.712525216942616196e-03 -7.030186950035121653e-03 8.270654625157160961e-03 2.711821117238676082e-02 3.949804594219884224e-02 2.678685034713571694e-02 1.805310509755689991e-02
7.526709876224908086e-03 9.549559470502240466e-03 -1.783915465268774963e-03 -6.856829184041964009e-03 -8.435524704105039698e-03 9.920609857779622009e-03 3.254247451828354287e-02 4.740416976973207963e-02 3.214181433639261287e-02 2.166317213519378809e-02
8.779415930553058703e-03 1.114563857122375171e-02 -2.082689534658821971e-03 -8.001736651235085568e-03 -9.840628322815986317e-03 1.156917083782158309e-02 3.796694659020803664e-02 5.531246746923147717e-02 3.749597575337044325e-02 2.527305339967787431e-02
1.003161923990616121e-02 1.274300174245055969e-02 -2.381874290037033857e-03 -9.147249280586309053e-03 -1.124549741892096749e-02 1.321633653290858398e-02 4.339162809841311252e-02 6.322294006820818046e-02 4.284933437437919018e-02 2.888274840930950618e-02
1.128331827929002738e-02 1.434164976928282292e-02 -2.681467709057454123e-03 -1.029336873731538649e-02 -1.265013160965257691e-02 1.486210589902269875e-02 4.881651974434399188e-02 7.113558861249019705e-02 4.820188998014518500e-02 3.249225668010802953e-02
1.253451151325575552e-02 1.594158338275631498e-02 -2.981467697682933793e-03 -1.144009668921656259e-02 -1.405453051684097884e-02 1.650647788043956704e-02 5.424162221939787115e-02 7.905041416784239217e-02 5.355364235541992812e-02 3.610157772588259983e-02
