0.000000000000000000e+00 0.000000000000000000e+00 0.000000000000000000e+00 0.000000000000000000e+00 0.000000000000000000e+00 0.000000000000000000e+00 0.000000000000000000e+00 0.000000000000000000e+00
2.383690208769992120e-03 1.229143724238691403e-03 -1.376219285266227013e-03 -2.236614647742501179e-03 4.975071520183399140e-03 8.309253205673579681e-03 8.010122894579346092e-03 3.996556123932262956e-03
4.768152075147727778e-03 2.459872459771354769e-03 -2.754448003172502678e-03 -4.473576531746579002e-03 9.949958192793560696e-03 1.661937784988640546e-02 1.602109537535878134e-02 7.991576070697869669e-03
7.153386308079968947e-03 3.692191977052272471e-03 -4.134694600677286946e-03 -6.710883684455018657e-03 1.492466076189509494e-02 2.493037283969734216e-02 2.403291921270693174e-02 1.198505841880576593e-02
9.539393606490590566e-03 4.926108098486378997e-03 -5.516967600763325597e-03 -8.948534104213767132e-03 1.989917998678967723e-02 3.324223705503181331e-02 3.204559621174580403e-02 1.597700172390639425e-02
1.192617465852148506e-02 6.161626698605710516e-03 -6.901275601835385465e-03 -1.118652575529190986e-02 2.487351664170942001e-02 4.155496934898985500e-02 4.005912821299544707e-02 1.996740451814721026e-02
1.431373014075908862e-02 7.398753704209363666e-03 -8.287627277032626541e-03 -1.342485656793579278e-02 2.984767151548152475e-02 4.986856854819157053e-02 4.807351709299707149e-02 2.395626530953985645e-02
1.670206071744568394e-02 8.637495094467883411e-03 -9.676031373454008905e-03 -1.566352443845943007e-02 3.482164541116498230e-02 5.818303345317204361e-02 5.608876476490627649e-02 2.794358258133495046e-02
1.909116703967673676e-02 9.877856900987023667e-03 -1.106649671129236734e-02 -1.790252722937151625e-02 3.979543914565961127e-02 6.649836283881509214e-02 6.410487317906250759e-02 3.192935479140963928e-02
2.148104974458516989e-02 1.111984520783036376e-02 -1.245903218287485598e-02 -2.014186276954070889e-02 4.476905354928559927e-02 7.481455545483972625e-02 7.212184432352217178e-02 3.591358037166774569e-02
2.387170945451191559e-02 1.236346615149659309e-02 -1.385364675160825725e-02 -2.238152885440030174e-02 4.974248946533105925e-02 8.313161002633320806e-02 8.013968022456059714e-02 3.989625772745916676e-02
