0.000000000000000000e+00 0.000000000000000000e+00 0.000000000000000000e+00 0.000000000000000000e+00 0.000000000000000000e+00 0.000000000000000000e+00 0.000000000000000000e+00 0.000000000000000000e+00 0.000000000000000000e+00 0.000000000000000000e+00
2.768725363160405486e-03 -3.386488125968389797e-04 -8.350305493520025334e-04 -8.282235074862892132e-04 -7.668224937252831079e-04 9.119542463834744497e-03 9.171264665610528652e-03 5.894094388830622110e-03 3.313611551223098143e-03 1.456358577425973400e-03
5.538626455032260622e-03 -6.814217711691441474e-04 -1.670127975299033792e-03 -1.655065138303615357e-03 -1.532011570260415068e-03 1.824809958016405595e-02 1.834305553572512446e-02 1.178490330869001214e-02 6.624161390208160860e-03 2.909523479061748834e-03
8.309703898080693027e-03 -1.028334876062158253e-03 -2.505287464083080264e-03 -2.480518674880911704e-03 -2.295562883054566659e-03 2.738569369545498441e-02 2.751536838988179537e-02 1.767241957573993313e-02 9.931645832693998185e-03 4.359487447002800657e-03
1.108195820767617773e-02 -1.379404149083733513e-03 -3.340504155220310779e-03 -3.304577855655144777e-03 -3.057472047716816490e-03 3.653234715390424325e-02 3.668819916413935955e-02 2.355663597395584591e-02 1.323606114617863032e-02 5.806243149519850488e-03
1.385538978494764081e-02 -1.734645627943928996e-03 -4.175773140925163711e-03 -4.127236374576206263e-03 -3.817734641502332302e-03 4.568808229204127797e-02 4.586154396028312846e-02 2.943754525364225202e-02 1.653740354865954401e-02 7.249783179996411100e-03
1.662999890930818084e-02 -2.094075360396232752e-03 -5.011089465523128547e-03 -4.948487880602064903e-03 -4.576346202786628868e-03 5.485292143304082435e-02 5.503539905543090860e-02 3.531514012988994783e-02 1.983566920733929873e-02 8.690100055846234836e-03
1.940578573063801715e-02 -2.457709398072334406e-03 -5.846448124855144202e-03 -5.768325977181945098e-03 -5.333302230528413901e-03 6.402688688073461531e-02 6.420976091206111180e-02 4.118941328097907445e-02 2.313085423729685855e-02 1.012718621739991560e-02
2.218275026110870171e-02 -2.825563789999473076e-03 -6.681844065666815019e-03 -6.586744221724906076e-03 -6.088598183717459401e-03 7.321000091330542858e-02 7.338462618847309271e-02 4.706035734672187748e-02 2.642295470012183400e-02 1.156103402677391076e-02
2.496089236663278504e-02 -3.197654575788914239e-03 -7.517272184981015938e-03 -7.403736125054687263e-03 -6.842229480808134645e-03 8.240228577664712728e-02 8.255999174970442278e-02 5.292796492675308495e-02 2.971196660251394783e-02 1.299163576670254484e-02
2.774021175791842667e-02 -3.573997778484588189e-03 -8.352727329451237887e-03 -8.219295150845642994e-03 -7.594191499136815349e-03 9.160376367737715908e-02 9.173585467891937073e-02 5.879222857876059694e-02 3.299788589484210777e-02 1.441898363934587118e-02
