0.000000000000000000e+00 0.000000000000000000e+00 0.000000000000000000e+00 0.000000000000000000e+00 0.000000000000000000e+00 0.000000000000000000e+00
6.268425726882369611e-04 -1.213918212733543842e-05 -4.847046024624582033e-04 2.506181691755957324e-03 7.077109995026865203e-04 1.894811352940488185e-03
1.253079874973357048e-03 -2.419564337371193262e-05 -9.689272757491388700e-04 5.014100333987012159e-03 1.414930451536113628e-03 3.790134620467093627e-03
1.878710951628145007e-03 -3.616908390025529266e-05 -1.452667556626766098e-03 7.523758627647258133e-03 2.121657740018002055e-03 5.685969078966020274e-03
2.503734845456473141e-03 -4.805920247166734329e-05 -1.935924980872381473e-03 1.003515928325231059e-02 2.827892246483384737e-03 7.582313998291165258e-03
3.128150597285415252e-03 -5.986569644822280602e-05 -2.418699083269913817e-03 1.254830502096658182e-02 3.533633350078173047e-03 9.479168641731395076e-03
3.751957245959079701e-03 -7.158826177395320137e-05 -2.900989397603800663e-03 1.506319857066867537e-02 4.238880427538874521e-03 1.137653226595839936e-02
4.375153828332538526e-03 -8.322659296721991425e-05 -3.382795456651458473e-03 1.757984267202119394e-02 4.943632853174898673e-03 1.327440412096784171e-02
4.997739379265811639e-03 -9.478038310906698272e-05 -3.864116792175772801e-03 2.009824007453960351e-02 5.647889998848893908e-03 1.517278345002683743e-02
5.619712931617394137e-03 -1.062493238330585051e-04 -4.344952934917854087e-03 2.261839353766228328e-02 6.351651233956923971e-03 1.707166948961332670e-02
6.241073516238059872e-03 -1.176331053136759827e-04 -4.825303414589621719e-03 2.514030583082010883e-02 7.054915925410216483e-03 1.897106146936226173e-02
