0.000000000000000000e+00 0.000000000000000000e+00 0.000000000000000000e+00 0.000000000000000000e+00 0.000000000000000000e+00 0.000000000000000000e+00 0.000000000000000000e+00 0.000000000000000000e+00
5.069707941559773411e-04 9.051507900541878079e-05 -1.021837508453148313e-04 -5.224643596689270645e-04 1.678386148886792245e-03 1.082498478149848588e-03 1.053318458962351984e-03 1.826030040834596092e-03
1.013570015775455907e-03 1.809763062736039006e-04 -2.043420030394611417e-04 -1.044549576376665664e-03 3.357138279373484378e-03 2.164895309043463577e-03 2.106505672289051521e-03 3.652787087033174292e-03
1.519797444199344656e-03 2.713836024786598299e-04 -3.064747402636459482e-04 -1.566255343875975342e-03 5.036256199168527396e-03 3.247190391315101909e-03 3.159561533029643394e-03 5.480271840171605999e-03
2.025652858627793613e-03 3.617368880062031100e-04 -4.085819460886648048e-04 -2.087581355475948402e-03 6.715739714966625050e-03 4.329383623243473339e-03 4.212485933981670837e-03 7.308485003621630755e-03
2.531136038121418585e-03 4.520360829495194931e-04 -5.106636039735968973e-04 -2.608527304041464989e-03 8.395588632453831329e-03 5.411474902753569266e-03 5.265278767690884792e-03 9.137427282581218890e-03
3.036246761599852885e-03 5.422811071085311720e-04 -6.127196972649913637e-04 -3.129092881992573578e-03 1.007580275630173480e-02 6.493464127414911094e-03 6.317939926452295803e-03 1.096709938408047674e-02
3.540984807841402772e-03 6.324718799880285278e-04 -7.147502091961392516e-04 -3.649277781302041543e-03 1.175638189016376539e-02 7.575351194438737813e-03 7.370469302307653889e-03 1.279750201699092135e-02
4.045349955483166712e-03 7.226083207964241646e-04 -8.167551228857677058e-04 -4.169081693494280060e-03 1.343732583667027296e-02 8.657136000678005566e-03 8.422866787044628462e-03 1.462863589203473522e-02
4.549341983019336219e-03 8.126903484441031335e-04 -9.187344213379948108e-04 -4.688504309644528356e-03 1.511863439742346105e-02 9.738818442624686683e-03 9.475132272196325200e-03 1.646050172179304438e-02
5.052960668802207629e-03 9.027178815418169036e-04 -1.020688087441248100e-03 -5.207545320376275912e-03 1.680030737299342131e-02 1.082039841640663504e-02 1.052726564903921740e-02 1.829310022071267694e-02
