0.000000000000000000e+00 0.000000000000000000e+00 0.000000000000000000e+00 0.000000000000000000e+00 0.000000000000000000e+00 0.000000000000000000e+00 0.000000000000000000e+00 0.000000000000000000e+00 0.000000000000000000e+00 0.000000000000000000e+00
1.102045055733639123e-03 5.367236940299567865e-04 1.508922209849607090e-04 -3.378232994148144559e-04 -1.451837667463066681e-03 2.734157842805501250e-03 3.877666294194695613e-03 4.485055932381050783e-03 4.909513298431289127e-03 4.030011156362622513e-03
2.202378419153733051e-03 1.074324776648979919e-03 3.032598413074848371e-04 -6.744167230548379563e-04 -2.905546310128911004e-03 5.462128354935886360e-03 7.750062667103603531e-03 8.969787467211066609e-03 9.823762260609630870e-03 8.067068296452276077e-03
3.300977793125580047e-03 1.612814904254787109e-03 4.571206144516627148e-04 -1.009766027132284099e-03 -4.361147280716994035e-03 8.183831417989484089e-03 1.161712821361616729e-02 1.345419391945304813e-02 1.474280702975147052e-02 1.211125298763850514e-02
4.397820525930126907e-03 2.152205901258678281e-03 6.124925723738627870e-04 -1.343856731686515890e-03 -5.818662263836028165e-03 1.089918564476445237e-02 1.547880106351504949e-02 1.793827459084877674e-02 1.966670870382342812e-02 1.616264808763346814e-02
5.492883605189410358e-03 2.692509763802998328e-03 7.693940313155034263e-04 -1.676674114299890259e-03 -7.278113281909122899e-03 1.360810835663791782e-02 1.933501836514729677e-02 2.242202877002967554e-02 2.459552935195173304e-02 2.022133776895499585e-02
6.586143650687542941e-03 3.233738662865429971e-03 9.278435974059231518e-04 -2.008203205075776310e-03 -8.739522701724648443e-03 1.631051555807813691e-02 2.318571626588946180e-02 2.690545573212517125e-02 2.952933203367305928e-02 2.428740754509073341e-02
7.677576907019559478e-03 3.775904947429455701e-03 1.087860172400000047e-03 -2.338428781489787847e-03 -1.020291324113978618e-02 1.900632191055228251e-02 2.703082989215180310e-02 3.138855473835324567e-02 3.446818081864273103e-02 2.836094429729082989e-02
8.767159236060468111e-03 4.319021147726118809e-03 1.249462959550849380e-03 -2.667335363116397039e-03 -1.166830797593957324e-02 2.169544070581085754e-02 3.087029332889847794e-02 3.587132503560300223e-02 3.941214080681351706e-02 3.244203630199987004e-02
9.854866109253526685e-03 4.863099978546827837e-03 1.412671469623820193e-03 -2.994907206221392171e-03 -1.313573034685843258e-02 2.437778383853476602e-02 3.470403959867167376e-02 4.035376585599576016e-02 4.436127814910140882e-02 3.653077325895698335e-02
1.094067259970948891e-02 5.408154342629933192e-03 1.577505527053978032e-03 -3.321128298221717734e-03 -1.460520416676297506e-02 2.705326177832514251e-02 3.853200064011254311e-02 4.483587641643776989e-02 4.931566006854966322e-02 4.062724631996839086e-02
