0.000000000000000000e+00 0.000000000000000000e+00 0.000000000000000000e+00 0.000000000000000000e+00 0.000000000000000000e+00 0.000000000000000000e+00 0.000000000000000000e+00 0.000000000000000000e+00
4.692300196413531107e-04 5.252552281977101295e-05 -1.023754465491425743e-04 -4.831071172421062495e-04 2.406981278952995996e-03 8.370504820500245620e-04 8.330195478584894245e-04 2.461729625210693287e-03
9.378719747133924161e-04 1.050757858867854911e-04 -2.047849929403034212e-04 -9.656108869825479491e-04 4.815119761882989506e-03 1.674068618557727518e-03 1.666008787557940810e-03 4.924660250242279998e-03
1.405924586794218053e-03 1.576508306411833146e-04 -3.072286802789029182e-04 -1.447509983186893480e-03 7.224417347726864135e-03 2.511054372868692496e-03 2.498967683208682278e-03 7.388793848096790982e-03
1.873386572416821947e-03 2.102506987612424321e-04 -4.097065499103345779e-04 -1.928803074561530545e-03 9.634875942507954705e-03 3.348007708148238899e-03 3.331896198744370777e-03 9.854132399201501538e-03
2.340256643015631820e-03 2.628754321669448963e-04 -5.122186434233042679e-04 -2.409488824495464952e-03 1.204649745946591646e-02 4.184928587382117857e-03 4.164794297924649669e-03 1.232067789155108679e-02
2.806533504895042819e-03 3.155250730205770918e-04 -6.147650026515598257e-04 -2.889565891026124166e-03 1.445928381910566510e-02 5.021816973374296222e-03 4.997661944331693168e-03 1.478843232075922366e-02
3.272215859195299302e-03 3.681996637294649875e-04 -7.173456696756273267e-04 -3.369032926804358188e-03 1.687323694924548756e-02 5.858672828745480760e-03 5.830499101370356825e-03 1.725739769011157623e-02
3.737302401859869672e-03 4.208992469472659366e-04 -8.199606868245705275e-04 -3.847888579059760908e-03 1.928835878506843932e-02 6.695496115933761289e-03 6.663305732266439768e-03 1.972757601061809682e-02
4.201791823601788191e-03 4.736238655754352765e-04 -9.226100966778138981e-04 -4.326131489564392051e-03 2.170465126917079171e-02 7.532286797191122159e-03 7.496081800065407079e-03 2.219896930106508848e-02
4.665682809869811827e-03 5.263735627653905050e-04 -1.025293942067065020e-03 -4.803760294597822500e-03 2.412211635161332079e-02 8.369044834583809142e-03 8.328827267631545850e-03 2.467157958806999452e-02
