0.000000000000000000e+00 0.000000000000000000e+00 0.000000000000000000e+00 0.000000000000000000e+00 0.000000000000000000e+00 0.000000000000000000e+00 0.000000000000000000e+00 0.000000000000000000e+00 0.000000000000000000e+00 0.000000000000000000e+00
3.620079819255912030e-04 1.722429028727301610e-04 5.512335039129559580e-05 -1.210359442337666648e-04 -6.794894496676154522e-04 1.105521166920137152e-03 8.264605586502006421e-04 1.072497558756992445e-03 1.345849711204796318e-03 2.358315699822637491e-03
7.222051019559212054e-04 3.446496923480819007e-04 1.107240918252035204e-04 -2.417775546440291499e-04 -1.359925387319887210e-03 2.204778383762198354e-03 1.650269563400286492e-03 2.144898789411302936e-03 2.694206687668431518e-03 4.723996223517933600e-03
1.080572464928938794e-03 5.172224563779171357e-04 1.668081036537972215e-04 -3.622212690014859899e-04 -2.041322506162423969e-03 3.297684477355032617e-03 2.471393937316975452e-03 3.217203165910008898e-03 4.045103662599198145e-03 7.097131871341365826e-03
1.437090841528895204e-03 6.899633096001146770e-04 2.233813639740969367e-04 -4.823634569533998993e-04 -2.723695727106809593e-03 4.384150815639865396e-03 3.289800043127049517e-03 4.289410147022736444e-03 5.398573919235386855e-03 9.477814485007136219e-03
1.791740662520339153e-03 8.628743938305936988e-04 2.804499513092314198e-04 -6.022004188654114321e-04 -3.407060202646076518e-03 5.464087282404739634e-03 4.105453673467119105e-03 5.361519176104882767e-03 6.754651300844780049e-03 1.186613747712953262e-02
2.144502011109391572e-03 1.035957878464330469e-03 3.380200467265665918e-04 -7.217283841841368001e-04 -4.091431321263748651e-03 6.537402246322171311e-03 4.918320038789328850e-03 6.433529680634975795e-03 8.113370222514279528e-03 1.426219586480459607e-02
2.495354615100627525e-03 1.209215960881494193e-03 3.960979360123949105e-04 -8.409435097560351551e-04 -4.776824711942419775e-03 7.604002529209497735e-03 5.728363754958308747e-03 7.505441071739524760e-03 9.474765683233035696e-03 1.666608630405215161e-02
2.844277838840859711e-03 1.382650866859941275e-03 4.546900118986206508e-04 -9.598418780960851163e-04 -5.463256248774025353e-03 8.663793373495130151e-03 6.535548830531249208e-03 8.577252743698462675e-03 1.083887327828735210e-02 1.907790712514920162e-02
3.191250674943375137e-03 1.556264850992035648e-03 5.138027763485824781e-04 -1.078419495609935202e-03 -6.150742055676354861e-03 9.716678408859905428e-03 7.339838653709796802e-03 9.648964073439368627e-03 1.220572921196907100e-02 2.149775836887739960e-02
3.536251735788302920e-03 1.730060197108760148e-03 5.734428429019467702e-04 -1.196672290763039484e-03 -6.839298511214120246e-03 1.076255961803357190e-02 8.141195978957590715e-03 1.072057442000885590e-02 1.357537031060972871e-02 2.392574182370572553e-02
