0.000000000000000000e+00 0.000000000000000000e+00 0.000000000000000000e+00 0.000000000000000000e+00 0.000000000000000000e+00 0.000000000000000000e+00
2.896733894121065241e-03 -4.801694297566323159e-04 -2.416564464364286558e-03 8.289741404198752370e-03 1.029574831356192682e-02 6.391457905422055601e-03
5.795837462613853339e-03 -9.615705321298878127e-04 -4.834266930483849950e-03 1.658138445290913490e-02 2.058979932227309947e-02 1.278271147118341736e-02
8.697317626325296730e-03 -1.444208077838306323e-03 -7.253109548486741907e-03 2.487493418903528528e-02 3.088214445364158983e-02 1.917376422687117749e-02
1.160118133897635948e-02 -1.928086884694608233e-03 -9.673094454281438992e-03 3.317039565756660369e-02 4.117277515043606118e-02 2.556461968472818758e-02
1.450743558506255651e-02 -2.413211817130320614e-03 -1.209422376793188592e-02 4.146777390289980297e-02 5.146168287598562596e-02 3.195528133702758150e-02
1.741608737761676448e-02 -2.899587785627211201e-03 -1.451649959198909011e-02 4.976707396599009542e-02 6.174885911980850656e-02 3.834575265329720484e-02
2.032714375582728161e-02 -3.387219746049331594e-03 -1.693992400977734070e-02 5.806830088131757078e-02 7.203429540358416427e-02 4.473603707737643792e-02
2.324061178250094034e-02 -3.876112698866703357e-03 -1.936449908363358646e-02 6.637145967365881694e-02 8.231798328749563576e-02 5.112613802430616278e-02
2.615649854136361391e-02 -4.366271688262929850e-03 -2.179022685310004828e-02 7.467655535465134164e-02 9.259991437695852534e-02 5.751605887703378772e-02
2.907481113418684468e-02 -4.857701801118027678e-03 -2.421710933306808408e-02 8.298359291913715019e-02 1.028800803297661021e-01 6.390580298292303230e-02
