0.000000000000000000e+00 0.000000000000000000e+00 0.000000000000000000e+00 0.000000000000000000e+00 0.000000000000000000e+00 0.000000000000000000e+00 0.000000000000000000e+00 0.000000000000000000e+00 0.000000000000000000e+00 0.000000000000000000e+00
2.649244674169777547e-03 1.184059772248884958e-07 -8.918553586496097852e-04 -1.144633582167144505e-03 -6.128741182875748449e-04 8.169801783282788429e-03 8.485906148152250542e-03 5.651899628965669636e-03 2.530797812849912374e-03 5.238720155700375431e-04
5.301876618399466688e-03 -3.921136723929858313e-06 -1.786388188544094265e-03 -2.289761523568113310e-03 -1.221805747989444324e-03 1.635475729204156556e-02 1.697974953786230215e-02 1.130229265626916946e-02 5.052256628546872297e-03 1.035498633995973056e-03
7.957910182911389491e-03 -1.214880044264903154e-05 -2.683607452289128205e-03 -3.435378268193520560e-03 -1.826775639884949815e-03 2.455493302440457659e-02 2.548155910149445258e-02 1.695117142554158560e-02 7.564339546136670395e-03 1.534829010993095464e-03
1.061735977929739207e-02 -2.459505826624000871e-05 -3.583522122251008371e-03 -4.581478178157741971e-03 -2.427764397999211503e-03 3.277039580860697382e-02 3.399136402427752751e-02 2.259852827187907448e-02 1.006700939931113453e-02 2.021811964308443520e-03
1.328023987869564326e-02 -4.129068788665890902e-05 -4.486141180092910984e-03 -5.728055532898251694e-03 -3.024752477817821677e-03 4.100121280297381460e-02 4.250919375306103087e-02 2.824435552280486067e-02 1.256022875310588462e-02 2.496395969614642694e-03
1.594656508132570247e-02 -6.226670813740207283e-05 -5.391473627192037814e-03 -6.875104539036474248e-03 -3.617720206959808282e-03 4.924745162650566443e-02 5.103507789687692503e-02 3.388864548464440990e-02 1.504395994614310395e-02 2.958529207701744365e-03
1.861635001265603967e-02 -8.755448015747811785e-05 -6.299528468126064373e-03 -8.022619313962680437e-03 -4.206647750410004959e-03 5.750918016958059958e-02 5.956904638406509273e-02 3.953139046301201026e-02 1.751816502016457361e-02 3.408159485361450698e-03
2.128960939227837745e-02 -1.171856444569670773e-04 -7.210314721100187160e-03 -9.170593895665797926e-03 -4.791515131055435264e-03 6.578646672372655269e-02 6.811112936509942928e-02 4.517258274947466568e-02 1.998280576199327682e-02 3.845234282201809555e-03
2.396635801679840305e-02 -1.511921397555531302e-04 -8.123841414953567736e-03 -1.031902223948336778e-02 -5.372302222605987269e-03 7.407937995236395234e-02 7.666135724162118081e-02 5.081221462492328117e-02 2.243784368930769324e-02 4.269700734591730731e-03
2.664661075987081323e-02 -1.896062055086536469e-04 -9.040117588875604820e-03 -1.146789821747480620e-02 -5.948988748011931581e-03 8.238798889330510578e-02 8.521976067052680626e-02 5.645027835960435975e-02 2.488324004757778291e-02 4.681505632105819811e-03
