0.000000000000000000e+00 0.000000000000000000e+00 0.000000000000000000e+00 0.000000000000000000e+00
4.633502316524555869e-04 -5.513118183002053410e-04 1.520620112018997898e-03 1.870957252158506230e-03
9.263121427152973611e-04 -1.102318195442751961e-03 3.041182493005755490e-03 3.742905134526034773e-03
1.388885484760948906e-03 -1.653018923071791551e-03 4.561685580503153578e-03 5.615845456670539443e-03
1.851070009023267609e-03 -2.203413792458152904e-03 6.082127805374012812e-03 7.489780035209208514e-03
2.312865466387810202e-03 -2.753502594511379482e-03 7.602507591741660548e-03 9.364710693890724441e-03
2.774271607390505975e-03 -3.303285119777222417e-03 9.122823356954325863e-03 1.124063926363595353e-02
3.235288182215021943e-03 -3.852761158435342656e-03 1.064307351155001705e-02 1.311756758257389376e-02
3.695914940690655376e-03 -4.401930500297676629e-03 1.216325645922145676e-02 1.499549749608327688e-02
4.156151632290203124e-03 -4.950792934805620799e-03 1.368337059678110916e-02 1.687443085682905491e-02
4.615998006127308359e-03 -5.499348251028541093e-03 1.520341431412444190e-02 1.875436952480310018e-02
