0.000000000000000000e+00 0.000000000000000000e+00 0.000000000000000000e+00 0.000000000000000000e+00
1.931152823376977058e-04 -2.544183411388126898e-04 4.178272205355256148e-04 6.781923297320550156e-04
3.861866894379662493e-04 -5.087951258736636345e-04 8.356223868562499997e-04 1.356405666219627406e-03
5.792142139523255703e-04 -7.631303572813510905e-04 1.253385461172897702e-03 2.034639983524314487e-03
7.721978485271466242e-04 -1.017424038447712958e-03 1.671116405670185212e-03 2.712895255672516902e-03
9.651375858055717205e-04 -1.271676172467995627e-03 2.088815182508223321e-03 3.391171456653423091e-03
1.158033418425617658e-03 -1.525886762446831534e-03 2.506481753819840824e-03 4.069468560421498834e-03
1.350885339021841436e-03 -1.780055811498141042e-03 2.924116081713675798e-03 4.747786540893833562e-03
1.543693340223776297e-03 -2.034183322745194457e-03 3.341718128271738315e-03 5.426125371950802148e-03
1.736457414656899807e-03 -2.288269299320429447e-03 3.759287855550068769e-03 6.104485027438866923e-03
1.929177554941923162e-03 -2.542313744365979050e-03 4.176825225578908313e-03 6.782865481165183986e-03
