0.000000000000000000e+00 0.000000000000000000e+00 0.000000000000000000e+00 0.000000000000000000e+00 0.000000000000000000e+00 0.000000000000000000e+00 0.000000000000000000e+00 0.000000000000000000e+00 0.000000000000000000e+00 0.000000000000000000e+00
5.472128545016936244e-04 1.422542117691507420e-04 -9.269234338046850199e-06 -1.508595646562110437e-04 -4.939921449120672188e-04 1.836827656209288158e-03 1.129560585003937809e-03 1.072157902788008644e-03 1.042198040529707451e-03 1.626135001352156141e-03
1.094280755848550625e-03 2.844289521878211389e-04 -1.861826945124877224e-05 -3.017162478759216615e-04 -9.873789362657178596e-04 3.675303567247161559e-03 2.259485314281905501e-03 2.144234860354970063e-03 2.083897081173201760e-03 3.251637143878479373e-03
1.641206217047024105e-03 4.265237432248383852e-04 -2.804808651185669918e-05 -4.525705144407077100e-04 -1.480157283666995015e-03 5.515442686820952282e-03 3.389779672603808469e-03 3.216230860239231021e-03 3.125091618795513941e-03 4.876491738266600789e-03
2.187991796079787835e-03 5.685380984192084895e-04 -3.755968307973398185e-05 -6.034228364322740800e-04 -1.972324048435678337e-03 7.357260219155753456e-03 4.520449236818885851e-03 4.288145889563424809e-03 4.165776057909343494e-03 6.500683846766819145e-03
2.734640096989053061e-03 7.104715226852261097e-04 -4.715407348923671225e-05 -7.542736934110278900e-04 -2.463876042466624228e-03 9.200771624831594400e-03 5.651499678015852596e-03 5.359979935030438451e-03 5.205944708534518926e-03 8.124198277489932951e-03
3.281153770841084734e-03 8.523235121246888930e-04 -5.683228920451631981e-05 -9.051235725677579365e-04 -2.954810027174581584e-03 1.104599262623395459e-02 6.782936763512879483e-03 6.431732982912712060e-03 6.245591784197101343e-03 9.747019579033098374e-03
3.827535516715673686e-03 9.940935538329843946e-04 -6.659537918497746597e-05 -1.055972968882674468e-03 -3.445122712407201922e-03 1.289293921313593681e-02 7.914766358908332036e-03 7.503405019038819450e-03 7.284711399870492758e-03 1.136913203497008813e-02
4.373788082720337506e-03 1.135781125702501563e-03 -7.644441025733025277e-05 -1.206822385285041040e-03 -3.934810755335815119e-03 1.474162764843268969e-02 9.046994430178346980e-03 8.574996028778246807e-03 8.323297569870428958e-03 1.299051965819713987e-02
4.919914267029465438e-03 1.277385696219178251e-03 -8.638046750056172364e-05 -1.357672332818344804e-03 -4.423870759311307292e-03 1.659207447401553348e-02 1.017962704583008117e-02 9.646505997027942508e-03 9.361344205690591905e-03 1.461116618513732743e-02
5.465916918951772667e-03 1.418906724253668483e-03 -9.640465463811703751e-05 -1.508523330809710683e-03 -4.912299272694539004e-03 1.844429651680456680e-02 1.131267037910897895e-02 1.071793490819783132e-02 1.039884511378460705e-02 1.623105506979260343e-02
