0.000000000000000000e+00 0.000000000000000000e+00 0.000000000000000000e+00 0.000000000000000000e+00
5.300635801051882534e-03 -5.300635801051781053e-03 1.266429632571041200e-02 1.317279004361496947e-02
1.061068884790582895e-02 -1.061068884790569364e-02 2.532469795662635470e-02 2.634947478202485927e-02
1.593018922689646427e-02 -1.593018922689636713e-02 3.798113354956531018e-02 3.953012555841140668e-02
2.125916697915593984e-02 -2.125916697915568657e-02 5.063352994838305615e-02 5.271481552891949668e-02
2.659765207102623638e-02 -2.659765207102599699e-02 6.328181212032057967e-02 6.590361972630770504e-02
3.194567436200647370e-02 -3.194567436200622390e-02 7.592590308949465072e-02 7.909661512645881076e-02
3.730326357006211180e-02 -3.730326357006195914e-02 8.856572386737512903e-02 9.229388071790436965e-02
4.267044923412272733e-02 -4.267044923412248447e-02 1.012011933801088698e-01 1.054954975744961665e-01
4.804726067357234509e-02 -4.804726067357190100e-02 1.138322283925294887e-01 1.187015489314011546e-01
5.343372694454159855e-02 -5.343372694454127242e-02 1.264587434286874590e-01 1.319121202645685276e-01
