0.000000000000000000e+00 0.000000000000000000e+00 0.000000000000000000e+00 0.000000000000000000e+00 0.000000000000000000e+00 0.000000000000000000e+00 0.000000000000000000e+00 0.000000000000000000e+00 0.000000000000000000e+00 0.000000000000000000e+00
2.198567914246406674e-03 1.891807733053333979e-04 -5.274745972737535657e-04 -8.697719202824583974e-04 -9.905021605376785124e-04 6.558295087538818652e-03 7.210495676172379298e-03 5.561325608185703831e-03 3.681587103531738792e-03 2.023811262830175518e-03
4.399348494843066670e-03 3.760915740090651615e-04 -1.056554394006406191e-03 -1.740128046235266774e-03 -1.978757618960703263e-03 1.312581299934265783e-02 1.442575784946389071e-02 1.112175338754852784e-02 7.357424073235300198e-03 4.040281151847185601e-03
6.602351112483857525e-03 5.607180857114552747e-04 -1.587245009807465319e-03 -2.611068748571299374e-03 -2.964755429975637468e-03 1.970259316921437603e-02 2.164580515070428299e-02 1.668128034481988070e-02 1.102748890858931512e-02 6.049376611273139283e-03
8.807585175800651534e-03 7.430458578681427458e-04 -2.119552076780472846e-03 -3.482594375095318402e-03 -3.948484571762033053e-03 2.628867523105788903e-02 2.887065634924526961e-02 2.223990349456077265e-02 1.469175946034962862e-02 8.051064372535667382e-03
1.101506013998618597e-02 9.230603122831603381e-04 -2.653481242392071327e-03 -4.354705251430667466e-03 -4.929933948226776670e-03 3.288409903643727678e-02 3.610033034605466401e-02 2.779761985719137948e-02 1.835021343416809794e-02 1.004531095703060060e-02
1.322478550682737453e-02 1.100746741978224624e-03 -3.189038169328697273e-03 -5.227401680743071731e-03 -5.909092388326605584e-03 3.948890465605844891e-02 4.333484617536438599e-02 3.335442645926963573e-02 2.200282838906738453e-02 1.203208267423881012e-02
1.543677082473927410e-02 1.276090310061178679e-03 -3.726228535355164545e-03 -6.100683943466852360e-03 -6.885948645385803202e-03 4.610313238126600294e-02 5.057422300634728529e-02 3.891032033376310567e-02 2.564958173589278537e-02 1.401134561982916686e-02
1.765102568879917816e-02 1.449076048591512855e-03 -4.265058033173354211e-03 -6.974552297035131049e-03 -7.860491396406545442e-03 5.272682272555678784e-02 5.781848014481755227e-02 4.446529852031744917e-02 2.929045073574548796e-02 1.598306567374377374e-02
1.986755974078132508e-02 1.619688857446285619e-03 -4.805532370283237611e-03 -7.849006975612495690e-03 -8.832709241375451964e-03 5.936001642610817808e-02 6.506763703496599993e-02 5.001935806551966596e-02 3.292541249839085749e-02 1.794720849826033499e-02
2.208638266919290410e-02 1.787913503183712494e-03 -5.347657268846996333e-03 -8.724048189832791719e-03 -9.802590702562716252e-03 6.600275444532036073e-02 7.232171326112346588e-02 5.557249602315650350e-02 3.655444398064934541e-02 1.990373953604093749e-02
