0.000000000000000000e+00 0.000000000000000000e+00 0.000000000000000000e+00 0.000000000000000000e+00
4.432516897404421667e-03 -4.432516897404373962e-03 7.805699143621631225e-03 1.392507879772784431e-02
8.871009186805799140e-03 -8.871009186805809549e-03 1.560152990749480439e-02 2.786002597520488219e-02
1.331549528458969046e-02 -1.331549528458970955e-02 2.338745908087225267e-02 4.180487474317651914e-02
1.776599378966389753e-02 -1.776599378966382814e-02 3.116345321021981099e-02 5.575965855517858033e-02
2.222252349285510839e-02 -2.222252349285501472e-02 3.892947859704962155e-02 6.972441110969858358e-02
2.668510338800213905e-02 -2.668510338800215292e-02 4.668550129575803342e-02 8.369916635233971836e-02
3.115375268490224586e-02 -3.115375268490221117e-02 5.443148711149315561e-02 9.768395847795420528e-02
3.562849082426085279e-02 -3.562849082426072095e-02 6.216740159808584187e-02 1.116788219327113085e-01
4.010933749479232008e-02 -4.010933749479212579e-02 6.989321005609054616e-02 1.256837914160562342e-01
4.459631265260376870e-02 -4.459631265260372013e-02 7.760887753098245911e-02 1.396989018825138817e-01
