0.000000000000000000e+00 0.000000000000000000e+00 0.000000000000000000e+00 0.000000000000000000e+00
5.097550681666303003e-04 -5.112138357458094170e-04 1.694779433518754305e-03 1.699965681023963247e-03
1.019138712165346605e-03 -1.022081706603426366e-03 3.389990234798429675e-03 3.400472567829491630e-03
1.528150538251698241e-03 -1.532603565145309894e-03 5.085631631636650281e-03 5.101521603051445940e-03
2.036790149667605260e-03 -2.042779366698979984e-03 6.781702836646629276e-03 6.803113744300685710e-03
2.545057146573529230e-03 -2.552609069415409573e-03 8.478203046915775212e-03 8.505249964524954145e-03
3.052951125986509782e-03 -3.062092634330151539e-03 1.017513144368146528e-02 1.020793125233671744e-02
3.560471681716303582e-03 -3.571230025427351521e-03 1.187248719198945660e-02 1.191115861235033865e-02
4.067618404299516016e-03 -4.080021209703590078e-03 1.357026944035045514e-02 1.361493306552828339e-02
4.574390880932574510e-03 -4.588466157236165306e-03 1.526847732038574823e-02 1.531925564953632961e-02
5.080788695402804062e-03 -5.096564841249357110e-03 1.696710994646100090e-02 1.702412741910705463e-02
