0.000000000000000000e+00 0.000000000000000000e+00 0.000000000000000000e+00 0.000000000000000000e+00 0.000000000000000000e+00 0.000000000000000000e+00 0.000000000000000000e+00 0.000000000000000000e+00
1.339999624308222661e-03 2.155850516338532214e-03 -4.927071699918003644e-04 -3.003142970654933911e-03 1.555235050541410764e-03 8.186205133629066363e-03 1.178432060606380595e-02 5.515546957013313725e-03
2.678798920562587994e-03 4.314615551724871462e-03 -9.854604810213343780e-04 -6.007953991266080408e-03 3.108370698733466542e-03 1.637318323431909139e-02 2.357258623457962610e-02 1.102847532686314878e-02
4.016393693303334927e-03 6.476304440941873727e-03 -1.478260702192539262e-03 -9.014437432052418292e-03 4.659404934126296950e-03 2.456093905709772970e-02 3.536479611051911165e-02 1.653878313999957925e-02
5.352779715721920316e-03 8.640926605435778063e-03 -1.971108638448136434e-03 -1.202259768270930868e-02 6.208335705535105754e-03 3.274947745402019550e-02 4.716094934394062660e-02 2.204646848549448451e-02
6.687952729925321187e-03 1.080849155460119129e-02 -2.464005134414010319e-03 -1.503243915011219164e-02 7.755160920564524440e-03 4.093880337617002846e-02 5.896104492673635150e-02 2.755152951276699375e-02
8.021908447234670642e-03 1.297900888709801852e-02 -2.956951078482270793e-03 -1.804396625585006492e-02 9.299878445149910994e-03 4.912892187568714680e-02 7.076508172931858520e-02 3.305396443333005752e-02
9.354642548518763215e-03 1.515248829219777507e-02 -3.449947407139883522e-03 -2.105718343357624797e-02 1.084248610311696823e-02 5.731983810781468569e-02 8.257305849725252167e-02 3.855377152254926831e-02
1.068615068456245376e-02 1.732893955115363122e-02 -3.942995109546754834e-03 -2.407209512616886177e-02 1.238298167575987638e-02 6.551155733297134298e-02 9.438497384784036437e-02 4.405094912140986724e-02
1.201642847647166508e-02 1.950837253858865583e-02 -4.436095232367065835e-03 -2.708870578269265833e-02 1.392136290144201267e-02 7.370408491883757851e-02 1.062008262666655489e-01 4.954549563828385128e-02
1.334547151611443529e-02 2.169079722389655532e-02 -4.929248884859054741e-03 -3.010701985515134432e-02 1.545762747521450299e-02 8.189742634246321984e-02 1.180206141041071771e-01 5.503740955069166829e-02
