0.000000000000000000e+00 0.000000000000000000e+00 0.000000000000000000e+00 0.000000000000000000e+00 0.000000000000000000e+00 0.000000000000000000e+00
5.880997225279722615e-04 -2.161367006632913826e-05 -4.559227523510434878e-04 2.002930749160653640e-03 1.020069459693069168e-03 1.476002841627075237e-03
1.175909736110465923e-03 -4.325300266164445160e-05 -9.113903710016541893e-04 4.007232217770714984e-03 2.040062045571590810e-03 2.951607638017496663e-03
1.763429847707500935e-03 -6.491805202690397521e-05 -1.366402440796452792e-03 6.012907767417910963e-03 3.059977731623083914e-03 4.426811307776030470e-03
2.350659863724574670e-03 -8.660887263925345480e-05 -1.820958545430085770e-03 8.019960774851881899e-03 4.079816491623441607e-03 5.901610755229294743e-03
2.937599590035300939e-03 -1.083255192172186078e-04 -2.275058267427272542e-03 1.002839463216207219e-02 5.099578299142946101e-03 7.376002870289849293e-03
3.524248831977949432e-03 -1.300680467212348204e-04 -2.728701188135842018e-03 1.203821274687169249e-02 6.119263127544826916e-03 8.849984528370841846e-03
4.110607394349999333e-03 -1.518365103566864647e-04 -3.181886887716889670e-03 1.404941854202713426e-02 7.138870949982716041e-03 1.032355259030496263e-02
4.696675081403329371e-03 -1.736309655741777183e-04 -3.634614945137314753e-03 1.606201545629199617e-02 8.158401739399578911e-03 1.179670390226270592e-02
5.282451696840422678e-03 -1.954514680716180008e-04 -4.086884938161017451e-03 1.807600694404089617e-02 9.177855468524891147e-03 1.326943529566629656e-02
5.867937043808073641e-03 -2.172980737956836130e-04 -4.538696443339786807e-03 2.009139647545194265e-02 1.019723210987411553e-02 1.474174358710613614e-02
