0.000000000000000000e+00 0.000000000000000000e+00 0.000000000000000000e+00 0.000000000000000000e+00 0.000000000000000000e+00 0.000000000000000000e+00
3.172502547272705673e-04 2.772082627355993150e-04 -6.621980756074352615e-04 1.187970680566140984e-03 1.111389933448902545e-03 1.957309016232267659e-03
6.343195049506981670e-04 5.544658362867403495e-04 -1.323941514457587128e-03 2.376229288163558221e-03 2.222690581572461018e-03 3.915060310056020509e-03
9.512076629909638073e-04 8.317727268014170556e-04 -1.985230055872744953e-03 3.564775954369641103e-03 3.333901882119470576e-03 5.873253740478141631e-03
1.267914641086389030e-03 1.109128940437100830e-03 -2.646063439142040154e-03 4.753610810895937330e-03 4.445023772780399771e-03 7.831889166093501664e-03
1.584440351393094203e-03 1.386534483362399182e-03 -3.306441403524356532e-03 5.942733989592237538e-03 5.556056191195759067e-03 9.790966445113291616e-03
1.900784705984857144e-03 1.663989361757321631e-03 -3.966363688247346794e-03 7.132145622444554557e-03 6.666999074955405440e-03 1.175048543536334408e-02
2.216947616852566784e-03 1.941493581813268868e-03 -4.625830032507861900e-03 8.321845841577215491e-03 7.777852361598765717e-03 1.371044599428607701e-02
2.532928995904539654e-03 2.219047149732966944e-03 -5.284840175471242421e-03 9.511834779252187344e-03 8.888615988613783603e-03 1.567084797893839726e-02
2.848728754965954794e-03 2.496650071730753713e-03 -5.943393856270728741e-03 1.070211256786956881e-02 9.999289893438186028e-03 1.763169124599251597e-02
3.164346805778632792e-03 2.774302354032304532e-03 -6.601490814007828813e-03 1.189267933996811591e-02 1.110987401345885257e-02 1.959297565173705527e-02
