0.000000000000000000e+00 0.000000000000000000e+00 0.000000000000000000e+00 0.000000000000000000e+00
6.560590036365925070e-04 -4.721781503432127781e-04 2.239470695885141527e-03 1.512834929957883063e-03
1.312577104566738399e-03 -9.429801542171676286e-04 4.484037980920945778e-03 3.021791779852842259e-03
1.969565643141819693e-03 -1.412392627410310932e-03 6.733767382005305738e-03 4.526806381396798230e-03
2.627036161755232600e-03 -1.880401937348770078e-03 8.988725643119591796e-03 6.027813384391247920e-03
3.285000409670575834e-03 -2.346994197305922285e-03 1.124898075449103432e-02 7.524746229512055753e-03
3.943470347565704651e-03 -2.812155260303224498e-03 1.351460198164822907e-02 9.017537120508780854e-03
4.602458152200184990e-03 -3.275870712835618394e-03 1.578565989528573493e-02 1.050611699563013500e-02
5.261976221202399953e-03 -3.738125868416152485e-03 1.806222640197761506e-02 1.199041549826152138e-02
5.922037177986857678e-03 -4.198905760929108090e-03 2.034437477575447295e-02 1.347036094673814514e-02
6.582653876801463841e-03 -4.658195137790349834e-03 2.263217969057998435e-02 1.494588030331879015e-02
