0.000000000000000000e+00 0.000000000000000000e+00 0.000000000000000000e+00 0.000000000000000000e+00 0.000000000000000000e+00 0.000000000000000000e+00
7.170731776927206013e-04 -6.408151227938652550e-05 -3.483066936134552411e-04 2.500077455986592957e-03 1.097239268515015197e-03 1.043597808383683401e-03
1.435312186991152816e-03 -1.287301367942000679e-04 -6.945048209133638465e-04 5.008841744978285646e-03 2.194372953083931210e-03 2.079687240415591717e-03
2.154734609442530459e-03 -1.939530285692546733e-04 -1.038571100193548622e-03 7.526402959227015271e-03 3.291400326443032209e-03 3.108162459740497659e-03
2.875358301711930346e-03 -2.597574659593736789e-04 -1.380481823413485859e-03 1.005287312134010673e-02 4.388320639867405830e-03 4.128915816321211511e-03
3.597201399686507806e-03 -3.261508525747603424e-04 -1.720212849279322692e-03 1.258836621969072582e-02 5.485133122816058214e-03 5.141837817005954006e-03
4.320282323811952888e-03 -3.931407199867113572e-04 -2.057739593210698714e-03 1.513299825151000547e-02 6.581836982262793435e-03 6.146817086234197466e-03
5.044619784549904395e-03 -4.607347305045921167e-04 -2.393037017026894420e-03 1.768688726710420170e-02 7.678431402006286217e-03 7.143740325730793018e-03
5.770232787955677407e-03 -5.289406800240162515e-04 -2.726079618348478933e-03 2.025015341524556006e-02 8.774915541953564810e-03 8.132492273172087227e-03
6.497140641383986059e-03 -5.977665009493870162e-04 -3.056841419700556239e-03 2.282291898976894495e-02 9.871288537383473422e-03 9.112955659780916373e-03
7.225362959323701137e-03 -6.672202651941354758e-04 -3.385295957310277028e-03 2.540530847740308032e-02 1.096754949817993312e-02 1.008501116682619485e-02
