0.000000000000000000e+00 0.000000000000000000e+00 0.000000000000000000e+00 0.000000000000000000e+00 0.000000000000000000e+00 0.000000000000000000e+00 0.000000000000000000e+00 0.000000000000000000e+00
1.787474727566039367e-03 1.794117045865084538e-03 -1.878995040440098810e-03 -1.702596732990874825e-03 2.370956294475683006e-03 9.668697421866720779e-03 8.624702400966514915e-03 3.545828370136068497e-03
3.574124307895768047e-03 3.591813486076008560e-03 -3.761146099482878900e-03 -3.404791694488872120e-03 4.739342442454569197e-03 1.934026801502041620e-02 1.725072806740225034e-02 7.090030450012900845e-03
5.359943784656255594e-03 5.393105345978389635e-03 -5.646465749558767303e-03 -5.106583381075725271e-03 7.105156251260942232e-03 2.901471307064952196e-02 2.587807990685339621e-02 1.063260423357172829e-02
7.144928162147668599e-03 7.198008799698847604e-03 -7.534966681001637606e-03 -6.807970280844727676e-03 9.468395499465948745e-03 3.869203388421076084e-02 3.450676086149617738e-02 1.417354770460806102e-02
8.929072405771103921e-03 9.006540170662399522e-03 -9.426661703529142303e-03 -8.508950872904147769e-03 1.182905793614461194e-02 4.837223175504624939e-02 4.313677390980862753e-02 1.771285883622646107e-02
1.071237144257404517e-02 1.081871593202582589e-02 -1.132156374774800911e-02 -1.020952362685155837e-02 1.418714128013493121e-02 5.805530798592207359e-02 5.176812206835915836e-02 2.125053559025449207e-02
1.249482016188077811e-02 1.263455270702108085e-02 -1.321968586668540238e-02 -1.190968700221611311e-02 1.654264321929651421e-02 6.774126388248405406e-02 6.040080839372279770e-02 2.478657591661281162e-02
1.427641341601274330e-02 1.445406726919854293e-02 -1.512104123734251890e-02 -1.360943944786845855e-02 1.889556140977149273e-02 7.743010075262238279e-02 6.903483598452683778e-02 2.832097775264053735e-02
1.605714602110402955e-02 1.627727654256233558e-02 -1.702564316227020424e-02 -1.530877940139575323e-02 2.124589347525394911e-02 8.712181990574047186e-02 7.767020798364385192e-02 3.185373902236831450e-02
1.783701275802018413e-02 1.810419760158463523e-02 -1.893350507116376910e-02 -1.700770528844060617e-02 2.359363700626074256e-02 9.681642265191832408e-02 8.630692758053075397e-02 3.538485763574175658e-02
