0.000000000000000000e+00 0.000000000000000000e+00 0.000000000000000000e+00 0.000000000000000000e+00 0.000000000000000000e+00 0.000000000000000000e+00 0.000000000000000000e+00 0.000000000000000000e+00 0.000000000000000000e+00 0.000000000000000000e+00
5.796653215185703810e-04 2.170484685065924619e-05 1.303897700608648883e-04 -1.585349576170733089e-04 -4.949197108893068622e-04 2.102943721131644763e-03 9.639808072796061424e-04 1.049930083483455526e-03 1.095563350241919153e-03 1.577428757784183136e-03
1.158886819735925871e-03 4.337194996752828793e-05 2.608721199935346859e-04 -3.170555234228693980e-04 -9.895455523707878762e-04 4.206876166444548266e-03 1.927744699954785220e-03 2.099827796371119947e-03 2.191053421648840507e-03 3.155237451259895742e-03
1.737663925545328714e-03 6.500139007361600959e-05 3.914471097827238811e-04 -4.755616943913133798e-04 -1.483877351167830040e-03 6.311798241177367548e-03 2.891291454020202770e-03 3.149693211740914583e-03 3.286470130848465846e-03 4.733426147191475801e-03
2.315996068766350106e-03 8.659324811539218024e-05 5.221147995124664947e-04 -6.340534674570132926e-04 -1.977914933866913375e-03 8.417710852153214435e-03 3.854620845097364926e-03 4.199526402780472470e-03 4.381813394324893945e-03 6.311994912221025739e-03
2.893882678142440604e-03 1.081476052647986147e-04 6.528752493675112588e-04 -7.925308395146534899e-04 -2.471658126916877023e-03 1.052461490781216383e-02 4.817732648434956688e-03 5.249327442795635040e-03 5.477083128421850189e-03 7.890943812877068697e-03
3.471323181337000654e-03 1.296645429197332700e-04 7.837285196334548920e-04 -9.509938074189872676e-04 -2.965106756629593519e-03 1.263251131821824420e-02 5.780626638907417937e-03 6.299096405208031747e-03 6.572279249343045658e-03 9.470272915575611919e-03
4.048317004930342654e-03 1.511441427047295724e-04 9.146746706976292482e-04 -1.109442367984992935e-03 -3.458260649179044615e-03 1.474140099506414218e-02 6.743302591015840064e-03 7.348833363556035898e-03 7.667401673150588126e-03 1.104998228661807462e-02
4.624863574415489023e-03 1.725864864718850637e-04 1.045713763049133408e-03 -1.267876517986337662e-03 -3.951119630601148888e-03 1.685128485167837822e-02 7.705760278884535991e-03 8.398538391494913408e-03 8.762450315767040740e-03 1.263007199219165488e-02
5.200962314195396209e-03 1.939916563013974172e-04 1.176845857279768589e-03 -1.426296254156953153e-03 -4.443683526793832002e-03 1.896216380303090976e-02 8.667999476261036701e-03 9.448211562796618099e-03 9.857425092971884920e-03 1.421054209836880404e-02
5.776612647578325578e-03 2.153597345022882376e-04 1.308071014083899038e-03 -1.584701573189158455e-03 -4.935952163515978930e-03 2.107403876573870141e-02 9.630019956513719004e-03 1.049785295135031646e-02 1.095232592040434882e-02 1.579139267110646339e-02
