0.000000000000000000e+00 0.000000000000000000e+00 0.000000000000000000e+00 0.000000000000000000e+00 0.000000000000000000e+00 0.000000000000000000e+00
2.640956791504850344e-04 6.458699280041363779e-05 -6.360367487334876247e-04 7.636892002403397302e-04 9.262298070901836241e-04 2.231345521914097473e-03
5.264763450642984295e-04 1.296431174128154511e-04 -1.273069151986952908e-03 1.521080411021089734e-03 1.852375787451997994e-03 4.469868780230435053e-03
7.871258427129086341e-04 1.951732226110300969e-04 -1.911108751226893530e-03 2.272101586271332591e-03 2.778437328444359304e-03 6.715645344858499517e-03
1.046027769403340673e-03 2.611822261146482123e-04 -2.550167232342811542e-03 3.016679665697282863e-03 3.704413802685717957e-03 8.968751880196725035e-03
1.303165472839462255e-03 3.276751150306338178e-04 -3.190256426246008362e-03 3.754740566559789869e-03 4.630304567892209837e-03 1.122926615701794889e-02
1.558522046325454876e-03 3.946569470815935532e-04 -3.831388311046594972e-03 4.486209165877234374e-03 5.556108966506085808e-03 1.349726707239010809e-02
1.812080323860181062e-03 4.621328518596985843e-04 -4.473575014267424516e-03 5.211009282255640689e-03 6.481826325309697143e-03 1.577283467003110645e-02
2.063822875116760620e-03 5.301080321074101015e-04 -5.116828815098414460e-03 5.929063657339072105e-03 7.407455955031186368e-03 1.805605016110142444e-02
2.313732000308193777e-03 5.985877650259388994e-04 -5.761162146687366474e-03 6.640293936873684771e-03 8.332997149939378595e-03 2.034699594544498932e-02
2.561789724932500827e-03 6.675774036117459488e-04 -6.406587598472002903e-03 7.344620651369478809e-03 9.258449187425228308e-03 2.264575563330245567e-02
