0.000000000000000000e+00 0.000000000000000000e+00 0.000000000000000000e+00 0.000000000000000000e+00 0.000000000000000000e+00 0.000000000000000000e+00 0.000000000000000000e+00 0.000000000000000000e+00
1.289070999184319935e-03 5.566842594509834822e-04 -9.342778849411805149e-04 -9.114773736942238412e-04 4.114906992234658792e-03 8.505831636975031904e-03 9.944296487692785499e-03 3.567998750697467473e-03
2.578636018833489925e-03 1.114924814910267514e-03 -1.872339035021152636e-03 -1.821221798722458870e-03 8.228315464593084425e-03 1.701352052691605318e-02 1.988990259068060262e-02 7.134329153009606739e-03
3.868688909855153360e-03 1.674740454818882075e-03 -2.814218212224523386e-03 -2.729211152449317109e-03 1.234021368918235967e-02 2.552308465743224203e-02 2.983682391289952524e-02 1.069897934328476255e-02
5.159223308020992500e-03 2.236150340217558236e-03 -3.759950750598535334e-03 -3.635422897639956855e-03 1.645058976544194751e-02 3.403454228177017760e-02 3.978506616027236570e-02 1.426193726291448069e-02
6.450232627245983640e-03 2.799174015202725990e-03 -4.709572570502747017e-03 -4.539834071945867203e-03 2.055943161647236575e-02 4.254791192464492389e-02 4.973463514308639616e-02 1.782319065379501383e-02
7.741710052647570069e-03 3.363831417802479098e-03 -5.663120193433361128e-03 -5.442421277016679798e-03 2.466672698526120242e-02 5.106321238821565078e-02 5.968553677848607852e-02 2.138272705363602685e-02
9.033648533377281603e-03 3.930142891294752597e-03 -6.620630757454856394e-03 -6.343160667216980048e-03 2.877246343080379007e-02 5.958046275820546439e-02 6.963777709308244246e-02 2.494053379110692734e-02
1.032604077521563461e-02 4.498129195989971664e-03 -7.582142033274081455e-03 -7.242027937931459769e-03 3.287662832411421265e-02 6.809968241017608226e-02 7.959136222569296315e-02 2.849659798081521575e-02
1.161887923292188179e-02 5.067811521507020051e-03 -8.547692440993530719e-03 -8.138998313435216736e-03 3.697920884412427001e-02 7.662089101595952190e-02 8.954629843020840696e-02 3.205090651810618002e-02
1.291215610232668114e-02 5.639211499565288319e-03 -9.517321067582091426e-03 -9.034046534309779150e-03 4.108019197346162582e-02 8.514410855025904279e-02 9.950259207860004396e-02 3.560344607367711689e-02
