0.000000000000000000e+00 0.000000000000000000e+00 0.000000000000000000e+00 0.000000000000000000e+00 0.000000000000000000e+00 0.000000000000000000e+00
2.440023163680083741e-03 -4.517331818412869890e-05 -2.394849845495791545e-03 7.161280126631199353e-03 9.027689526543319562e-03 7.533109857275785588e-03
4.881791469159841093e-03 -9.036360021718106705e-05 -4.791427868942599311e-03 1.432326672384515512e-02 1.805296045652383247e-02 1.506793184053084253e-02
7.325309282281609879e-03 -1.355705340406539346e-04 -7.189738748240901735e-03 2.148596118459280072e-02 2.707580763544889177e-02 2.260446971130770574e-02
9.770580983958328941e-03 -1.807938055038401173e-04 -9.589787178454160094e-03 2.864936488222273592e-02 3.609622594406924206e-02 3.014272721550799103e-02
1.221761096945883293e-02 -2.260330979552025929e-04 -1.199157787150333630e-02 3.581347916901965467e-02 4.511421030103461571e-02 3.768270808219544021e-02
1.466640364767063734e-02 -2.712880917835861112e-04 -1.439511555588663012e-02 4.297830537468368822e-02 5.412975566566115976e-02 4.522441602235485747e-02
1.711696344033429573e-02 -3.165584639056783986e-04 -1.680040497642837014e-02 5.014384480474190497e-02 6.314285704081692985e-02 5.276785472759054629e-02
1.956929478125419772e-02 -3.618438871959310174e-04 -1.920745089405774542e-02 5.731009873889308937e-02 7.215350947593349162e-02 6.031302786877285049e-02
2.202340211547686513e-02 -4.071440298547557290e-04 -2.161625808562156123e-02 6.447706842927705684e-02 8.116170807015733735e-02 6.785993909461528195e-02
2.447928989844128447e-02 -4.524585547092431492e-04 -2.402683134373151397e-02 7.164475509866773117e-02 9.016744797564457681e-02 7.540859203018746015e-02
