0.000000000000000000e+00 0.000000000000000000e+00 0.000000000000000000e+00 0.000000000000000000e+00 0.000000000000000000e+00 0.000000000000000000e+00 0.000000000000000000e+00 0.000000000000000000e+00
1.393446366678865230e-03 1.028295905254635175e-04 9.968429520291663924e-05 -1.595960245184768755e-03 4.823902671330223754e-03 6.482143564797615033e-03 8.035220272182588136e-03 4.739943182530138507e-03
2.788565765010486610e-03 2.043911385417783661e-04 2.011809652570704758e-04 -3.194137861484468068e-03 9.645844480571586638e-03 1.296603314193306780e-02 1.607257916793566194e-02 9.477962528334729631e-03
4.185366008415957427e-03 3.046677201610260843e-04 3.045106164240116847e-04 -4.794544337575406406e-03 1.446581017943980065e-02 1.945168350572542421e-02 2.411209131166812750e-02 1.421404394977108902e-02
5.583854969316699897e-03 4.036421568455819415e-04 4.096941567476803173e-04 -6.397191275385738507e-03 1.928378434826195226e-02 2.593910957319121857e-02 3.215377145959798927e-02 1.894817319327234476e-02
6.984040578174799223e-03 5.012970141607354588e-04 5.167528010339862005e-04 -8.002090385748915347e-03 2.409975140244286287e-02 3.242832641738881139e-02 4.019763453436712292e-02 2.368033584772589323e-02
8.385930823888701827e-03 5.976145971288968940e-04 6.257080764305632606e-04 -9.609253489734195797e-03 2.891369558969105955e-02 3.891934926994778526e-02 4.824369562795034760e-02 2.841051734181112426e-02
9.789533754195176365e-03 6.925769454874130572e-04 7.365818281060932879e-04 -1.121869251998457509e-02 3.372560098718367649e-02 4.541219352363885103e-02 5.629197000464955525e-02 3.313870294127001931e-02
1.119485747994127152e-02 7.861658250767414313e-04 8.493962255564915451e-04 -1.283041953057418270e-02 3.853545149314229618e-02 5.190687472673302660e-02 6.434247307438797914e-02 3.786487773788749234e-02
1.260191016048968320e-02 8.783627379364573190e-04 9.641737663332369118e-04 -1.444444666475916753e-02 4.334323084663163628e-02 5.840340861913229098e-02 7.239522051542215952e-02 4.258902667998390457e-02
1.401070002602859167e-02 9.691488947670065524e-04 1.080937285279965146e-03 -1.606078620607531704e-02 4.814892258946548709e-02 6.490181108426923418e-02 8.045022809772754691e-02 4.731113451872628883e-02
