0.000000000000000000e+00 0.000000000000000000e+00 0.000000000000000000e+00 0.000000000000000000e+00 0.000000000000000000e+00 0.000000000000000000e+00 0.000000000000000000e+00 0.000000000000000000e+00 0.000000000000000000e+00 0.000000000000000000e+00
4.367449775094019594e-04 1.564560322866991331e-04 -1.241523661562614659e-04 -9.925365664453368966e-05 -3.054343211970321232e-04 7.919900274759689943e-04 2.367135224016224219e-03 1.886226159910463739e-03 1.381367418965125495e-03 5.934322535966469027e-04
8.733241237283975115e-04 3.128660017319339010e-04 -2.482542453501740951e-04 -1.984622525374346200e-04 -6.108019348478364125e-04 1.583814183432638448e-03 4.734427957244626700e-03 3.772413479030510639e-03 2.762748555377254368e-03 1.186807905098098042e-03
1.309737484004741721e-03 4.692298991906653297e-04 -3.723056264424368989e-04 -2.976257931324824716e-04 -9.161028533503771422e-04 2.375472429198796295e-03 7.101878272494592699e-03 5.658561953465270598e-03 4.144143413611725037e-03 1.780126936457619279e-03
1.745985103745325943e-03 6.255477155683771820e-04 -4.963064983594502391e-04 -3.967442838995232290e-04 -1.221337089111432933e-03 3.166964726202451015e-03 9.469486242463990774e-03 7.544671579343646163e-03 5.525551998030662527e-03 2.373389329641598794e-03
2.182067028419632741e-03 7.818194418233012557e-04 -6.202568500978697212e-04 -4.958177303254550188e-04 -1.526504654546486164e-03 3.958291035979385336e-03 1.183725193980868923e-02 9.430742352859126237e-03 6.906974312994686345e-03 2.966595066630502587e-03
2.617983303559448787e-03 9.380450689669508381e-04 -7.441566707237806015e-04 -5.948461379146775113e-04 -1.831605562080198396e-03 4.749451320172385152e-03 1.420517543714727368e-02 1.131677427027086465e-02 8.288410362862845202e-03 3.559744129418475605e-03
3.053733974759758902e-03 1.094224588064016514e-03 -8.680059493725978239e-04 -6.938295121883557206e-04 -2.136639824146034043e-03 5.540445540531289612e-03 1.657325680705705115e-02 1.320276732790352271e-02 9.669860151991909250e-03 4.152836500013667650e-03
3.489319087677024769e-03 1.250357990232218389e-03 -9.918046752494791545e-04 -7.927678586849820543e-04 -2.441607453186579561e-03 6.331273658912834126e-03 1.894149612207677788e-02 1.508872152214662393e-02 1.105132368473723745e-02 4.745872160439090770e-03
3.924738688029961661e-03 1.406445266641952315e-03 -1.115552837628898657e-03 -8.916611829599843751e-04 -2.746508461653442840e-03 7.121935637280203679e-03 2.130989345470599497e-02 1.697463684945504578e-02 1.243280096545292153e-02 5.338851092730165920e-03
4.359992821599406598e-03 1.562486408516733111e-03 -1.239250425853896968e-03 -9.905094905857483346e-04 -3.051342862007030716e-03 7.912431437703240991e-03 2.367844887740440385e-02 1.886051330634923653e-02 1.381429199848987870e-02 5.931773278937248726e-03
