0.000000000000000000e+00 0.000000000000000000e+00 0.000000000000000000e+00 0.000000000000000000e+00
1.696238302634290110e-02 -1.696238302634397316e-02 7.023157758376887688e-03 1.644440118623367170e-02
3.163015393703257072e-02 -3.163015393702323791e-02 1.409220032975135040e-02 3.284291755956012665e-02
4.055676849530522043e-02 -4.055676849426323449e-02 2.124156694120167554e-02 4.916110989084551686e-02
3.963180127754852011e-02 -3.963180127457001378e-02 2.851102213042437314e-02 6.535921364585536852e-02
2.894337959080058378e-02 -2.894337959155293682e-02 3.590830714360748049e-02 8.142948757931631198e-02
1.248685184101932730e-02 -1.248685184101769319e-02 4.340491508487623329e-02 9.740043858271214827e-02
-6.463823054934913007e-03 6.463823030345178244e-03 5.095942704198451467e-02 1.133134856113373057e-01
-2.619506151753610290e-02 2.619506151753853151e-02 5.853847466924617937e-02 1.292019968875377511e-01
-4.588397119474126040e-02 4.588397119474396657e-02 6.612638352577582257e-02 1.450816469756057436e-01
-6.515860540834467196e-02 6.515860540834722547e-02 7.371785496950253314e-02 1.609577344764759887e-01
