0.000000000000000000e+00 0.000000000000000000e+00 0.000000000000000000e+00 0.000000000000000000e+00 0.000000000000000000e+00 0.000000000000000000e+00 0.000000000000000000e+00 0.000000000000000000e+00 0.000000000000000000e+00 0.000000000000000000e+00
6.126021100316081337e-04 1.246488930949969046e-03 -3.235031106231592291e-04 -8.379765282897949814e-04 -6.976114020686950690e-04 1.022522700200589017e-03 5.654249103328641730e-03 1.040890304126462079e-02 4.431499574428967268e-03 1.498167705960679139e-03
1.224017651958681906e-03 2.494861607213511370e-03 -6.484540860525771959e-04 -1.675832614203392502e-03 -1.394592558916314326e-03 2.044086579388015509e-03 1.130877247204741670e-02 2.081952450950744216e-02 8.862756320800045662e-03 2.995544368624411969e-03
1.834238503387274110e-03 3.745129916271391045e-03 -9.748651658650795901e-04 -2.513564775769318825e-03 -2.090938478024315095e-03 3.064687511344480180e-03 1.696357952378604178e-02 3.123185743516185969e-02 1.329377511570163824e-02 4.492126789556843448e-03
2.443256426636820910e-03 4.997305861032264214e-03 -1.302748730287288815e-03 -3.351169445715757034e-03 -2.786644111666070067e-03 4.084321306185369725e-03 2.261867981753396331e-02 4.164589477799324896e-02 1.772456085879948670e-02 5.987911740222250090e-03
3.051063066146021945e-03 6.251401559103311571e-03 -1.632117299075175419e-03 -4.188642969425318899e-03 -3.481704356748743789e-03 5.102983708920677541e-03 2.827408305665295510e-02 5.206162942629918855e-02 2.215511847211153879e-02 7.482895961933293261e-03
3.657649945807601305e-03 7.507429241891213148e-03 -1.962983530113656706e-03 -5.025981602884150266e-03 -4.176114054700962377e-03 6.120670397978872877e-03 3.392979909192021803e-02 6.247905419615727707e-02 2.658545289921954852e-02 8.977076165825798038e-03
4.263008466231879047e-03 8.765401253522302899e-03 -2.295360217716811355e-03 -5.863181510629303893e-03 -4.869867991408076240e-03 7.137376983692561398e-03 3.958583792460019374e-02 7.289816183072696243e-02 3.101556910440866899e-02 1.047044903285703626e-02
4.867129901937468708e-03 1.002533004956937188e-02 -2.629260290608020738e-03 -6.700238763699545297e-03 -5.562960897199207763e-03 8.153099006741888755e-03 4.524220970953826693e-02 8.331894499961124689e-02 3.544547207174135461e-02 1.196301121383600702e-02
5.470005398469408517e-03 1.128722819557247646e-02 -2.964696809558434783e-03 -7.537149337592726275e-03 -6.255387446890751241e-03 9.167831936561732231e-03 5.089892475827333118e-02 9.374139629828485976e-02 3.987516680405245317e-02 1.345475932947972665e-02
6.071625969441656057e-03 1.255110836534284111e-02 -3.301682964661956446e-03 -8.373909110236013587e-03 -6.947142259886482027e-03 1.018157116970556247e-02 5.655599354216041957e-02 1.041655082475986538e-01 4.430465832186857023e-02 1.494568997050231378e-02
