0.000000000000000000e+00 0.000000000000000000e+00 0.000000000000000000e+00 0.000000000000000000e+00 0.000000000000000000e+00 0.000000000000000000e+00 0.000000000000000000e+00 0.000000000000000000e+00 0.000000000000000000e+00 0.000000000000000000e+00
1.841932788634786716e-04 2.025193434760722271e-04 1.161015109041407220e-04 -9.506292891204642318e-05 -8.845393483958204897e-04 3.811197244650467854e-04 5.002265182542753146e-04 1.038149715850991694e-03 1.591716764732449422e-03 3.170579425945990477e-03
3.673876762807912937e-04 4.049279715587707934e-04 2.323127752613117795e-04 -1.898850931650030989e-04 -1.768759551366424695e-03 7.586156067602652141e-04 9.991668955026172718e-04 2.076115513019333950e-03 3.184546119153627841e-03 6.346262951783746518e-03
5.495804091406717882e-04 6.072250386548865573e-04 3.486339522605642872e-04 -2.844654385642709669e-04 -2.652658116407097515e-03 1.132475212219456609e-03 1.496817243575085344e-03 3.113896538384628224e-03 4.778491507102488635e-03 9.527067404439580958e-03
7.307686758436224067e-04 8.094096937418250289e-04 4.650652018006199632e-04 -3.788029042630594199e-04 -3.536232533298038806e-03 1.502686055591544861e-03 1.993173655246436964e-03 4.151491933164948300e-03 6.373556388043874650e-03 1.271300969109798000e-02
9.109496564491581429e-04 1.011481080330652342e-03 5.816066844414713010e-04 -4.728964227579513608e-04 -4.419480274002228828e-03 1.869235601377066975e-03 2.488232204398655497e-03 5.188900832924370730e-03 7.969744237013203295e-03 1.590410679941657579e-02
1.090120512526122432e-03 1.213438336426776037e-03 6.982585614095939384e-04 -5.667449198399499705e-04 -5.302398792529965967e-03 2.232111263528031592e-03 2.981988945892182809e-03 6.226122367531046996e-03 9.567058544719432567e-03 1.910037579804635052e-02
1.268278386999597152e-03 1.415280594490892158e-03 8.150209946022088196e-04 -6.603473145432793741e-04 -6.184985524801669618e-03 2.591300405148711395e-03 3.474439915435098558e-03 7.263155661116026812e-03 1.116550281764996239e-02 2.230183383715924825e-02
1.445420403998411759e-03 1.617006981398905977e-03 9.318941465924762821e-04 -7.537025190945130081e-04 -7.067237888510128838e-03 2.946790338191082256e-03 3.965581129453821935e-03 8.299999832032214572e-03 1.276508057817559751e-02 2.550849814897704002e-02
1.621543668699806495e-03 1.818616618402673583e-03 1.048878180634006067e-03 -8.468094388609674400e-04 -7.949153282980399998e-03 3.298568323148493193e-03 4.455408584960506360e-03 9.336653992812539091e-03 1.436579536465829553e-02 2.872038604830747660e-02
1.796645267173810128e-03 2.020108621088996699e-03 1.165973260665665971e-03 -9.396669722991149443e-04 -8.830729089029317608e-03 3.646621568748098161e-03 4.943918259419495705e-03 1.037311725012739043e-02 1.596765073155705789e-02 3.193751493308318729e-02
