0.000000000000000000e+00 0.000000000000000000e+00 0.000000000000000000e+00 0.000000000000000000e+00 0.000000000000000000e+00 0.000000000000000000e+00 0.000000000000000000e+00 0.000000000000000000e+00 0.000000000000000000e+00 0.000000000000000000e+00
6.233135724993271471e-04 1.142488326239207323e-04 2.814269651108563384e-06 -1.434337597707469882e-04 -5.185327862777660288e-04 2.201636644832662831e-03 1.194123920008045717e-03 1.082636385326898962e-03 1.051364442921300275e-03 1.714182520326711480e-03
1.246121315238708175e-03 2.284089109353881959e-04 5.675227163471647278e-06 -2.867832880000496256e-04 -1.036652565149296171e-03 4.404417063644507080e-03 2.388179366717822164e-03 2.165113907022356721e-03 2.102597551930054064e-03 3.428644505691586051e-03
1.868422636027051347e-03 3.424801973743582723e-04 8.582971378491766116e-06 -4.300485175458282827e-04 -1.554359142378759339e-03 6.608342487751819525e-03 3.582166308834897235e-03 3.247432447476354764e-03 3.153699233746820769e-03 5.143385499658009730e-03
2.490216941542789438e-03 4.564626542687044079e-04 1.153760141091706574e-05 -5.732293810760083919e-04 -2.071652323738741759e-03 8.813414151132731647e-03 4.776084715055574532e-03 4.329591888824713304e-03 4.204669394859205517e-03 6.858405044049789567e-03
3.111503637334655376e-03 5.703562438299158380e-04 1.453921665031124449e-05 -7.163258110655099705e-04 -2.588531915009744007e-03 1.101963329047152100e-02 5.969934554075704246e-03 5.411592112949017118e-03 5.255507941521407253e-03 8.573702678948165803e-03
3.732282127817508274e-03 6.841609281519132457e-04 1.758791676252299818e-05 -8.593377397946221031e-04 -3.104997721979352136e-03 1.322700114517102489e-02 7.163715794593151880e-03 6.493433001478534153e-03 6.306214779759122813e-03 1.028927794268610224e-02
4.352551816268134324e-03 7.978766692111858043e-04 2.068380169071362616e-05 -1.002265099349542278e-03 -3.621049550443168358e-03 1.543551895736117001e-02 8.357428405305757785e-03 7.575114435788029774e-03 7.356789815361388513e-03 1.200513037184003373e-02
4.972312104822311854e-03 9.115034288652039060e-04 2.382697165694487075e-05 -1.145107821620016406e-03 -4.136687206204340064e-03 1.764518797191046498e-02 9.551072354913833426e-03 8.656636296995492974e-03 8.407232953885405285e-03 1.372125950122424567e-02
5.591562394469448867e-03 1.025041168852081378e-03 2.701752716275966504e-05 -1.287865838299427938e-03 -4.651910495074243306e-03 1.985600943643581542e-02 1.074464761211816992e-02 9.737998465963019351e-03 9.457544100652236566e-03 1.543766486388375297e-02
6.210302085049865597e-03 1.138489850789810905e-03 3.025556899054112616e-05 -1.430539080883459638e-03 -5.166719222872092482e-03 2.206798460131382394e-02 1.193815414562169469e-02 1.081920082329433652e-02 1.050772316074702513e-02 1.715434599108655103e-02
