0.000000000000000000e+00 0.000000000000000000e+00 0.000000000000000000e+00 0.000000000000000000e+00 0.000000000000000000e+00 0.000000000000000000e+00
2.744444389457412464e-03 1.456396445644057890e-04 -2.890084034021889268e-03 6.883070049161122902e-03 1.070933220090404016e-02 7.587063426944929724e-03
5.489727405405648956e-03 2.936559708219613207e-04 -5.783383376227690074e-03 1.376151831447955907e-02 2.141757931132636655e-02 1.517983372821333186e-02
8.235829569676318337e-03 4.440927391044561211e-04 -8.679922308780764484e-03 2.063525572069296182e-02 3.212473798281167969e-02 2.277840332752459340e-02
1.098273084617360298e-02 5.969947239673825679e-04 -1.157972557014087453e-02 2.750419106540936617e-02 4.283080493421130563e-02 3.038286670841833237e-02
1.373041062340646032e-02 7.524077433785358870e-04 -1.448281836678476722e-02 3.436823095604713690e-02 5.353577695544883830e-02 3.799332047355263864e-02
1.647884769641038902e-02 9.103786889168592050e-04 -1.738922638532716322e-02 4.122727974454395983e-02 6.423965091141048411e-02 4.560986340610427570e-02
1.922802024803473703e-02 1.070955557023838683e-03 -2.029897580505844387e-02 4.808123945974307478e-02 7.494242374596668532e-02 5.323259653335848940e-02
2.197790582957053276e-02 1.234187481350148413e-03 -2.321209331092064995e-02 5.493000973736691939e-02 8.564409248613016890e-02 6.086162319258098252e-02
2.472848134069250206e-02 1.400124766240237913e-03 -2.612860610693264890e-02 6.177348774747631888e-02 9.634465424634269803e-02 6.849704909926852825e-02
2.747972300868993176e-02 1.568818921405254647e-03 -2.904854193009504676e-02 6.861156811931053146e-02 1.070441062329035298e-01 7.613898241788319421e-02
