0.000000000000000000e+00 0.000000000000000000e+00 0.000000000000000000e+00 0.000000000000000000e+00 0.000000000000000000e+00 0.000000000000000000e+00
3.786046462036838853e-03 -5.071507669019337163e-04 -3.278895695135055841e-03 6.641505823020845724e-03 1.142442517728204862e-02 5.616761684585020245e-03
7.567816687977054445e-03 -1.017633301126611919e-03 -6.550183386850821562e-03 1.327282765148319645e-02 2.286843457483400677e-02 1.122412314345837964e-02
1.134444567008989838e-02 -1.531429050170584651e-03 -9.813016619920046646e-03 1.989371504191379467e-02 3.433251283436889595e-02 1.682185017838069840e-02
1.511501460710797974e-02 -2.048511325660052132e-03 -1.306650328144878803e-02 2.650390898737912948e-02 4.581716095727120241e-02 2.240970079490054931e-02
1.887854756991084668e-02 -2.568844338491209703e-03 -1.630970323142076628e-02 3.310314154767211858e-02 5.732289696323283196e-02 2.798742491353335693e-02
2.263400795883720173e-02 -3.092382132370755272e-03 -1.954162582646773103e-02 3.969113546208687116e-02 6.885025657507194696e-02 3.355476407216767543e-02
2.638029474269026897e-02 -3.619067406999571315e-03 -2.276122733569214962e-02 4.626760374372253931e-02 8.039979393068853730e-02 3.911145111980297850e-02
3.011623847033823367e-02 -4.148830222313347471e-03 -2.596740824802657582e-02 5.283224925391975801e-02 9.197208232343499767e-02 4.465720990174708999e-02
3.384059704717770622e-02 -4.681586575828110622e-03 -2.915901047135139451e-02 5.938476425493144362e-02 1.035677149726456081e-01 5.019175493641242491e-02
3.755205127082571204e-02 -5.217236846446229176e-03 -3.233481442438169290e-02 6.592482993821666137e-02 1.151873058268341465e-01 5.571479108382649398e-02
