0.000000000000000000e+00 0.000000000000000000e+00 0.000000000000000000e+00 0.000000000000000000e+00 0.000000000000000000e+00 0.000000000000000000e+00 0.000000000000000000e+00 0.000000000000000000e+00 0.000000000000000000e+00 0.000000000000000000e+00
4.411536781646428870e-04 1.397503591537509107e-04 2.936713744870224273e-05 -1.108718101899885060e-04 -6.238771426063487169e-04 1.428514965978947308e-03 9.290296554514385118e-04 1.041692207239266208e-03 1.215456285263713651e-03 2.157105820217025682e-03
8.817507302419785864e-04 2.794547045246804549e-04 5.877809201406081164e-05 -2.216405451145987769e-04 -1.247496994280938246e-03 2.856159379127616062e-03 1.857588503451347095e-03 2.083282113915798772e-03 2.431262941424878598e-03 4.316103054835577872e-03
1.321790436847002786e-03 4.191130293661626967e-04 8.823296859290145986e-05 -3.323060406198645542e-04 -1.870859440783078113e-03 4.282927814656922391e-03 2.785675003435238248e-03 3.124769650108869413e-03 3.647421486396927159e-03 6.476997543857297701e-03
1.761272075569578080e-03 5.587253266910802629e-04 1.177318725580644456e-04 -4.428681315972620748e-04 -2.493964367090411010e-03 5.708814820388175351e-03 3.713287607047571943e-03 4.166154745446324498e-03 4.863933445618038101e-03 8.639795156948343671e-03
2.200194920951888469e-03 6.982915892756627434e-04 1.472749097632475106e-04 -5.533266519756033144e-04 -3.116811657427090779e-03 7.133814916536420150e-03 4.640424758084892368e-03 5.207437329110506732e-03 6.080800352132142809e-03 1.080450179373335616e-02
2.638558244462998505e-03 8.378118096565514853e-04 1.768621865466629521e-04 -6.636814347157681069e-04 -3.739401195253797341e-03 8.557922595537264393e-03 5.567084892443677907e-03 6.248617329835483292e-03 7.298023746636636035e-03 1.297112338399091132e-02
3.076361314475627509e-03 9.772859801283305392e-04 2.064938097338418028e-04 -7.739323118013349302e-04 -4.361732863257782207e-03 9.981132321874232327e-03 6.493266438068374252e-03 7.289694675902812226e-03 8.515605177531668929e-03 1.513966588785157011e-02
3.513603396239787201e-03 1.116714092740013356e-03 2.361698866411267783e-04 -8.840791142317101000e-04 -4.983806543342694101e-03 1.140343853190192713e-02 7.418967814899781604e-03 8.330669295136988381e-03 9.733546200970206660e-03 1.731013529599808101e-02
3.950283751858727800e-03 1.256096139293047314e-03 2.658905250790565868e-04 -9.941216720144000103e-04 -5.605622116618302897e-03 1.282483563367250654e-02 8.344187434823168228e-03 9.371541114902619263e-03 1.095184838090713236e-02 1.948253762986401280e-02
4.386401640263349125e-03 1.395432111337433466e-03 2.956558333553365348e-04 -1.104059814156972208e-03 -6.227179463389955968e-03 1.424531800675381960e-02 9.268923701614561680e-03 1.041231006209862239e-02 1.217051328914930605e-02 2.165687894183841375e-02
