0.000000000000000000e+00 0.000000000000000000e+00 0.000000000000000000e+00 0.000000000000000000e+00
1.316580905559281735e-02 -1.316580905559238540e-02 9.433635839137319637e-03 1.714055993265476904e-02
2.645117935413091384e-02 -2.645117935413007076e-02 1.888536241652000527e-02 3.426302912706423454e-02
3.985905214342014280e-02 -3.985905214341893543e-02 2.835558001945161916e-02 5.136700729592449943e-02
5.339248577126082945e-02 -5.339248577125917106e-02 3.784470608831051741e-02 6.845207699885758057e-02
6.705466092673897927e-02 -6.705466092673699474e-02 4.735317652993079052e-02 8.551780232902972401e-02
8.084888584501871700e-02 -8.084888584501626063e-02 5.688144711049943764e-02 1.025637275202529453e-01
9.477860133145163402e-02 -9.477860133144871968e-02 6.642999491868707695e-02 1.195893754838574796e-01
1.088473853888996534e-01 -1.088473853888962534e-01 7.599931988260885674e-02 1.365942462917282274e-01
1.230589571241573477e-01 -1.230589571241531843e-01 8.558994631328449565e-02 1.535778156328452826e-01
1.374171794442090033e-01 -1.374171794442039518e-01 9.520242443038431923e-02 1.705395332875381809e-01
