0.000000000000000000e+00 0.000000000000000000e+00 0.000000000000000000e+00 0.000000000000000000e+00
1.802499346620680190e-02 -1.802499346620843601e-02 1.062194041174590632e-02 1.593263260029182185e-02
3.368935866966719928e-02 -3.368935866966840664e-02 2.127607535409768019e-02 3.183307067018895098e-02
4.296723147758721439e-02 -4.296723147598741077e-02 3.198758598798016883e-02 4.767613304298561061e-02
4.109444807332685023e-02 -4.109444806876140499e-02 4.278405550003835933e-02 6.343423654438395953e-02
2.876315999322486688e-02 -2.876315999327540285e-02 5.366484452121497717e-02 7.910802053949020363e-02
1.076618643067870848e-02 -1.076618643067668579e-02 6.460070225860339854e-02 9.472673581348538263e-02
-9.493415893818085358e-03 9.493415893820189577e-03 7.555859301018452712e-02 1.103234180739193077e-01
-3.030208894319221663e-02 3.030208894319513790e-02 8.652437196309181733e-02 1.259122121330262800e-01
-5.085105680524268368e-02 5.085105680524473759e-02 9.749563286320153677e-02 1.414955242449316697e-01
-7.081804533443329663e-02 7.081804533443641914e-02 1.084704320186533621e-01 1.570752981014938432e-01
