0.000000000000000000e+00 0.000000000000000000e+00 0.000000000000000000e+00 0.000000000000000000e+00 0.000000000000000000e+00 0.000000000000000000e+00
5.567285263029179542e-04 8.776722049070851778e-06 -6.074117188163630698e-04 1.836752417413668390e-03 1.198326477644624799e-03 2.036215751762025534e-03
1.112732992855181707e-03 1.764183751916925376e-05 -1.214610410262532145e-03 3.672888217489764934e-03 2.396550352581924056e-03 4.074319342168607541e-03
1.668009552724004831e-03 2.659655805709436818e-05 -1.821599156735534842e-03 5.508389283041766928e-03 3.594671608726125733e-03 6.114329237722028638e-03
2.222554293195898832e-03 3.564211772781810349e-05 -2.428381102487185694e-03 7.343237155809471950e-03 4.792690229486355757e-03 8.156264248442301329e-03
2.776363234096228521e-03 4.477977358778622896e-05 -3.034959455233449295e-03 9.177413027930273262e-03 5.990606197768097788e-03 1.020014353658068099e-02
3.329432326190837153e-03 5.401080622536828536e-05 -3.641337487629717554e-03 1.101089773372961392e-02 7.188419495951628435e-03 1.224598662492020103e-02
3.881757449543273703e-03 6.333652031560198302e-05 -4.247518538790490128e-03 1.284367174128606993e-02 8.386130105877001931e-03 1.429381340532409964e-02
4.433334411822861983e-03 7.275824519366614891e-05 -4.853506015849200043e-03 1.467571514374615277e-02 9.583738008824189275e-03 1.634364414751716260e-02
4.984158946566260955e-03 8.227733544047033431e-05 -5.459303395563098321e-03 1.650700765040070961e-02 1.078124318549424782e-02 1.839549950812970763e-02
5.534226711386048755e-03 9.189517148872923666e-05 -6.064914225964494754e-03 1.833752857749748610e-02 1.197864561598800497e-02 2.044940053998992729e-02
