0.000000000000000000e+00 0.000000000000000000e+00 0.000000000000000000e+00 0.000000000000000000e+00
3.440562300474548545e-04 -5.679050200260412143e-04 1.150653020991455064e-03 1.823309516279273193e-03
6.879013393619170256e-04 -1.135444970653937211e-03 2.301387911390018800e-03 3.647153884779625634e-03
1.031535321194896292e-03 -1.702619546312635155e-03 3.452204606870984405e-03 5.471532899026337188e-03
1.374958168873195502e-03 -2.269428441353234759e-03 4.603103043208822687e-03 7.296446351198443425e-03
1.718169875801607094e-03 -2.835871350049999195e-03 5.754083156283831477e-03 9.121894032131457400e-03
2.061170435462462286e-03 -3.401947966600637856e-03 6.905144882080382907e-03 1.094787573131402944e-02
2.403959841415283152e-03 -3.967657985127096519e-03 8.056288156690360330e-03 1.277439123688391825e-02
2.746538087297479766e-03 -4.533001099675482322e-03 9.207512916309818982e-03 1.460144033562298799e-02
3.088905166823721800e-03 -5.097977004217000944e-03 1.035881909724229583e-02 1.642902281295343866e-02
3.431061073786045856e-03 -5.662585392648356031e-03 1.151020663589794393e-02 1.825713845293435236e-02
