0.000000000000000000e+00 0.000000000000000000e+00 0.000000000000000000e+00 0.000000000000000000e+00 0.000000000000000000e+00 0.000000000000000000e+00 0.000000000000000000e+00 0.000000000000000000e+00 0.000000000000000000e+00 0.000000000000000000e+00
1.616963391994067321e-03 5.697174120140352689e-04 1.047550181701271824e-05 -5.513538569655748690e-04 -1.645802445568354377e-03 4.263032379687186138e-03 5.570488013247195183e-03 5.731076509302181904e-03 5.653901778887754012e-03 4.374035375667231773e-03
3.233821642109996689e-03 1.139382811770035288e-03 2.112323035125549323e-05 -1.102333310747534737e-03 -3.291994370161123017e-03 8.525810741175730151e-03 1.113989434897040207e-02 1.146166809860595277e-02 1.130805447224897918e-02 8.749640449755749505e-03
4.850570017373941924e-03 1.708998829545123766e-03 3.194614123803508378e-05 -1.652935441720463066e-03 -4.938579543082109030e-03 1.278832008083702169e-02 1.670820716519991894e-02 1.719177470538003905e-02 1.696246951262194574e-02 1.312683070068245902e-02
6.467203686406569965e-03 2.278568144272427251e-03 4.294725640612896168e-05 -2.203157270340236167e-03 -6.585561813358044303e-03 1.705054506891396857e-02 2.227541437697334870e-02 2.292139627470198004e-02 2.261715857948480221e-02 1.750562191860903158e-02
8.083717717983215229e-03 2.848093484669037435e-03 5.412966621791653714e-05 -2.752995753366046898e-03 -8.232945112084198019e-03 2.131247004060731615e-02 2.784150365158959833e-02 2.865053276066303195e-02 2.827213360519011814e-02 2.188603021459330916e-02
9.700107078581465467e-03 3.417577630404189555e-03 6.549653139024903467e-05 -3.302447782295738193e-03 -9.880733454626547396e-03 2.557407898736641788e-02 3.340646240217524932e-02 3.437918412653226397e-02 3.392740678144767763e-02 2.626807202908039082e-02
1.131636662985625527e-02 3.987023413305603413e-03 7.705108497702613940e-05 -3.851510181757342513e-03 -1.152893094289436302e-02 2.983535554791339264e-02 3.897027778104784207e-02 4.010735034492328432e-02 3.958299056601703031e-02 3.065176414065676896e-02
1.293249112603995360e-02 4.556433718603702075e-03 8.879663441659340489e-05 -4.400179707853361585e-03 -1.317754176768508659e-02 3.409628299898110476e-02 4.453293667288239777e-02 4.583503139796168968e-02 4.523889768960440150e-02 3.503712367508394349e-02
1.454847521126266183e-02 5.125811486216031061e-03 1.007365636429237085e-04 -4.948453046458697359e-03 -1.482657021110616799e-02 3.835684424576463192e-02 5.009442568764648634e-02 5.156222727745210510e-02 5.089514116298095303e-02 3.942416811462300108e-02
1.616431341679364087e-02 5.695159712072676850e-03 1.128743352676389589e-04 -5.496326811468051771e-03 -1.647602064907377831e-02 4.261702181206846601e-02 5.565473115332346399e-02 5.728893798504893636e-02 5.655173428432005989e-02 4.381291530765753228e-02
