0.000000000000000000e+00 0.000000000000000000e+00 0.000000000000000000e+00 0.000000000000000000e+00 0.000000000000000000e+00 0.000000000000000000e+00
3.270461471856120263e-03 8.503194217607506610e-05 -3.355493414032070972e-03 6.239404466697048672e-03 1.234904472032507562e-02 6.715748483896328072e-03
6.543040438556076838e-03 1.702886795842433647e-04 -6.713329118140270654e-03 1.247736645423942400e-02 2.470050858907507987e-02 1.343052029852202789e-02
9.817740896466083805e-03 2.557695474723971525e-04 -1.007351044393822552e-02 1.871389053417539527e-02 3.705438291873452278e-02 2.014431955984501491e-02
1.309456680247505361e-02 3.414738072216804646e-04 -1.343604060969654304e-02 2.494898128606812607e-02 4.941065900712530296e-02 2.685715039047990860e-02
1.637352206884372732e-02 4.274006415432973077e-04 -1.680092271038672799e-02 3.118264329104851115e-02 6.176932815013830985e-02 3.356901691340462984e-02
1.965461055781425603e-02 5.135491493959100026e-04 -2.016815970721008711e-02 3.741488112491184181e-02 7.413038165540145052e-02 4.027992324519642092e-02
2.293783607597608964e-02 5.999183406168754826e-04 -2.353775441659252191e-02 4.364569935073793483e-02 8.649381085693814974e-02 4.698987348875228315e-02
2.622320236837358265e-02 6.865071302533296525e-04 -2.690970949862654671e-02 4.987510251100874675e-02 9.885960713086602847e-02 5.369887172547166410e-02
2.951071311235048400e-02 7.733143325906735241e-04 -3.028402744494071777e-02 5.610309511920324316e-02 1.112277619121984640e-01 6.040692200686333807e-02
3.280037191111656592e-02 8.603386548667810163e-04 -3.366071056598288203e-02 6.232968165084085826e-02 1.235982667127944884e-01 6.711402834554773544e-02
