0.000000000000000000e+00 0.000000000000000000e+00 0.000000000000000000e+00 0.000000000000000000e+00
5.030312062351339694e-03 -5.030312062351120252e-03 1.326847112172836393e-02 1.125637273140755491e-02
1.006905366031396118e-02 -1.006905366031371832e-02 2.655057184082845051e-02 2.249911586544360922e-02
1.511624675990288352e-02 -1.511624675990276209e-02 3.984654045221559110e-02 3.372799110719223309e-02
2.017191304123755469e-02 -2.017191304123721468e-02 5.315662098873778080e-02 4.494275442380647745e-02
2.523607386188145979e-02 -2.523607386188124468e-02 6.648106339388462627e-02 5.614315587179526806e-02
3.030875021789964513e-02 -3.030875021789931206e-02 7.982012370037430693e-02 6.732893941844150798e-02
3.538996270254041870e-02 -3.538996270253994686e-02 9.317406421481679024e-02 7.849984275713489668e-02
4.047973146245693182e-02 -4.047973146245653631e-02 1.065431537086617003e-01 8.965559711642619167e-02
4.557807615138335933e-02 -4.557807615138283197e-02 1.199276676156511567e-01 1.007959270625726350e-01
5.068501588118284884e-02 -5.068501588118216883e-02 1.333278882359847373e-01 1.119205502953747045e-01
