0.000000000000000000e+00 0.000000000000000000e+00 0.000000000000000000e+00 0.000000000000000000e+00 0.000000000000000000e+00 0.000000000000000000e+00
3.910342742817612136e-04 6.948696096008679171e-05 -7.912203621037106538e-04 1.176399372737173656e-03 1.217546082689864410e-03 2.755853780803602278e-03
7.794558938662391346e-04 1.396796193099078022e-04 -1.583903478386327951e-03 2.343510677760849651e-03 2.434963228462115169e-03 5.522441332623447344e-03
1.165232560456871871e-03 2.105879429752348787e-04 -2.378074015858904888e-03 3.501186856370137879e-03 3.652250456901609110e-03 8.299915459789867361e-03
1.548331317278014638e-03 2.822220910633085823e-04 -3.173757071024870154e-03 4.649278039333641990e-03 4.869406754888721579e-03 1.108843195494083576e-02
1.928718536899130028e-03 3.545924172286864240e-04 -3.970978176974540065e-03 5.787631495477475567e-03 6.086431075937904188e-03 1.388814966024706603e-02
2.306359903941419993e-03 4.277094743448686350e-04 -4.769763312646353899e-03 6.916091563805370525e-03 7.303322339050321785e-03 1.669923054180754221e-02
2.681220397249655264e-03 5.015840193133709038e-04 -5.570138912320490507e-03 8.034499583692912214e-03 8.520079427518955847e-03 1.952183976621413644e-02
3.053264271511566246e-03 5.762270180074926433e-04 -6.372131875348902366e-03 9.142693823086196769e-03 9.736701187692688164e-03 2.235614577937331329e-02
3.422455038303403013e-03 6.516496503649709922e-04 -7.175769576127654509e-03 1.024050940464464252e-02 1.095318642769194974e-02 2.520232038764931570e-02
3.788755446541593186e-03 7.278633156254166788e-04 -7.981079874321365605e-03 1.132777822974982349e-02 1.216953391607260987e-02 2.806053884141987420e-02
