0.000000000000000000e+00 0.000000000000000000e+00 0.000000000000000000e+00 0.000000000000000000e+00 0.000000000000000000e+00 0.000000000000000000e+00
2.973004559238541771e-03 -3.159325755315550276e-04 -2.657071983706965710e-03 7.814088297022535323e-03 1.030816038864229046e-02 6.300614773672482370e-03
5.948741732446865757e-03 -6.334616764246431709e-04 -5.315280056022350305e-03 1.563144535729453499e-02 2.061518258603011605e-02 1.259909897534931475e-02
8.927218642219496986e-03 -9.525952531696415919e-04 -7.974623389049983330e-03 2.345208466293099633e-02 3.092106052045642123e-02 1.889544519462404981e-02
1.190844239586724349e-02 -1.273341302788855503e-03 -1.063510109307845217e-02 3.127601969676432198e-02 4.122578823458764724e-02 2.518964590599694423e-02
1.489242008368887350e-02 -1.595707869711778318e-03 -1.329671221397726519e-02 3.910326393998701799e-02 5.152935989187806820e-02 3.148169346482113107e-02
1.787915877722259794e-02 -1.919703046683754986e-03 -1.595945573053901556e-02 4.693383086971065349e-02 6.183176978318691286e-02 3.777158010312577086e-02
2.086866552747973502e-02 -2.245334975710781573e-03 -1.862333055176927307e-02 5.476773395643488862e-02 7.213301233361367470e-02 4.405929792531199096e-02
2.386094736315962431e-02 -2.572611849037250049e-03 -2.128833551412278452e-02 6.260498666142347290e-02 8.243308210955345439e-02 5.034483890372112858e-02
2.685601128884682054e-02 -2.901541910157525404e-03 -2.395446937868990489e-02 7.044560243398527433e-02 9.273197382598122318e-02 5.662819487406820645e-02
2.985386428319004859e-02 -3.232133454858602054e-03 -2.662173082833187154e-02 7.828959470865390347e-02 1.030296823539775530e-01 6.290935753074082537e-02
