0.000000000000000000e+00 0.000000000000000000e+00 0.000000000000000000e+00 0.000000000000000000e+00 0.000000000000000000e+00 0.000000000000000000e+00 0.000000000000000000e+00 0.000000000000000000e+00
3.619309196293207733e-04 4.296766223333318784e-04 -3.438273595459410883e-04 -4.693169607315061812e-04 8.534384466708151186e-04 1.614028914137369090e-03 1.722543452976534094e-03 1.098390088093278852e-03
7.236311267529381940e-04 8.594406882979280368e-04 -6.876881382291456790e-04 -9.383663333439646757e-04 1.706670011416489691e-03 3.228116008328944797e-03 3.445103003530648137e-03 2.196603265981572801e-03
1.085100649956498211e-03 1.289292280793213159e-03 -1.031582335676298678e-03 -1.407148164122328567e-03 2.559694491371475138e-03 4.842261249503207639e-03 5.167678480678827672e-03 3.294639259124463020e-03
1.446339517876002543e-03 1.719231482888433768e-03 -1.375509951518966720e-03 -1.875662499461144047e-03 3.412511683667728349e-03 6.456464604364379155e-03 6.890269712898600477e-03 4.392497793003919890e-03
1.807347759198728570e-03 2.149258377828964974e-03 -1.719470985396466100e-03 -2.343909385867363592e-03 4.265121385439787048e-03 8.070726039407390834e-03 8.612876528144393015e-03 5.490178593133757459e-03
2.168125402663121943e-03 2.579373049036276164e-03 -2.063465436955917200e-03 -2.811888869959726454e-03 5.117523393824170881e-03 9.685045520918561524e-03 1.033549875384525731e-02 6.587681385059105006e-03
2.528672477058310861e-03 3.009575580108649062e-03 -2.407493305852391723e-03 -3.279600998468505928e-03 5.969717505958522727e-03 1.129942301497378031e-02 1.205813621690494768e-02 7.685005894355963381e-03
2.888989011223518869e-03 3.439866054821632234e-03 -2.751554591748018880e-03 -3.747045818234898303e-03 6.821703518981325938e-03 1.291385848743790282e-02 1.378078874369920853e-02 8.782151846631180286e-03
3.249075034047713140e-03 3.870244557128053875e-03 -3.095649294312950977e-03 -4.214223376211174640e-03 7.673481230029643128e-03 1.452835190396548418e-02 1.550345616007599639e-02 9.879118967521716491e-03
3.608930574469401947e-03 4.300711171159375332e-03 -3.439777413224141735e-03 -4.681133719460113529e-03 8.525050436240265428e-03 1.614290322999840932e-02 1.722613829135201391e-02 1.097590698269468312e-02
