0.000000000000000000e+00 0.000000000000000000e+00 0.000000000000000000e+00 0.000000000000000000e+00 0.000000000000000000e+00 0.000000000000000000e+00
2.472905256793912158e-03 4.112033920021457636e-04 -2.884108648795952537e-03 5.904360573681846809e-03 1.018239948821249470e-02 7.858610076482145518e-03
4.944595996005576172e-03 8.284908129878635306e-04 -5.773086808993107936e-03 1.179630674959066504e-02 2.036375481537745086e-02 1.573067871178444183e-02
7.415022479753597372e-03 1.251965731180763571e-03 -8.666988210934395420e-03 1.767562923373191403e-02 3.054406143831382356e-02 2.361641974308350753e-02
9.884133804187478570e-03 1.681733842836744767e-03 -1.156586764702410841e-02 2.354211413693678076e-02 4.072331483246225542e-02 3.151605158410618335e-02
1.235187786663379667e-02 2.117903131252733915e-03 -1.446978099788630637e-02 2.939554284801803100e-02 5.090151049406362038e-02 3.942979734979980277e-02
1.481820133165031965e-02 2.560583927630359635e-03 -1.737878525928039306e-02 3.523569190272399232e-02 6.107864394240573869e-02 4.735788498512845390e-02
1.728304959594474666e-02 3.009888973867561740e-03 -2.029293856981187472e-02 4.106233284832255803e-02 7.125471072214478729e-02 5.530054739816737952e-02
1.974636675210830750e-02 3.465933487344485982e-03 -2.321230023945238669e-02 4.687523210365431015e-02 8.142970640569768825e-02 6.325802259765908597e-02
2.220809555112535083e-02 3.928835227780060751e-03 -2.613693077890507852e-02 5.267415081447233971e-02 9.160362659570787935e-02 7.123055383520708606e-02
2.466817736360474994e-02 4.398714566235690029e-03 -2.906689192983977210e-02 5.845884470388883203e-02 1.017764669275765810e-01 7.921838975229834878e-02
