0.000000000000000000e+00 0.000000000000000000e+00 0.000000000000000000e+00 0.000000000000000000e+00 0.000000000000000000e+00 0.000000000000000000e+00 0.000000000000000000e+00 0.000000000000000000e+00
4.830909332313500378e-04 1.203942726830885924e-04 -5.931587148040999590e-05 -7.091143722984539479e-04 1.554709703878467703e-03 1.124887202869510015e-03 1.372698261726296122e-03 2.455526927458145849e-03
9.654758255738760077e-04 2.407622897849958277e-04 -1.185009063263056249e-04 -1.417895070154535139e-03 3.108222905498639940e-03 2.249300913315881341e-03 2.745650963013887905e-03 4.913509777668400094e-03
1.447153608644837939e-03 3.611040597396467187e-04 -1.775547940048118382e-04 -2.126341885796326388e-03 4.660531644300386356e-03 3.373239544694643655e-03 4.118859539194538733e-03 7.373957063737975395e-03
1.928123208428283650e-03 4.814195909394040386e-04 -2.364772220659950067e-04 -2.834454610316786832e-03 6.211627913543590548e-03 4.496701500856026441e-03 5.492325433865600723e-03 9.836877348716899921e-03
2.408383545216310952e-03 6.017088917459938397e-04 -2.952678761246064479e-04 -3.542233033733396819e-03 7.761503659851264232e-03 5.619685176057038871e-03 6.866050099005613881e-03 1.230227924619172429e-02
2.887933533555544878e-03 7.219719704902500829e-04 -3.539264398437011873e-04 -4.249676944972891578e-03 9.310150782864446556e-03 6.742188954886134226e-03 8.240034995037765972e-03 1.477017142067939617e-02
3.366772082192211017e-03 8.422088354701145292e-04 -4.124525949185766423e-04 -4.956786131856561611e-03 1.085756113489328052e-02 7.864211212186517780e-03 9.614281590893251558e-03 1.724056258802165315e-02
3.844898094017661083e-03 9.624194949511877305e-04 -4.708460210585305411e-04 -5.663560381084967177e-03 1.240372652056188907e-02 8.985750312979632476e-03 1.098879136407627556e-02 1.971346151578477757e-02
4.322310466011876871e-03 1.082603957164097888e-03 -5.291063959711055130e-04 -6.369999478222077710e-03 1.394863869645501450e-02 1.010680461238701484e-02 1.236356580072975157e-02 2.218887702366401093e-02
4.799008089187498105e-03 1.202762230305044582e-03 -5.872333953446943122e-04 -7.076103207680071311e-03 1.549228937075751433e-02 1.122737245555082038e-02 1.373860639570096895e-02 2.466681798388991459e-02
