0.000000000000000000e+00 0.000000000000000000e+00 0.000000000000000000e+00 0.000000000000000000e+00 0.000000000000000000e+00 0.000000000000000000e+00 0.000000000000000000e+00 0.000000000000000000e+00
5.837672890008509296e-04 1.747685999423736981e-04 -2.027096638115880273e-04 -6.102765206216415918e-04 2.414454635681469175e-03 9.479517640236153611e-04 1.049688528808455151e-03 2.546142296346629030e-03
1.166893415178289761e-03 3.496489584920664615e-04 -4.055912239829732413e-04 -1.219836617523499317e-03 4.830398700267215378e-03 1.895556813453683383e-03 2.099083122174813520e-03 5.093942167173168278e-03
1.749377267174356300e-03 5.246412636111844833e-04 -6.086449544393081681e-04 -1.828678976789177785e-03 7.247834265567253825e-03 2.842814811037567765e-03 3.148183489004963403e-03 7.643402058616954702e-03
2.331217730609855179e-03 6.997457037584810594e-04 -8.118711298867801844e-04 -2.436802280754703839e-03 9.666763409347928909e-03 3.789725418461949852e-03 4.196989337037622565e-03 1.019452442435350020e-02
2.912413688069424335e-03 8.749624678954913025e-04 -1.015270025823890310e-03 -3.044205207984424302e-03 1.208718821541007044e-02 4.736288296346516727e-03 5.245500372838337623e-03 1.274731172570335233e-02
3.492964019087033047e-03 1.050291745489443035e-03 -1.218841918545213220e-03 -3.650886433254283466e-03 1.450911077361984394e-02 5.682503104239748984e-03 6.293716301790030880e-03 1.530176643167492634e-02
4.072867600132555610e-03 1.225733726515998521e-03 -1.422587085147241151e-03 -4.256844627533806248e-03 1.693253317994328211e-02 6.628369500607673645e-03 7.341636828086394069e-03 1.785789101900891324e-02
4.652123304597508870e-03 1.401288601462629150e-03 -1.626505803532972243e-03 -4.862078457967159567e-03 1.935745753647768672e-02 7.573887142829750264e-03 8.389261654720881964e-03 2.041568797222162793e-02
5.230730002781011807e-03 1.576956561330964367e-03 -1.830598352416944272e-03 -5.466586587855960799e-03 2.178388595148594842e-02 8.519055687190295323e-03 9.436590483478141111e-03 2.297515978365047978e-02
5.808686561876220435e-03 1.752737797640025949e-03 -2.034865011330231309e-03 -6.070367676640329828e-03 2.421182053942894791e-02 9.463874788870956997e-03 1.048362301492735543e-02 2.553630895349824625e-02
