0.000000000000000000e+00 0.000000000000000000e+00 0.000000000000000000e+00 0.000000000000000000e+00 0.000000000000000000e+00 0.000000000000000000e+00 0.000000000000000000e+00 0.000000000000000000e+00 0.000000000000000000e+00 0.000000000000000000e+00
6.089875543520282186e-04 1.628284769178690004e-04 -6.455090804474567499e-06 -1.688198560611754088e-04 -5.719849001604235131e-04 2.037972387869371477e-03 1.262192176967638331e-03 1.215617233052006512e-03 1.201335546997369481e-03 1.891206007559080408e-03
1.217662494843589497e-03 3.255749149925332622e-04 -1.296880235093626245e-05 -3.376140828736637930e-04 -1.143319086083806162e-03 4.077449747586581533e-03 2.524617933727137543e-03 2.431128830638889116e-03 2.402264165450287460e-03 3.782214545963215064e-03
1.826026732214002662e-03 4.882389362423917700e-04 -1.954193480208011563e-05 -5.063830722014178113e-04 -1.713999903442012078e-03 6.118444440325622111e-03 3.787281769160314848e-03 3.646534783838496600e-03 3.602781337847259929e-03 5.673013571500865916e-03
2.434082218827168798e-03 6.508201551627170725e-04 -2.617530334390795821e-05 -6.751272227153753058e-04 -2.284024654078697838e-03 8.160969057627451978e-03 5.050188266903999496e-03 4.861835083490326746e-03 4.802882461780598640e-03 7.563590811051216882e-03
3.041830949775982396e-03 8.133181785306751012e-04 -3.286973857504113235e-05 -8.438469401762483616e-04 -2.853390594867706662e-03 1.020503642733937809e-02 6.313342097544494616e-03 6.077029720199210450e-03 6.002562847773742181e-03 9.453933756256189050e-03
3.649274963896815323e-03 9.757326052176593968e-04 -3.962608687586526945e-05 -1.012542637601262759e-03 -3.422094936638422295e-03 1.225065961925393340e-02 7.576748020686798965e-03 7.292118684327487249e-03 7.201817717207665767e-03 1.134402965792211809e-02
4.256416344814425122e-03 1.138063025996870377e-03 -4.644521078524728203e-05 -1.181214735432649116e-03 -3.990134843070447870e-03 1.429785195091199529e-02 8.840410887085732930e-03 8.507101965986006015e-03 8.400642200182040914e-03 1.323386552026727114e-02
4.863257222016003842e-03 1.300309023344485126e-03 -5.332798938998202412e-05 -1.349863661714511501e-03 -4.557507429556343324e-03 1.634662699357360832e-02 1.010433564083760248e-02 9.721979555025064487e-03 9.599031333318911591e-03 1.512342809499855716e-02
5.469799771955915005e-03 1.462470171235710076e-03 -6.027531872487730264e-05 -1.518489852271129792e-03 -5.124209762029595903e-03 1.839699857836333066e-02 1.136852732163365527e-02 1.093675144102590653e-02 1.079698005750223504e-02 1.701270387521917893e-02
6.076046219193196457e-03 1.624546034934170940e-03 -6.728811218433165884e-05 -1.687093750893757082e-03 -5.690238855759751496e-03 2.044898080259253612e-02 1.263299106708488939e-02 1.215141761329274588e-02 1.199448321554978658e-02 1.890167908915861214e-02
