0.000000000000000000e+00 0.000000000000000000e+00 0.000000000000000000e+00 0.000000000000000000e+00 0.000000000000000000e+00 0.000000000000000000e+00 0.000000000000000000e+00 0.000000000000000000e+00 0.000000000000000000e+00 0.000000000000000000e+00
5.357998131680812622e-04 1.532646853303985389e-04 2.110455771304322552e-06 -1.512998008350555264e-04 -5.480960501206270279e-04 1.778909923974602084e-03 1.120510437403838318e-03 1.115751927381482917e-03 1.140373652332303273e-03 1.826848135840914312e-03
1.071134152470093687e-03 3.064945867539762268e-04 4.241794399233855100e-06 -3.025448071033158982e-04 -1.095847691950723769e-03 3.558077116841079548e-03 2.240836416138491678e-03 2.231415429582158088e-03 2.280785852240776231e-03 3.654538830739417071e-03
1.606001979950320239e-03 4.596898467193660039e-04 6.394284715938430825e-06 -4.537349027627687447e-04 -1.643255427396206033e-03 5.337497647163303056e-03 3.360976430633623706e-03 3.346990505794227889e-03 3.421238094243143728e-03 5.483076231761661867e-03
2.140402244214535763e-03 6.128506098763834061e-04 8.568200181965237344e-06 -6.048699695259194663e-04 -2.190319771293979239e-03 7.117167512864140677e-03 4.480928949242761125e-03 4.462477155187461256e-03 4.561731898934637958e-03 7.312464556512418903e-03
2.674333880107141771e-03 7.659770231302878750e-04 1.076381899985975555e-05 -7.559498868056597305e-04 -2.737041251731380485e-03 8.897082639564020401e-03 5.600692413623150484e-03 5.577875376912905768e-03 5.702268813616654004e-03 9.142708094828821269e-03
3.207795808414088973e-03 9.190692356902506336e-04 1.298142421618727696e-05 -9.069745316633893734e-04 -3.283420410337959360e-03 1.067723887900383362e-02 6.720265238153939717e-03 6.693185170104549303e-03 6.842850412883074232e-03 1.097381121036239762e-02
3.740786935555448500e-03 1.072127399119012338e-03 1.522130382924460245e-05 -1.057943778757917952e-03 -3.829457802585130386e-03 1.245763200741992031e-02 7.839645809333431123e-03 7.808406533876864099e-03 7.983478299216743845e-03 1.280577834221000195e-02
4.273306153271713183e-03 1.225151667384454402e-03 1.748375089709277411e-05 -1.208857500291045167e-03 -4.375153998093355909e-03 1.423825772387943625e-02 8.958832485165317550e-03 8.923539467322725086e-03 9.124154103607257094e-03 1.463861400658287085e-02
4.805352338301456007e-03 1.378142196911486851e-03 1.976906365096192219e-05 -1.359715565951968939e-03 -4.920509580947377871e-03 1.601911164857136236e-02 1.007782359452452647e-02 1.003858396951623835e-02 1.026487948618291790e-02 1.647232279852224937e-02
5.336924352049215135e-03 1.531099146636981378e-03 2.207754560931878479e-05 -1.510517842861857632e-03 -5.465525150020518301e-03 1.780018932104929924e-02 1.119661743650707253e-02 1.115354003950724121e-02 1.140565613685884383e-02 1.830690939366124911e-02
