0.000000000000000000e+00 0.000000000000000000e+00 0.000000000000000000e+00 0.000000000000000000e+00 0.000000000000000000e+00 0.000000000000000000e+00 0.000000000000000000e+00 0.000000000000000000e+00 0.000000000000000000e+00 0.000000000000000000e+00
5.675641048519119861e-04 1.803628377490145470e-04 1.569451237503466560e-05 -1.657793760701489392e-04 -6.580812549246779688e-04 1.859256179795055466e-03 1.204201717795648236e-03 1.262745025323830286e-03 1.352075239299357998e-03 2.215987887150259929e-03
1.134115668312153441e-03 3.607512079619940634e-04 3.155903572396698449e-05 -3.314214320911338524e-04 -1.316132008086247406e-03 3.716818430396072286e-03 2.407397995177017105e-03 2.525379647967943963e-03 2.704968366777105084e-03 4.435077974057712903e-03
1.699646843888126448e-03 5.411662866997592452e-04 4.759611646111226171e-05 -4.969249006371750151e-04 -1.974158971851253282e-03 5.572648996259639380e-03 3.609574649115396792e-03 3.787903824867563593e-03 4.058693515528807513e-03 6.657308609163601308e-03
2.264149632107783673e-03 7.216092721135583662e-04 6.380835234593172428e-05 -6.622884871495387247e-04 -2.632168998000987241e-03 7.426709351472146614e-03 4.810717208572239285e-03 5.050317511111143340e-03 5.413265105409906068e-03 8.882718921115213134e-03
2.827615876357454389e-03 9.020813850624430840e-04 8.019839387888533862e-05 -8.275108692054763092e-04 -3.290169081579513884e-03 9.278960179176985040e-03 6.010810906754673194e-03 6.312620659909627500e-03 6.768697850816980839e-03 1.111134883996448344e-02
3.390037258803669726e-03 1.082583869664731314e-03 9.676894564887282579e-05 -9.925906957783719922e-04 -3.948166364483677096e-03 1.112936135139922129e-02 7.209840673545748167e-03 7.574813222525716289e-03 8.125006768215542116e-03 1.334323911774211967e-02
3.951405296186306232e-03 1.263117993865298886e-03 1.135227677216631940e-04 -1.157526586473637967e-03 -4.606168139160371489e-03 1.297787190825142739e-02 8.407791127695312186e-03 8.836895148199918476e-03 9.482207183895606517e-03 1.557843134966745147e-02
4.511711335478748794e-03 1.443685050020994398e-03 1.304626770730842565e-04 -1.322317130740207876e-03 -5.264181852417497420e-03 1.482445003649634184e-02 9.604646568777188212e-03 1.009886638407755249e-02 1.084031474196797164e-02 1.781696799601686573e-02
5.070946549411256728e-03 1.624286355502168894e-03 1.475915490640635603e-04 -1.486960887057367075e-03 -5.922215109349857932e-03 1.666905304744586286e-02 1.080039096888644849e-02 1.136072687512553608e-02 1.219934541261371262e-02 2.005889240467316134e-02
5.629101931851360902e-03 1.804923253312309874e-03 1.649123189644098120e-04 -1.651456382095020268e-03 -6.580275677385368296e-03 1.851163735416902836e-02 1.199500796408457977e-02 1.262247656405342429e-02 1.355931550058242507e-02 2.230424883438706513e-02
