0.000000000000000000e+00 0.000000000000000000e+00 0.000000000000000000e+00 0.000000000000000000e+00 0.000000000000000000e+00 0.000000000000000000e+00
6.054667338527968149e-04 -3.352764370136549795e-05 -4.125903646317960081e-04 2.074274248348828998e-03 1.048149372753971959e-03 1.312269625631353603e-03
1.211365174796314413e-03 -6.733618366104551268e-05 -8.239905385024657398e-04 4.153067786575136491e-03 2.096215249188787023e-03 2.621021560582165177e-03
1.817704000450763840e-03 -1.014289717618098468e-04 -1.234190053365400667e-03 6.236431962230897137e-03 3.144197440748832013e-03 3.926205681911430420e-03
2.424492024688691509e-03 -1.358094143487785955e-04 -1.643178267344024869e-03 8.324418967538937952e-03 4.192095753610308555e-03 5.227771050509852357e-03
3.031738200507661223e-03 -1.704809733405331258e-04 -2.050944361427017946e-03 1.041708185721251269e-02 5.239909988606148393e-03 6.525665894719483336e-03
3.639451622728772772e-03 -2.054471673716705188e-04 -2.457477335677056476e-03 1.251447456631189434e-02 6.287639941070360776e-03 7.819837593356060088e-03
4.247641530758148286e-03 -2.407115729602891919e-04 -2.862766005342447066e-03 1.461665192854871669e-02 7.335285400678268758e-03 9.110232658313286921e-03
4.856317311412403429e-03 -2.762778257083087587e-04 -3.266798996867319605e-03 1.672366969504657588e-02 8.382846151280197791e-03 1.039679671674290963e-02
5.465488501810529011e-03 -3.121496215286783055e-04 -3.669564743799270164e-03 1.883558455357254094e-02 9.430321970732812031e-03 1.167947449278718824e-02
6.075164792334408238e-03 -3.483307179058167105e-04 -4.071051482589871720e-03 2.095245414825710334e-02 1.047771263072126875e-02 1.295820978886588412e-02
