0.000000000000000000e+00 0.000000000000000000e+00 0.000000000000000000e+00 0.000000000000000000e+00 0.000000000000000000e+00 0.000000000000000000e+00 0.000000000000000000e+00 0.000000000000000000e+00 0.000000000000000000e+00 0.000000000000000000e+00
3.668453699316353753e-04 3.267981566274101492e-04 8.997675076933891666e-05 -2.733439213095251456e-04 -7.856303097247184725e-04 8.921277600702084238e-04 8.082749339484786603e-04 1.345171743145081320e-03 1.477852990798443926e-03 2.473155934811548367e-03
7.334130856222849035e-04 6.536045867985627693e-04 1.799636250723787292e-04 -5.467655050721524504e-04 -1.570616076148004291e-03 1.783712801211470664e-03 1.616383514261963408e-03 2.690437231470444324e-03 2.955810396713449972e-03 4.947470292436932995e-03
1.099703256914262486e-03 9.804192955227282024e-04 2.699606734806139123e-04 -8.202648784768222295e-04 -2.354956436036717213e-03 2.674754508399718265e-03 2.424325698901336288e-03 4.035796624407815732e-03 4.433872431452333222e-03 7.422943121273711115e-03
1.465715993845203863e-03 1.307242287903873177e-03 3.599679467657287404e-04 -1.093842168825955204e-03 -3.138650525370366342e-03 3.565252266866585345e-03 3.232101445797858075e-03 5.381250081654459852e-03 5.912039309228439739e-03 9.899574466952268045e-03
1.831451406654254540e-03 1.634073569141626398e-03 4.499854958995420473e-04 -1.367497503537505382e-03 -3.921697479347445447e-03 4.455205462116626491e-03 4.039710712860487829e-03 6.726797763181064857e-03 7.390311244770422783e-03 1.237736437237222167e-02
2.196909605781512988e-03 1.960913144532055487e-03 5.400133720551565349e-04 -1.641231010145018663e-03 -4.704096432386409288e-03 5.344613479930046887e-03 4.847153457978139665e-03 8.072439829233146388e-03 8.868688453325290072e-03 1.485631287769209607e-02
2.562090701867246554e-03 2.287761019467652451e-03 6.300516266073060432e-04 -1.915042816297325137e-03 -5.485846518125156446e-03 6.233475706362567870e-03 5.654429639016896568e-03 9.418176440330145935e-03 1.034717115065729616e-02 1.733642002031796775e-02
2.926994805752900202e-03 2.614617199438065091e-03 7.201003111330156123e-04 -2.188933049759830048e-03 -6.266946869421390585e-03 7.121791527746143373e-03 6.461539213821969330e-03 1.076400775726908503e-02 1.182575955305212138e-02 1.981768583489290636e-02
3.291622028479165331e-03 2.941481690030379320e-03 8.101594774123351082e-04 -2.462901838413098041e-03 -7.047396618353141302e-03 8.009560330691806174e-03 7.268482140217025211e-03 1.210993394112394941e-02 1.330445387731681549e-02 2.230011035328583607e-02
3.655972481286752594e-03 3.268354496929525965e-03 9.002291774290717636e-04 -2.736949310254504619e-03 -7.827194896218447537e-03 8.896781502089617585e-03 8.075258376004635502e-03 1.345595515324560058e-02 1.478325434078206317e-02 2.478369360458078721e-02
