0.000000000000000000e+00 0.000000000000000000e+00 0.000000000000000000e+00 0.000000000000000000e+00 0.000000000000000000e+00 0.000000000000000000e+00
2.748562467813621141e-03 7.368374265080860708e-04 -3.485399894321563122e-03 4.997564771490053612e-03 1.318374793828849291e-02 7.671916942520874694e-03
5.498967487391449686e-03 1.476853569208476770e-03 -6.975821056599693787e-03 9.992777746805923955e-03 2.637248867281834913e-02 1.534119288497448955e-02
8.251214764231197193e-03 2.220074892196316225e-03 -1.047128965642716951e-02 1.498563715580603951e-02 3.956623245651397225e-02 2.300781934457764993e-02
1.100530382661600408e-02 2.966528361629224789e-03 -1.397183218824483118e-02 1.997614117050207361e-02 5.276498955533794055e-02 3.067178788335679987e-02
1.376123401637273543e-02 3.716241459696924525e-03 -1.747747547606921803e-02 2.496428790027776720e-02 6.596877025120129190e-02 3.833309011001707900e-02
1.651900447937691696e-02 4.469242198860339660e-03 -2.098824667823669110e-02 2.995007538684621787e-02 7.917758484518716555e-02 4.599171768176166936e-02
1.927861415582748233e-02 5.225559136326268263e-03 -2.450417329215301074e-02 3.493350159894335893e-02 9.239144366109888762e-02 5.364766230605248071e-02
2.204006177031807290e-02 5.985221388723748273e-03 -2.802528315904099024e-02 3.991456442675160587e-02 1.056103570493355792e-01 6.130091574230651930e-02
2.480334582173805008e-02 6.748258646938199226e-03 -3.155160446867547736e-02 4.489326167605873358e-02 1.188343353911123501e-01 6.895146980352163946e-02
2.756846457303847517e-02 7.514701191059008391e-03 -3.508316576409654941e-02 4.986959106214243487e-02 1.320633891030232321e-01 7.659931635782682435e-02
