0.000000000000000000e+00 0.000000000000000000e+00 0.000000000000000000e+00 0.000000000000000000e+00 0.000000000000000000e+00 0.000000000000000000e+00
3.916575828560673868e-05 5.460764393357158590e-04 -1.916457360543394664e-04 2.926234518937640468e-04 1.202070807351621065e-03 -4.330855645143669245e-05
7.831475504302838056e-05 1.091857679871484528e-03 -3.830236448170238001e-04 5.852431429847475709e-04 2.403693395148908101e-03 -8.699238719721403927e-05
1.174469935844508936e-04 1.637343465039096295e-03 -5.741336842754958579e-04 8.778590692674923890e-04 3.604867583582669916e-03 -1.310514455470875082e-04
1.565624772363794935e-04 2.182533538963125821e-03 -7.649758127615695130e-04 1.170471226756200807e-03 4.805593193675438898e-03 -1.754856841912075325e-04
1.956612093381986540e-04 2.727427646482140974e-03 -9.555499889575797641e-04 1.463079611482853660e-03 6.005870047320747973e-03 -2.202950551956888304e-04
2.347431932438163874e-04 3.272025533148044830e-03 -1.145856171892923507e-03 1.755684219497241757e-03 7.205697967280942466e-03 -2.654795100072357135e-04
2.738084323210068522e-04 3.816326945225277049e-03 -1.335894320940883041e-03 2.048285046868301724e-03 8.405076777188208795e-03 -3.110389994573321349e-04
3.128569299508984877e-04 4.360331629690408599e-03 -1.525664395816671900e-03 2.340882089683344811e-03 9.604006301541640617e-03 -3.569734737654058792e-04
3.518886895288410505e-04 4.904039334231420980e-03 -1.715166356573254820e-03 2.633475344047964736e-03 1.080248636570868039e-02 -4.032828825446604318e-04
3.909037144631554209e-04 5.447449807247067843e-03 -1.904400163599317139e-03 2.926064806085128256e-03 1.200051679592298477e-02 -4.499671748052885812e-04
