0.000000000000000000e+00 0.000000000000000000e+00 0.000000000000000000e+00 0.000000000000000000e+00 0.000000000000000000e+00 0.000000000000000000e+00
3.390680652511391139e-04 7.444295858708816860e-05 -7.208780414962763505e-04 1.096321879020540312e-03 9.605323556886455815e-04 2.588663358710999434e-03
6.778435160596511973e-04 1.488154910952394568e-04 -1.441133035036916551e-03 2.192403034708671154e-03 1.920836428267053532e-03 5.179138604399454761e-03
1.016326292277346761e-03 2.231173883728808100e-04 -2.160763823134420874e-03 3.288242665671277029e-03 2.880911928298389435e-03 7.771428177599279397e-03
1.354516333544074792e-03 2.973484406693024940e-04 -2.879769245457421221e-03 4.383839968233915405e-03 3.840758565613510561e-03 1.036553452460392544e-02
1.692413579284226741e-03 3.715084376281145139e-04 -3.598148138825159499e-03 5.479194136419821351e-03 4.800376049306765563e-03 1.296146009755715783e-02
2.030017968705045278e-03 4.455971682854952356e-04 -4.315899337196314051e-03 6.574304361940381744e-03 5.759764087733556213e-03 1.555920735447574588e-02
2.367329440794767922e-03 5.196144210670161634e-04 -5.033021671658734209e-03 7.669169834182832171e-03 6.718922388506512119e-03 1.815877875927535134e-02
2.704347934320597193e-03 5.935599837848389796e-04 -5.749513970418206228e-03 8.763789740200854730e-03 7.677850658491442749e-03 2.076017678179498116e-02
3.041073387827170158e-03 6.674336436352687170e-04 -6.465375058787713181e-03 9.858163264703508760e-03 8.636548603804122121e-03 2.336340389782080862e-02
3.377505739634621175e-03 7.412351871959866039e-04 -7.180603759176450683e-03 1.095228959004132183e-02 9.595015929807658092e-03 2.596846258911270772e-02
