0.000000000000000000e+00 0.000000000000000000e+00 0.000000000000000000e+00 0.000000000000000000e+00 0.000000000000000000e+00 0.000000000000000000e+00
3.569857445247711595e-03 -7.667496121752426274e-04 -2.803107833072386243e-03 9.980870755151739077e-03 1.211554375919378194e-02 6.389359981298376595e-03
7.148857685613786879e-03 -1.546778788474622570e-03 -5.602078897139010569e-03 1.999023941707808380e-02 2.422962115437372194e-02 1.275168841983649430e-02
1.073713296853890352e-02 -2.340354484378452931e-03 -8.396778484160292294e-03 3.002865187530306262e-02 3.634222429732290177e-02 1.908644731430629571e-02
1.433481861197779574e-02 -3.147750429357804892e-03 -1.118706818261994140e-02 4.009666811080176557e-02 4.845334525515444107e-02 2.539308461662003608e-02
1.794205309160395653e-02 -3.969247335639056011e-03 -1.397280575596471751e-02 5.019486265812686532e-02 6.056297604629569398e-02 3.167103377379754114e-02
2.155897813098078125e-02 -4.805133114595466423e-03 -1.675384501638530615e-02 6.032382508591654230e-02 7.267110863591111358e-02 3.791971325203673943e-02
2.518573879482521871e-02 -5.655703101100442026e-03 -1.953003569372450954e-02 7.048416049664749106e-02 8.477773493069257205e-02 4.413852604216812053e-02
2.882248358549508588e-02 -6.521260286195611558e-03 -2.230122329929904237e-02 8.067649004653426603e-02 9.688284677296646330e-02 5.032685914565200591e-02
3.246936454284036350e-02 -7.402115558442372116e-03 -2.506724898439775806e-02 9.090145148652335749e-02 1.089864359340384364e-01 5.648408304023490312e-02
3.612653734756758606e-02 -8.298587954349651019e-03 -2.782794939321737993e-02 1.011596997253898511e-01 1.210884941067115333e-01 6.260955112433948255e-02
