0.000000000000000000e+00 0.000000000000000000e+00 0.000000000000000000e+00 0.000000000000000000e+00 0.000000000000000000e+00 0.000000000000000000e+00
5.472128545016936244e-04 -9.269234338046850199e-06 -4.939921449120672188e-04 1.836827656209288158e-03 1.072157902788008644e-03 1.626135001352156141e-03
1.094280755848550625e-03 -1.861826945124877224e-05 -9.873789362657178596e-04 3.675303567247161559e-03 2.144234860354970063e-03 3.251637143878479373e-03
1.641206217047024105e-03 -2.804808651185669918e-05 -1.480157283666995015e-03 5.515442686820952282e-03 3.216230860239231021e-03 4.876491738266600789e-03
2.187991796079787835e-03 -3.755968307973398185e-05 -1.972324048435678337e-03 7.357260219155753456e-03 4.288145889563424809e-03 6.500683846766819145e-03
2.734640096989053061e-03 -4.715407348923671225e-05 -2.463876042466624228e-03 9.200771624831594400e-03 5.359979935030438451e-03 8.124198277489932951e-03
3.281153770841084734e-03 -5.683228920451631981e-05 -2.954810027174581584e-03 1.104599262623395459e-02 6.431732982912712060e-03 9.747019579033098374e-03
3.827535516715673686e-03 -6.659537918497746597e-05 -3.445122712407201922e-03 1.289293921313593681e-02 7.503405019038819450e-03 1.136913203497008813e-02
4.373788082720337506e-03 -7.644441025733025277e-05 -3.934810755335815119e-03 1.474162764843268969e-02 8.574996028778246807e-03 1.299051965819713987e-02
4.919914267029465438e-03 -8.638046750056172364e-05 -4.423870759311307292e-03 1.659207447401553348e-02 9.646505997027942508e-03 1.461116618513732743e-02
5.465916918951772667e-03 -9.640465463811703751e-05 -4.912299272694539004e-03 1.844429651680456680e-02 1.071793490819783132e-02 1.623105506979260343e-02
