0.000000000000000000e+00 0.000000000000000000e+00 0.000000000000000000e+00 0.000000000000000000e+00
1.056451659165909447e-02 -1.056451659165880998e-02 1.282496421400957515e-02 1.291294451111123232e-02
2.121678785388298252e-02 -2.121678785388229557e-02 2.564916776527824405e-02 2.582664968496343680e-02
3.195879605449646749e-02 -3.195879605449551686e-02 3.847261083877827337e-02 3.874111533658423923e-02
4.279259776562954753e-02 -4.279259776562829853e-02 5.129529363436947237e-02 5.165634126611369503e-02
5.372032722411684141e-02 -5.372032722411530792e-02 6.411721633724437597e-02 6.457232728835961277e-02
6.474419975101761149e-02 -6.474419975101569635e-02 7.693837907948139487e-02 7.748907327124326949e-02
7.586651518289166951e-02 -7.586651518288950458e-02 8.975878188976690875e-02 9.040657918607844512e-02
8.708966124517084073e-02 -8.708966124516823171e-02 1.025784246271098793e-01 1.033248451738563167e-01
9.841611676648794049e-02 -9.841611676648490126e-02 1.153973068925848722e-01 1.162438716335022215e-01
1.098484545881708851e-01 -1.098484545881676100e-01 1.282154279104380235e-01 1.291636593407695655e-01
