0.000000000000000000e+00 0.000000000000000000e+00 0.000000000000000000e+00 0.000000000000000000e+00 0.000000000000000000e+00 0.000000000000000000e+00 0.000000000000000000e+00 0.000000000000000000e+00 0.000000000000000000e+00 0.000000000000000000e+00
1.464941489649963791e-03 5.583391675834562624e-04 5.206746870961424020e-05 -4.864893615039559446e-04 -1.588858760536415379e-03 3.814030982798487495e-03 5.072515323227310899e-03 5.363345810099727148e-03 5.436866346899474692e-03 4.276023581436421035e-03
2.929232005044281328e-03 1.116943277496432099e-03 1.047505130659481505e-04 -9.723111666850452238e-04 -3.178614624967315491e-03 7.625788872109774685e-03 1.014252202002414657e-02 1.072625501563263285e-02 1.087550787386935142e-02 8.555490304989286227e-03
4.392859846913173966e-03 1.675818869862982785e-03 1.580579896573003048e-04 -1.457458224427850887e-03 -4.769278477998748281e-03 1.143523244202308657e-02 1.520998867885543435e-02 1.608872743918364143e-02 1.631595555207491360e-02 1.283844201664949627e-02
5.855813096395165798e-03 2.234972600514401227e-03 2.119989230649657434e-04 -1.941923207747805634e-03 -6.360861408166160365e-03 1.524231968100776130e-02 2.027488329903918973e-02 2.145076290612727213e-02 2.175824094298705810e-02 1.712492134178623254e-02
7.318079610709492429e-03 2.794411244003142461e-03 2.665825104524208004e-04 -2.425698648312001743e-03 -7.953374712737657989e-03 1.904700777312640092e-02 2.533717327822615495e-02 2.681236124558417783e-02 2.720239621164462218e-02 2.141497170452531795e-02
8.779647017946905913e-03 3.354141696266172909e-03 3.218181257172965729e-04 -2.908776933099641894e-03 -9.546829902659686312e-03 2.284925307898566516e-02 3.039682539811214279e-02 3.217352229044902201e-02 3.264845414092738124e-02 2.570863734679084550e-02
1.024050271171569187e-02 3.914170977363785192e-03 3.777153237625664912e-04 -3.391150300968926758e-03 -1.114123870764511040e-02 2.664901111614393497e-02 3.545380580973643558e-02 3.753424587741219232e-02 3.809644814624128101e-02 3.000596334788875608e-02
1.170063384563320950e-02 4.474506234294423762e-03 4.342838448907183034e-04 -3.872810839125627024e-03 -1.273661308140665999e-02 3.044623653895702289e-02 4.050808001836093269e-02 4.289453184698211602e-02 4.354641229062004154e-02 3.430699564465898577e-02
1.316002732766278528e-02 5.035154743890788397e-03 4.915336193251802765e-04 -4.353750479491955670e-03 -1.433296520704171323e-02 3.424088311784279082e-02 4.555961286790979198e-02 4.825438004350079274e-02 4.899838130026801242e-02 3.861178105221176049e-02
1.461866981428671351e-02 5.596123915797900777e-03 5.494747718632108160e-04 -4.833960994971782041e-03 -1.593030750257053846e-02 3.803290371795012975e-02 5.060836852495753657e-02 5.361379031516401439e-02 5.445239058054745368e-02 4.292036728526738010e-02
