0.000000000000000000e+00 0.000000000000000000e+00 0.000000000000000000e+00 0.000000000000000000e+00 0.000000000000000000e+00 0.000000000000000000e+00 0.000000000000000000e+00 0.000000000000000000e+00
5.762710079299166507e-04 5.687073988337371425e-05 -1.195395083589190693e-04 -3.545721488661474291e-04 1.985916216599697710e-03 1.141514774926996644e-03 8.848177380325119310e-04 1.110257785122342484e-03
1.153113406551782138e-03 1.134552897304841014e-04 -2.393055977946432274e-04 -7.079178046551892322e-04 3.976665365086891162e-03 2.284135019542121899e-03 1.768391366675223187e-03 2.216535593172871445e-03
1.730535997552195638e-03 1.697505714627429909e-04 -3.593008580617698092e-04 -1.060026130055089682e-03 5.972299904136454431e-03 3.427874015516425843e-03 2.650707257445108177e-03 3.318782425001520677e-03
2.308547706294809300e-03 2.257534585107850631e-04 -4.795279148817622452e-04 -1.410886120034256057e-03 7.972873088145983680e-03 4.572745241754293255e-03 3.531751575449122021e-03 4.416946519542769636e-03
2.887157583897387476e-03 2.814607750412951724e-04 -5.999894305565773613e-04 -1.760486599122381389e-03 9.978438981385420042e-03 5.718762377764729718e-03 4.411510275983975687e-03 5.510975341301834439e-03
3.466374809409287789e-03 3.368692949838188958e-04 -7.206881046073685933e-04 -2.108816218038100064e-03 1.198905247335966748e-02 6.865939307388907453e-03 5.289969100558717004e-03 6.600815565959128849e-03
4.046208692031106821e-03 3.919757410373569929e-04 -8.416266744245081517e-04 -2.455863450239946857e-03 1.400476929451714703e-02 8.014290122614458819e-03 6.167113572825167617e-03 7.686413065653634018e-03
4.626668673380813362e-03 4.467767836499605353e-04 -9.628079159332603209e-04 -2.801616588392832983e-03 1.602564603231996371e-02 9.163829127470159500e-03 7.042928994417409043e-03 8.767712893937034194e-03
5.207764329808219073e-03 5.012690399770234695e-04 -1.084234644271413021e-03 -3.146063740750640238e-03 1.805174014768076013e-02 1.031457084201129956e-02 7.917400440696132149e-03 9.844659270388259054e-03
5.789505374755857768e-03 5.554490728133540476e-04 -1.205909714482861998e-03 -3.489192827451955813e-03 2.008310999177920567e-02 1.146653000639431645e-02 8.790512756391137550e-03 1.091719556488188018e-02
