0.000000000000000000e+00 0.000000000000000000e+00 0.000000000000000000e+00 0.000000000000000000e+00
1.203668507540459585e-02 -1.203668507540425932e-02 1.463107560950576390e-02 1.275962541134400066e-02
2.418215674704057155e-02 -2.418215674703981521e-02 2.925825286023257116e-02 2.552314918146733960e-02
3.643908124541313243e-02 -3.643908124541202914e-02 4.388144115146148938e-02 3.829066191108839584e-02
4.881023128809784672e-02 -4.881023128809643119e-02 5.850054587491205355e-02 5.106225820848786512e-02
6.129849070998548421e-02 -6.129849070998362459e-02 7.311546805450333530e-02 6.383803704974619353e-02
7.390685897128276838e-02 -7.390685897128042303e-02 8.772610394003479972e-02 7.661810218506483194e-02
8.663845537274074415e-02 -8.663845537273810737e-02 1.023323445449144664e-01 8.940256260103496277e-02
9.949652272724834878e-02 -9.949652272724529567e-02 1.169340751140449941e-01 1.021915330527545657e-01
1.124844301189916046e-01 -1.124844301189882045e-01 1.315311745017149481e-01 1.149851346859346451e-01
1.256056742062225395e-01 -1.256056742062187925e-01 1.461235144294214805e-01 1.277834957790777992e-01
