0.000000000000000000e+00 0.000000000000000000e+00 0.000000000000000000e+00 0.000000000000000000e+00
5.083366394505751604e-03 -5.083366394505739461e-03 1.039889489185575125e-02 1.421460479591625699e-02
1.017470718930507147e-02 -1.017470718930507147e-02 2.079103556193824878e-02 2.843596381360614586e-02
1.527404723918822718e-02 -1.527404723918815432e-02 3.117639827949515718e-02 4.266410078382112947e-02
2.038141157570931561e-02 -2.038141157570926010e-02 4.155495911515863505e-02 5.689903963593044567e-02
2.549682541659735457e-02 -2.549682541659732335e-02 5.192669393920945620e-02 7.114080449965153041e-02
3.062031417771367281e-02 -3.062031417771363465e-02 6.229157841976673549e-02 8.538941970686649008e-02
3.575190348788569172e-02 -3.575190348788562233e-02 7.264958802091042722e-02 9.964490979349478750e-02
4.089161920697208935e-02 -4.089161920697196445e-02 8.300069800077239379e-02 1.139072995014050738e-01
4.603948744754127881e-02 -4.603948744754114003e-02 9.334488340962035502e-02 1.281766137803293237e-01
5.119553460057432032e-02 -5.119553460057414684e-02 1.036821190879776700e-01 1.424528777897441090e-01
