0.000000000000000000e+00 0.000000000000000000e+00 0.000000000000000000e+00 0.000000000000000000e+00
4.716501127183661069e-04 -6.227001859481793916e-04 1.584909538685823826e-03 2.302510855928880957e-03
9.429428395199342550e-04 -1.244900022098417887e-03 3.169952642426261680e-03 4.606419048552136755e-03
1.413878036592522989e-03 -1.866598764016202212e-03 4.755128485123130862e-03 6.911726255789518020e-03
1.884455560251731233e-03 -2.487795665656195639e-03 6.340436237836935551e-03 9.218434159115940218e-03
2.354675266940298942e-03 -3.108489979357844692e-03 7.925875068776748814e-03 1.152654444361310600e-02
2.824537013228759896e-03 -3.728680955840851189e-03 9.511444143287431374e-03 1.383605879798245099e-02
3.294040655815585680e-03 -4.348367844198418319e-03 1.109714262384280115e-02 1.614697891455853240e-02
3.763186051527834912e-03 -4.967549891892624782e-03 1.268296967003132610e-02 1.845930648932141496e-02
4.231973057322120126e-03 -5.586226344748024958e-03 1.426892443854906913e-02 2.077304322191069266e-02
4.700401530284002358e-03 -6.204396446946656811e-03 1.585500608318683724e-02 2.308819081563979678e-02
