0.000000000000000000e+00 0.000000000000000000e+00 0.000000000000000000e+00 0.000000000000000000e+00 0.000000000000000000e+00 0.000000000000000000e+00 0.000000000000000000e+00 0.000000000000000000e+00 0.000000000000000000e+00 0.000000000000000000e+00
8.687365270280954796e-04 1.996782851092678273e-04 -4.159842388534318455e-05 -2.372066839337460956e-04 -6.210810402565949311e-04 2.958310511711512159e-03 1.633864061826895663e-03 1.440320113656711788e-03 1.248549567461130008e-03 1.971919842928913230e-03
1.736855378985595767e-03 3.993007882033285084e-04 -8.324108873661863704e-05 -4.744058837700364912e-04 -1.241291462167295806e-03 5.919662065666932843e-03 3.268107857620798293e-03 2.880512732071142425e-03 2.496426730450927549e-03 3.942902532001951038e-03
2.604355366124471056e-03 5.988675459944237155e-04 -1.249280527517632514e-04 -7.115976526022232485e-04 -1.860630414593222219e-03 8.884063712357788412e-03 4.902733218385768935e-03 4.320577840319420743e-03 3.743629477842288361e-03 5.912940424833265998e-03
3.471235292403976498e-03 7.983785946628632006e-04 -1.666593744068694042e-04 -9.487820428250033199e-04 -2.479097044142771888e-03 1.185152454845863831e-02 6.537741984610576790e-03 5.760515422737262636e-03 4.990155788165411867e-03 7.882025838843344581e-03
4.337493955531570959e-03 9.978339698456135942e-04 -2.084351124644299460e-04 -1.185959106140546974e-03 -3.096690495134059220e-03 1.482205371739113778e-02 8.173136006412213758e-03 7.200325462934324162e-03 6.236003629518649394e-03 9.850151050894146235e-03
5.203130146910607198e-03 1.197233706629550250e-03 -2.502553259739147534e-04 -1.423128893548982702e-03 -3.713409909571268111e-03 1.779566040964407347e-02 9.808917143601259686e-03 8.640007943786609523e-03 7.481170959494766286e-03 1.181730829702829812e-02
6.068142651587271445e-03 1.396577839542891561e-03 -2.921200742754066684e-04 -1.660291455341019601e-03 -4.329254427121821680e-03 2.077235386309795803e-02 1.144508726574459435e-02 1.007956284742610870e-02 8.725655725110362942e-03 1.378348977220805217e-02
6.932530248197630099e-03 1.595866402548668048e-03 -3.340294170010627592e-04 -1.897446841088564796e-03 -4.944223185091725127e-03 2.375214336334984661e-02 1.308164825223403181e-02 1.151899015523333639e-02 9.969455862731031043e-03 1.574868763005317363e-02
7.796291708914057129e-03 1.795099429035712643e-03 -3.759834140772436118e-04 -2.134595099636160415e-03 -5.558315318402127017e-03 2.673503824404268453e-02 1.471860199234805225e-02 1.295828984782632781e-02 1.121256929799911012e-02 1.771289398257469908e-02
8.659425799390156608e-03 1.994276951811381135e-03 -4.179821257264911862e-04 -2.371736279092348781e-03 -6.171529959564790724e-03 2.972104788719640706e-02 1.635595038532175124e-02 1.439746190505299117e-02 1.245499394575880041e-02 1.967610089990743522e-02
