0.000000000000000000e+00 0.000000000000000000e+00 0.000000000000000000e+00 0.000000000000000000e+00 0.000000000000000000e+00 0.000000000000000000e+00 0.000000000000000000e+00 0.000000000000000000e+00 0.000000000000000000e+00 0.000000000000000000e+00
1.816124602925840020e-03 6.892273906068206984e-04 -4.024383762248377131e-05 -7.418740873198236864e-04 -1.723234060191856844e-03 4.761163075764877559e-03 5.926179059729079490e-03 6.027903086274229334e-03 5.672014553905619684e-03 4.425096490059595225e-03
3.632604613083389392e-03 1.378455518468808686e-03 -8.054356665441585877e-05 -1.484008414203222053e-03 -3.446508142207024838e-03 9.523584247967094643e-03 1.185204781762484380e-02 1.205537907928911495e-02 1.134323321311331463e-02 8.850468160265641260e-03
5.449440604937266786e-03 2.067684394819706631e-03 -1.208987681346321069e-04 -2.226404918703526851e-03 -5.169821304341268992e-03 1.428726600079190806e-02 1.777760585953467101e-02 1.808242796002105038e-02 1.701365507450853382e-02 1.327611387592479708e-02
7.266633141113591071e-03 2.756914020324575422e-03 -1.613090182778803994e-04 -2.969065543927790294e-03 -6.893172590564365133e-03 1.905221080958876406e-02 2.370285277203655616e-02 2.410904973563867890e-02 2.268327923042410751e-02 1.770203247560641485e-02
9.084182778531062208e-03 3.446144388657458590e-03 -2.017738917181309023e-04 -3.711992232633820089e-03 -8.616561034076613071e-03 2.381842114975649821e-02 2.962778814167001118e-02 3.013524443742080991e-02 2.835210476987936115e-02 2.212822277707477206e-02
1.090209006824153365e-02 4.135375486361439132e-03 -2.422929616917863897e-04 -4.455186926802550372e-03 -1.033998565725615174e-02 2.858589949661046598e-02 3.555241155491903338e-02 3.616101212139603838e-02 3.402013077839044497e-02 2.655468357698628420e-02
1.272035555526893763e-02 4.824607292708823179e-03 -2.828658002238270720e-04 -5.198651567198259160e-03 -1.206344547160988732e-02 3.335464832524559498e-02 4.147672259818822177e-02 4.218635286899859865e-02 3.968735633777801391e-02 3.098141365058542165e-02
1.453897977844787262e-02 5.513839779557693117e-03 -3.234919783210625857e-04 -5.942388092917576248e-03 -1.378693947772667398e-02 3.812467011039744752e-02 4.740072085778666844e-02 4.821126678773059171e-02 4.535378052596878568e-02 3.540841175139834013e-02
1.635796327026024788e-02 6.203072911208087729e-03 -3.641710661695381039e-04 -6.686398440928673428e-03 -1.551046666523432996e-02 4.289596732629871734e-02 5.332440591990964679e-02 5.423575401183627215e-02 5.101940241679525645e-02 3.983567661092164702e-02
1.817730655667119249e-02 6.892306644255276685e-03 -4.049026333374479772e-04 -7.430684545597048343e-03 -1.723402601276010498e-02 4.766854244653338096e-02 5.924777737061899530e-02 6.025981470298442944e-02 5.668422107978629554e-02 4.426320693831035935e-02
