0.000000000000000000e+00 0.000000000000000000e+00 0.000000000000000000e+00 0.000000000000000000e+00
5.028577994675464610e-03 -5.028577994675423844e-03 9.409479120585758499e-03 1.528617638395146291e-02
1.006496791587208235e-02 -1.006496791587204072e-02 1.880825658789354177e-02 3.058305442118111270e-02
1.510919623877259726e-02 -1.510919623877247410e-02 2.819629198795069874e-02 4.589067452566132632e-02
2.016128970610989862e-02 -2.016128970610974250e-02 3.757354456824692213e-02 6.120907744990225496e-02
2.522127534431289550e-02 -2.522127534431265264e-02 4.693997323422891693e-02 7.653830428845760647e-02
3.028918048308456082e-02 -3.028918048308437000e-02 5.629553654575979171e-02 9.187839648146416127e-02
3.536503277879667062e-02 -3.536503277879636531e-02 6.564019271359704255e-02 1.072293958181643053e-01
4.044886024208847741e-02 -4.044886024208822761e-02 7.497389959595369968e-02 1.225913444403453623e-01
4.554069127006407647e-02 -4.554069127006368095e-02 8.429661469522893580e-02 1.379642848456070769e-01
5.064055468346592703e-02 -5.064055468346548988e-02 9.360829515499674569e-02 1.533482598903765093e-01
