0.000000000000000000e+00 0.000000000000000000e+00 0.000000000000000000e+00 0.000000000000000000e+00
6.859668682694101309e-04 -6.599630890831906498e-04 2.073068029460081035e-03 2.147287169729757486e-03
1.371521697847409528e-03 -1.319516058785027155e-03 4.146608669174167879e-03 4.295273619595967041e-03
2.056664250316574908e-03 -1.978658576953192579e-03 6.220621209902270007e-03 6.443959096625744704e-03
2.741394287711885862e-03 -2.637390311608300668e-03 8.295104939379488451e-03 8.593343345745832820e-03
3.425711572526116046e-03 -3.295710930947880288e-03 1.037005914231624130e-02 1.074342610978846688e-02
4.109615867712287061e-03 -3.953620103347709434e-03 1.244548310039193285e-02 1.289420712948630143e-02
4.793106936685438517e-03 -4.611117497363676800e-03 1.452137609224136462e-02 1.504568614346504622e-02
5.476184543325324228e-03 -5.268202781733718164e-03 1.659773739344776872e-02 1.719786288823646481e-02
6.158848451978225433e-03 -5.924875625379005979e-03 1.867456627653237000e-02 1.935073709819041393e-02
6.841098427459705103e-03 -6.581135697406379284e-03 2.075186201094449470e-02 2.150430850558950058e-02
