0.000000000000000000e+00 0.000000000000000000e+00 0.000000000000000000e+00 0.000000000000000000e+00
1.026960629182671440e-02 -1.026960629182640042e-02 6.707939209251495040e-03 1.879744380360830885e-02
2.062725722505976203e-02 -2.062725722505917569e-02 1.343214116895152972e-02 3.757862485676802256e-02
3.107502814126841123e-02 -3.107502814126754040e-02 2.017304173558974803e-02 5.634310730298951880e-02
4.161507777949750853e-02 -4.161507777949637055e-02 2.693109415162812589e-02 7.509043789981063866e-02
5.224965331800703050e-02 -5.224965331800568435e-02 3.370677023628678576e-02 9.382014482801198652e-02
6.298109587866461412e-02 -6.298109587866289327e-02 4.050056167557911785e-02 1.125317364015791383e-01
7.381184656349502882e-02 -7.381184656349297490e-02 4.731298142151665886e-02 1.312246996685015876e-01
8.474445310971062684e-02 -8.474445310970829537e-02 5.414456521208298179e-02 1.498984988907948734e-01
9.578157727210033501e-02 -9.578157727209769823e-02 6.099587322571184411e-02 1.685525738900256199e-01
1.069260030723810651e-01 -1.069260030723778732e-01 6.786749188670263000e-02 1.871863382418947896e-01
