0.000000000000000000e+00 0.000000000000000000e+00 0.000000000000000000e+00 0.000000000000000000e+00 0.000000000000000000e+00 0.000000000000000000e+00 0.000000000000000000e+00 0.000000000000000000e+00 0.000000000000000000e+00 0.000000000000000000e+00
5.655858252972819711e-04 1.448189302267222924e-04 -1.610175709362734377e-05 -1.269403924916124270e-04 -6.024786158545760361e-04 1.959677795709440125e-03 1.155361206899482287e-03 1.141980539170061584e-03 1.178904677861510996e-03 2.182374917434596120e-03
1.130741452605750182e-03 2.896346093865697822e-04 -3.222552250209205949e-05 -2.538905845311395797e-04 -1.204442738002215125e-03 3.920154920738718254e-03 2.310584933739028447e-03 2.283814404684056561e-03 2.357605256746943181e-03 4.365839885315664359e-03
1.695466431539983075e-03 4.344470999602667582e-04 -4.837132325755088956e-05 -3.808506975787999686e-04 -1.805891675474303451e-03 5.881432096561876356e-03 3.465671019552618234e-03 3.425501501939862570e-03 3.536101479055859913e-03 6.550396137902014457e-03
2.259760310853159600e-03 5.792564645331369985e-04 -6.453918647826613754e-05 -5.078208533889409749e-04 -2.406824735719610784e-03 7.843510045990223500e-03 4.620619303010499793e-03 4.567041736137747096e-03 4.714393086597726268e-03 8.736044912181195263e-03
2.823622638434998035e-03 7.240627657953281181e-04 -8.072913936906287282e-05 -6.348011740118788496e-04 -3.007241224596836696e-03 9.806389493203384808e-03 5.775429622421105434e-03 5.708435012288092837e-03 5.892479820593269496e-03 1.092278744792119644e-02
3.387052961309372588e-03 8.688660665429053399e-04 -9.694120922265503522e-05 -7.617917817958844845e-04 -3.607140446369502557e-03 1.177007116375341188e-02 6.930101815730898770e-03 6.849681235210335409e-03 7.070361421672924709e-03 1.311062498768294539e-02
3.950050825630635996e-03 1.013666429677334167e-03 -1.131754234195970999e-04 -8.887927993878161521e-04 -4.206521703699649291e-03 1.373455578456996527e-02 8.084635720522525063e-03 7.990780309531413800e-03 8.248037629873696333e-03 1.529955877682923418e-02
4.512615776681355717e-03 1.158463918206088621e-03 -1.294318094285597156e-04 -1.015804349734548973e-03 -4.805384297641961643e-03 1.569984408396426015e-02 9.239031174013779060e-03 9.131732139686880162e-03 9.425508184635961878e-03 1.748959006353815321e-02
5.074747358869065653e-03 1.303258595242856805e-03 -1.457103948074063441e-04 -1.142826556083271008e-03 -5.403727527638175002e-03 1.766593679163451155e-02 1.039328801305638289e-02 1.027253662991716235e-02 1.060277282480325163e-02 1.968072009881265128e-02
5.636445115723184851e-03 1.448050524007718281e-03 -1.620112072030235558e-04 -1.269859541983428758e-03 -6.001550691510620060e-03 1.963283463866921652e-02 1.154740607413381852e-02 1.141319368426887970e-02 1.177983128861800205e-02 2.187295013649327713e-02
