0.000000000000000000e+00 0.000000000000000000e+00 0.000000000000000000e+00 0.000000000000000000e+00
5.303292122621148727e-03 -5.303292122621129645e-03 1.058923869753701855e-02 1.515103096050590160e-02
1.061525808348977654e-02 -1.061525808348972276e-02 2.116994958936376653e-02 3.031058972672195234e-02
1.593592665934020006e-02 -1.593592665934014108e-02 3.174210072999648219e-02 4.547870824413190183e-02
2.126532686474544298e-02 -2.126532686474539788e-02 4.230565989739978189e-02 6.065541873477137830e-02
2.660348796655818623e-02 -2.660348796655805093e-02 5.286059459023487173e-02 7.584075369997937688e-02
3.195043950207781397e-02 -3.195043950207764050e-02 6.340687202500530639e-02 9.103474592325140613e-02
3.730621130143417508e-02 -3.730621130143406405e-02 7.394445913314305618e-02 1.062374284731564811e-01
4.267083351471118863e-02 -4.267083351471099434e-02 8.447332255807868395e-02 1.214488347062637613e-01
4.804433664436759399e-02 -4.804433664436745521e-02 9.499342865235776978e-02 1.366689982700275974e-01
5.342675158354957127e-02 -5.342675158354940473e-02 1.055047434748752760e-01 1.518979531055530130e-01
