0.000000000000000000e+00 0.000000000000000000e+00 0.000000000000000000e+00 0.000000000000000000e+00 0.000000000000000000e+00 0.000000000000000000e+00
1.969169347148155272e-04 2.923362997828716776e-04 -9.666399479674177113e-04 3.693760764831603358e-04 1.341092583531107224e-03 2.931194404456839795e-03
3.935684412780642298e-04 5.849067414947134490e-04 -1.932370512056162540e-03 7.379958220796634279e-04 2.682303747021626446e-03 5.863548100239398923e-03
5.899545997878336131e-04 8.777119009041708031e-04 -2.897190381649395255e-03 1.105858958090849423e-03 4.023634065936096751e-03 8.797057557543697462e-03
7.860754904423972091e-04 1.170752355976366170e-03 -3.861098247935405153e-03 1.472965206537939654e-03 5.365084118587919865e-03 1.173171922123275937e-02
9.819311935460081197e-04 1.464028686868850673e-03 -4.824092803942442442e-03 1.839314290157603119e-03 6.706654486168662013e-03 1.466752951085292106e-02
1.177521789506669192e-03 1.757541475945533470e-03 -5.786172744565873383e-03 2.204905932393990201e-03 8.048345752767891575e-03 1.760448482049245533e-02
1.372847358834003917e-03 2.051291307791661741e-03 -6.747336766595439517e-03 2.569739857389733134e-03 9.390158505394515312e-03 2.054258151864030504e-02
1.567907982136920080e-03 2.345278769227948819e-03 -7.707583568743858922e-03 2.933815789975719162e-03 1.073209333399559318e-02 2.348181594804508304e-02
1.762703740121275477e-03 2.639504449325385041e-03 -8.666911851674060502e-03 3.297133455663527144e-03 1.207415083147879951e-02 2.642218442557222463e-02
1.957234713587988582e-03 2.933968939420728613e-03 -9.625320318028023764e-03 3.659692580634827958e-03 1.341633159373150849e-02 2.936368324205840263e-02
