0.000000000000000000e+00 0.000000000000000000e+00 0.000000000000000000e+00 0.000000000000000000e+00 0.000000000000000000e+00 0.000000000000000000e+00
5.844974560766950846e-04 6.109964258453293932e-05 -2.706376563485033294e-04 1.879032060575650063e-03 1.548103130721938375e-03 1.301605599576904134e-03
1.168661579876328254e-03 1.222349907855850679e-04 -5.410976355882153458e-04 3.758467236742686363e-03 3.096260203304995653e-03 2.603543770845597686e-03
1.752492116339150145e-03 1.834060461007961664e-04 -8.113797508750871358e-04 5.638305925876475021e-03 4.644471226222517124e-03 3.905814784166480522e-03
2.335988809820653458e-03 2.446128100391869943e-04 -1.081483814987920953e-03 7.518548526318846910e-03 6.192736207904272691e-03 5.208418910420811038e-03
2.919151404088055589e-03 3.058552841212237861e-04 -1.351409640325410130e-03 9.399195437418166738e-03 7.741055156750878928e-03 6.511356421019767055e-03
3.501979642318205684e-03 3.671334698789689146e-04 -1.621157038905209156e-03 1.128024705953200452e-02 9.289428081134754045e-03 7.814627587906266409e-03
4.084473267094566873e-03 4.284473688559862679e-04 -1.890725822362381318e-03 1.316170379403230374e-02 1.083785498939804533e-02 9.118232683556978801e-03
4.666632020404580354e-03 4.897969826078157765e-04 -2.160115801948463577e-03 1.504356604330880053e-02 1.238633588985386426e-02 1.042217198098318622e-02
5.248455643637767176e-03 5.511823127014473054e-04 -2.429326788529687607e-03 1.692583421077206718e-02 1.393487079078633770e-02 1.172644575373453166e-02
5.829943877582308663e-03 6.126033607155652490e-04 -2.698358592586143009e-03 1.880850870085866780e-02 1.548345970045003628e-02 1.303105427589915273e-02
