0.000000000000000000e+00 0.000000000000000000e+00 0.000000000000000000e+00 0.000000000000000000e+00 0.000000000000000000e+00 0.000000000000000000e+00 0.000000000000000000e+00 0.000000000000000000e+00
1.235163187571018889e-03 1.300773960788126869e-03 2.683494945648022805e-04 -2.804286642924056459e-03 2.035975785715137248e-03 5.338975018843984677e-03 8.901871464514229601e-03 8.269858102884976303e-03
2.467697135888563889e-03 2.603952567013214682e-03 5.402582161658190264e-04 -5.611907919067606922e-03 4.062537175327599406e-03 1.067219901218446204e-02 1.780752616963662480e-02 1.655109838676745507e-02
3.697588836791144105e-03 3.909542582402905642e-03 8.157435451984472192e-04 -8.422874964392538383e-03 6.079648968874208290e-03 1.599965356125390356e-02 2.671697468374869405e-02 2.484376390199795684e-02
4.924825209781129830e-03 5.217550797879394985e-03 1.094822934710332424e-03 -1.123719894237091427e-02 8.087275757530407866e-03 2.132132015688081167e-02 3.563022769883795321e-02 3.314789787458385234e-02
6.149393101483729800e-03 6.527984032263503197e-03 1.377513909379689955e-03 -1.405489104312695678e-02 1.008538192117787967e-02 2.663718019847033380e-02 4.454729603470791721e-02 4.146354370543529899e-02
7.371279285105641899e-03 7.840849133019531583e-03 1.663834064486874494e-03 -1.687596248261192741e-02 1.207393162592468490e-02 3.194721499295619105e-02 5.346819064332859750e-02 4.979074496953958540e-02
8.590470459890217278e-03 9.156152977042430335e-03 1.953801064882396132e-03 -1.970042450181510099e-02 1.405288882158714156e-02 3.725140575372018481e-02 6.239292261333685696e-02 5.812954541506375195e-02
9.806953250571652167e-03 1.047390247148834511e-02 2.247432643958616628e-03 -2.252828836601854928e-02 1.602221723912216830e-02 4.254973359948384382e-02 7.132150317468705092e-02 6.647998896237269917e-02
1.102071420682486369e-02 1.179410455464801472e-02 2.544746602627528248e-03 -2.535956536410047951e-02 1.798188038801475097e-02 4.784217955316912019e-02 8.025394370347313511e-02 7.484211970296658634e-02
1.223173980271234640e-02 1.311676619686636194e-02 2.845760808314587269e-03 -2.819426680789325484e-02 1.993184155361625923e-02 5.312872454072598005e-02 8.919025572691847981e-02 8.321598189832163373e-02
