0.000000000000000000e+00 0.000000000000000000e+00 0.000000000000000000e+00 0.000000000000000000e+00
3.871931007383373540e-04 -5.067311628791909940e-04 1.002805753782303562e-03 1.425294040297043173e-03
7.742887688268682012e-04 -1.013234283042138782e-03 2.005634492638996933e-03 2.850736731365472940e-03
1.161286994563786668e-03 -1.519509305173451664e-03 3.008486197862547413e-03 4.276328185068233555e-03
1.548187768251397091e-03 -2.025556173863448783e-03 4.011360850758447470e-03 5.702068513515958295e-03
1.934991080195901840e-03 -2.531374833609345912e-03 5.014258432645000291e-03 7.127957829083421577e-03
2.321696920708070811e-03 -3.036965228815176852e-03 6.017178924855873939e-03 8.553996244409868555e-03
2.708305280102483135e-03 -3.542327303791089569e-03 7.020122308739484666e-03 9.980183872399725487e-03
3.094816148697881499e-03 -4.047461002752861768e-03 8.023088565659076271e-03 1.140652082622308980e-02
3.481229516817264513e-03 -4.552366269821628113e-03 9.026077676991666257e-03 1.283300721931641096e-02
3.867545374787535652e-03 -5.057043049023122148e-03 1.002908962413012403e-02 1.425964316538289207e-02
