0.000000000000000000e+00 0.000000000000000000e+00 0.000000000000000000e+00 0.000000000000000000e+00 0.000000000000000000e+00 0.000000000000000000e+00
2.335600308389419212e-03 4.525666439289514507e-04 -2.788166952318270591e-03 6.276385638529860707e-03 1.146828021676895432e-02 3.412983857602738466e-03
4.672411515166660645e-03 9.061349145318873480e-04 -5.578546429698330936e-03 1.255076742889926246e-02 2.293999673036496711e-02 6.824535266538589440e-03
7.010435075060237296e-03 1.360712372143907953e-03 -8.371147447203925590e-03 1.882313870663289423e-02 3.441515171852339156e-02 1.023465871354779094e-02
9.349672408887798464e-03 1.816306695993498681e-03 -1.116597910488097666e-02 2.509349275736257392e-02 4.589374733076615615e-02 1.364335876347688020e-02
1.169012490096303300e-02 2.272925687258850382e-03 -1.396305058822145881e-02 3.136182281483086698e-02 5.737578568877114288e-02 1.705064006090507844e-02
1.403179389640538469e-02 2.730577272190416564e-03 -1.676237116859534415e-02 3.762812205880790989e-02 6.886126888684962477e-02 2.045650733175120861e-02
1.637468069835659734e-02 3.189269505291842440e-03 -1.956395020364788684e-02 4.389238361290752344e-02 8.035019899253778575e-02 2.386096538486493640e-02
1.871878656510833627e-02 3.649010572551817863e-03 -2.236779713765960770e-02 5.015460054231242470e-02 9.184257804730171226e-02 2.726401911359710439e-02
2.106411270714574763e-02 4.109808794719656787e-03 -2.517392150186479466e-02 5.641476585139916511e-02 1.033384080673610678e-01 3.066567349735278142e-02
2.341066028411336458e-02 4.571672630612985157e-03 -2.798233291472562723e-02 6.267287248125961996e-02 1.148376910446352456e-01 3.406593360311934576e-02
