0.000000000000000000e+00 0.000000000000000000e+00 0.000000000000000000e+00 0.000000000000000000e+00 0.000000000000000000e+00 0.000000000000000000e+00
2.639281673256418763e-03 -2.321786436524139047e-04 -2.407103029604018302e-03 7.226890150429177498e-03 9.601408262696439766e-03 6.116491684806602859e-03
5.280749746838524564e-03 -4.655344054565145866e-04 -4.815215341381892666e-03 1.445639401129390073e-02 1.920163735892736409e-02 1.223154882564333502e-02
7.924410247996586595e-03 -7.000734800987253731e-04 -7.224336767897959234e-03 2.168852304114854412e-02 2.880068195903200123e-02 1.834516529361612108e-02
1.057026920479990292e-02 -9.358021031022523313e-04 -9.634467101697652761e-03 2.892328871636778639e-02 3.839853681134221264e-02 2.445733486401906534e-02
1.321833264528662032e-02 -1.172726551638435255e-03 -1.204560609364820414e-02 3.616070252981753302e-02 4.799519674634471211e-02 3.056805121349924145e-02
1.586860659661547268e-02 -1.410853145368023281e-03 -1.445775345124733838e-02 4.340077598947486570e-02 5.759065668097373275e-02 3.667730791714515076e-02
1.852109708421763312e-02 -1.650188247317886138e-03 -1.687090883689962989e-02 5.064352061699541052e-02 6.718491162303970310e-02 4.278509844549131802e-02
2.117581013095121145e-02 -1.890738264789597681e-03 -1.928507186616159816e-02 5.788894794622310991e-02 7.677795667579569161e-02 4.889141616143970887e-02
2.383275175625694173e-02 -2.132509650301232448e-03 -2.170024210595570061e-02 6.513706952164119435e-02 8.636978704265300955e-02 5.499625431709607298e-02
2.649192797531810251e-02 -2.375508902563348845e-03 -2.411641907275463570e-02 7.238789689676289330e-02 9.596039803204486907e-02 6.109960605051544674e-02
