0.000000000000000000e+00 0.000000000000000000e+00 0.000000000000000000e+00 0.000000000000000000e+00
8.989015566501438851e-05 -4.156474790247867966e-04 2.890048466030411298e-04 9.641903840322382704e-04
1.797511487255587449e-04 -8.311495049103325046e-04 5.780007681065993299e-04 1.928353278424762033e-03
2.695829805255144963e-04 -1.246506089192448222e-03 8.669877581685240002e-04 2.892488662363218443e-03
3.593856524107565380e-04 -1.661717243430574364e-03 1.155965810446458325e-03 3.856596515049133013e-03
4.491591657287160428e-04 -2.076782979209621047e-03 1.444934918600239426e-03 4.820676815705676049e-03
5.389035218292281305e-04 -2.491703308139468862e-03 1.733895076289451590e-03 5.784729543578106745e-03
6.286187220637740655e-04 -2.906478241855304546e-03 2.022846277174437067e-03 6.748754677933017053e-03
7.183047677856060475e-04 -3.321107792017276208e-03 2.311788514916533841e-03 7.712752198058099237e-03
8.079616603502185693e-04 -3.735591970310521513e-03 2.600721783177285459e-03 8.676722083262661950e-03
8.975894011145408484e-04 -4.149930788444788216e-03 2.889646075619108252e-03 9.640664312876339598e-03
