0.000000000000000000e+00 0.000000000000000000e+00 0.000000000000000000e+00 0.000000000000000000e+00 0.000000000000000000e+00 0.000000000000000000e+00 0.000000000000000000e+00 0.000000000000000000e+00 0.000000000000000000e+00 0.000000000000000000e+00
-5.226274520799278640e-04 -3.371375661340320637e-04 5.927093746779072206e-03 -3.222779676864587651e-03 -1.844549051700691486e-03 -6.690083760398225603e-04 -3.325627515963481412e-03 8.205096169167300224e-03 1.990242461721672407e-02 2.253316307235230746e-03
-1.047450866142331585e-03 -6.838654734906400058e-04 1.187735345924033174e-02 -6.470631690976298006e-03 -3.675405428631428172e-03 -1.339148773123192060e-03 -6.654489727565571569e-03 1.641432068203043521e-02 3.981574228453813730e-02 4.495977937351874898e-03
-1.574507584250890019e-03 -1.040325243487938943e-03 1.785102777096546009e-02 -9.743855100240400233e-03 -5.492339842986651566e-03 -2.010438285269395154e-03 -9.986631654822719639e-03 2.462786037814452753e-02 5.973993121611193696e-02 6.727881950683437147e-03
-2.103836317009882741e-03 -1.406663742535529211e-03 2.384836843091255390e-02 -1.304275013775726272e-02 -7.295118233610517824e-03 -2.682894629466078124e-03 -1.332210002310656866e-02 3.284590806503778077e-02 7.967496893398870461e-02 8.948922460010080154e-03
-2.635477228817224935e-03 -1.783033510605270796e-03 2.986962994977838959e-02 -1.636761741060338907e-02 -9.083501799753604389e-03 -3.356536184691447273e-03 -1.666094336266019799e-02 4.106866277907761376e-02 9.962083218198221346e-02 1.115899059437263328e-02
-3.169472029691355278e-03 -2.169593113853374687e-03 3.591506916702886382e-02 -1.971875695963417816e-02 -1.085724706385081048e-02 -4.031382033990069461e-03 -2.000321211427258036e-02 4.929633004936993107e-02 1.195774968344346378e-01 1.335797447415447078e-02
-3.705864073900248887e-03 -2.566507521783578574e-03 4.198494472792680537e-02 -2.309646716529908939e-02 -1.261610596694488426e-02 -4.707452009716812415e-03 -2.334895874098705595e-02 5.752912216072084833e-02 1.395449378017755149e-01 1.554575919951936905e-02
-4.244698465503258210e-03 -2.973948508903146749e-03 4.807951645936386909e-02 -2.650104348466849821e-02 -1.435982600029033981e-02 -5.384766742013569543e-03 -2.669823784553800039e-02 6.576725841042284360e-02 1.595231289356249527e-01 1.772222685443183149e-02
-4.786022170754907629e-03 -3.392095080114365148e-03 5.419904463305375703e-02 -2.993277700580163070e-02 -1.608815037638434281e-02 -6.063347710515106133e-03 -3.005110629293822333e-02 7.401096535216697414e-02 1.795120429372780158e-01 1.988725652855328346e-02
-5.329884137108140824e-03 -3.821133918156351290e-03 6.034378910481390246e-02 -3.339195280744110261e-02 -1.780081824210973801e-02 -6.743217299173012019e-03 -3.340762333734190875e-02 8.226047701867285344e-02 1.995116512747030779e-01 2.204072435929936916e-02
