0.000000000000000000e+00 0.000000000000000000e+00 0.000000000000000000e+00 0.000000000000000000e+00 0.000000000000000000e+00 0.000000000000000000e+00
5.049307781956038823e-04 2.294559970101346934e-05 -3.852513651362579551e-04 1.131080516923190903e-03 8.201037060200547886e-04 5.435507739411908233e-04
1.009791397960068445e-03 4.588700309711186439e-05 -7.704231380942848199e-04 2.262070387911787467e-03 1.639953048802847381e-03 1.086883451666812968e-03
1.514581885270314607e-03 6.882420323227691778e-05 -1.155515280251156454e-03 3.392969329369336946e-03 2.459547894221193916e-03 1.629997843156728247e-03
2.019302266158708951e-03 9.175719312854425350e-05 -1.540527752910861997e-03 4.523777057307447509e-03 3.278888108127012754e-03 2.172893758230359101e-03
2.523952566714523279e-03 1.146859657852817080e-04 -1.925460517304635692e-03 5.654493287348946740e-03 4.097973556357538578e-03 2.715571006550148835e-03
3.028532813084634789e-03 1.376105141792280362e-04 -2.310313534591277966e-03 6.785117734728413758e-03 4.916804104735686583e-03 3.258029397619606471e-03
3.533043031473326583e-03 1.605308312648244539e-04 -2.695086765856788760e-03 7.915650114290951472e-03 5.735379619069481960e-03 3.800268740784014734e-03
4.037483248142131539e-03 1.834469099733516398e-04 -3.079780172114101461e-03 9.046090140490382903e-03 6.553699965152450652e-03 4.342288845228440761e-03
4.541853489410033543e-03 2.063587432140642037e-04 -3.464393714303104586e-03 1.017643752739135453e-02 7.371765008763440236e-03 4.884089519980550249e-03
5.046153781653054185e-03 2.292663238724968247e-04 -3.848927353290234124e-03 1.130669198866553378e-02 8.189574615666007570e-03 5.425670573907034368e-03
