0.000000000000000000e+00 0.000000000000000000e+00 0.000000000000000000e+00 0.000000000000000000e+00
6.346822508720790981e-04 -5.357453248485766553e-04 2.109367647717497272e-03 1.696264013358762725e-03
1.268870509926070186e-03 -1.071088594303851562e-03 4.219600203825953078e-03 3.392768896276271949e-03
1.902564301856781142e-03 -1.606029664919220081e-03 6.330698135556139285e-03 5.089514208661208815e-03
2.535763150751878768e-03 -2.140568393407032456e-03 8.442661910436381409e-03 6.786499509263259691e-03
3.168466580094815924e-03 -2.674704636639444692e-03 1.055549199631900664e-02 8.483724355681097201e-03
3.800674112762180649e-03 -3.208438251649739330e-03 1.266918886138074067e-02 1.018118830436060863e-02
4.432385271023128043e-03 -3.741769095632433220e-03 1.478375297412332957e-02 1.187889091059103272e-02
5.063599576536928666e-03 -4.274697025943442752e-03 1.689918480337414958e-02 1.357683172850437936e-02
5.694316550351704795e-03 -4.807221900101027977e-03 1.901548481828718024e-02 1.527501031106939973e-02
6.324535712902556485e-03 -5.339343575786232796e-03 2.113265348834320739e-02 1.697342621009226282e-02
