0.000000000000000000e+00 0.000000000000000000e+00 0.000000000000000000e+00 0.000000000000000000e+00 0.000000000000000000e+00 0.000000000000000000e+00
3.349361223440251896e-04 1.298495805050624459e-04 -6.961200346873231597e-04 1.128692634908739448e-03 1.011602256898083436e-03 2.134487660191848254e-03
6.697111789665504810e-04 2.596414940924751213e-04 -1.391747867512333923e-03 2.257595908355821378e-03 2.023058440827177167e-03 4.269639773852218836e-03
1.004325115526159959e-03 3.893756716532419397e-04 -2.086883094014035153e-03 3.386709867139272613e-03 3.034368474702693781e-03 6.405456415160828802e-03
1.338777877641473364e-03 5.190520440338636764e-04 -2.781525309413686916e-03 4.516034558048224318e-03 4.045532281421888518e-03 8.541937657915398691e-03
1.673069410891322821e-03 6.486705420359660870e-04 -3.475674108616003122e-03 5.645570027865988959e-03 5.056549783871155945e-03 1.067908357556411267e-02
2.007199660814609071e-03 7.782310964172728168e-04 -4.169329086209140785e-03 6.775316323368642604e-03 6.067420904924766649e-03 1.281689424120453433e-02
2.341168572910658392e-03 9.077336378901911668e-04 -4.862489836463202743e-03 7.905273491327132612e-03 7.078145567445313924e-03 1.495536972758509421e-02
2.674976092638741646e-03 1.037178097122783919e-03 -5.555155953329345142e-03 9.035441578503899257e-03 8.088723694283279225e-03 1.709451010710320851e-02
3.008622165417897554e-03 1.166564404737892866e-03 -6.247327030438704944e-03 1.016582063165619339e-02 9.099155208277634119e-03 1.923431545180560864e-02
3.342106736627394568e-03 1.295892491313619440e-03 -6.939002661101743331e-03 1.129641069753378399e-02 1.010944003225445684e-02 2.137478583338789373e-02
