0.000000000000000000e+00 0.000000000000000000e+00 0.000000000000000000e+00 0.000000000000000000e+00 0.000000000000000000e+00 0.000000000000000000e+00 0.000000000000000000e+00 0.000000000000000000e+00 0.000000000000000000e+00 0.000000000000000000e+00
9.994510910949852295e-04 7.717907615065237002e-04 9.980775259931992920e-04 -3.647480738472916968e-04 -2.404571304747304527e-03 1.751961936970916232e-03 3.841144276778336256e-03 5.516697842119550402e-03 8.554292816215064085e-03 5.031558632252598577e-03
1.998735451783833616e-03 1.543510503349090164e-03 1.997301761603612578e-03 -7.294302028486070394e-04 -4.810117513887643415e-03 3.503343514903121785e-03 7.682204964266685365e-03 1.103280895310233649e-02 1.711108139224370300e-02 1.006187218415707622e-02
2.997852627120948556e-03 2.315158864475807231e-03 2.997674971431766710e-03 -1.094047782731477191e-03 -7.216638680296909997e-03 5.254144109261929020e-03 1.152318307227643245e-02 1.654833479011266761e-02 2.567036843838422025e-02 1.509093610297465582e-02
3.996802157797042614e-03 3.086735473748989864e-03 3.999199385692536225e-03 -1.458602193623501162e-03 -9.624134823614743581e-03 7.004363089455937878e-03 1.536407961166530445e-02 2.206327679194858282e-02 3.423215672678524280e-02 2.011874579749130254e-02
4.995583580150042211e-03 3.858239949723876652e-03 5.001877198675099001e-03 -1.823094799085673862e-03 -1.203260592946308639e-02 8.753999818851341055e-03 1.920489559420985801e-02 2.757763637756257755e-02 4.279644909428251265e-02 2.514529663677686488e-02
5.994196426181076787e-03 4.629671900429677134e-03 6.005710567186605016e-03 -2.187526945135293346e-03 -1.444205194866152175e-02 1.050305365478918819e-02 2.304563203247697242e-02 3.309141494453066157e-02 5.136324844529997768e-02 3.017058394892306594e-02
6.992640223573478794e-03 5.401030923150265672e-03 7.010701608982444592e-03 -2.551899959265731353e-03 -1.685247279644006696e-02 1.225152394861028782e-02 2.688628993968583680e-02 3.860461386747345708e-02 5.993255775482488057e-02 3.519460301976207184e-02
7.990914495718775060e-03 6.172316604208250880e-03 8.016852401184351024e-03 -2.916215149461707547e-03 -1.926386835164908828e-02 1.399941004568404888e-02 3.072687032956680775e-02 4.411723449642795253e-02 6.850438007144965535e-02 4.021734909156508830e-02
8.989018761745203034e-03 6.943528518749964018e-03 9.024164978687692837e-03 -3.280473803213940567e-03 -2.167623845596814910e-02 1.574671128544595511e-02 3.456737421621262213e-02 4.962927815516603169e-02 7.707871852048332750e-02 4.523881736172163243e-02
9.986952536553898863e-03 7.714666230534429452e-03 1.003264133256152706e-02 -3.644677186537111525e-03 -2.408958291311200095e-02 1.749342700143989918e-02 3.840780261392531814e-02 5.514074613946481906e-02 8.565557630713442616e-02 5.025900298140173472e-02
