0.000000000000000000e+00 0.000000000000000000e+00 0.000000000000000000e+00 0.000000000000000000e+00 0.000000000000000000e+00 0.000000000000000000e+00
2.965642315100371681e-03 6.490673733665244631e-05 -3.030549052437168760e-03 7.535960458994420998e-03 1.139651955980105352e-02 7.860766118004475916e-03
5.933022246001013432e-03 1.309265131538646289e-04 -6.063948759154744704e-03 1.507002711800026033e-02 2.279182499906017706e-02 1.572464015654036207e-02
8.902131623504108346e-03 1.980812127552306588e-04 -9.100212836259271784e-03 2.260215545804349080e-02 3.418591269013896566e-02 2.359167026221814512e-02
1.187296193471314848e-02 2.663932715172593821e-04 -1.213935520623022138e-02 3.013229977453693240e-02 4.557877910072195837e-02 3.146190567194179916e-02
1.484550431039416071e-02 3.358856924608639993e-04 -1.518139000285497614e-02 3.766041313889876424e-02 5.697042079902425726e-02 3.933539674607820780e-02
1.781974951186234002e-02 4.065820645051520382e-04 -1.822633157636763604e-02 4.518644735872198726e-02 6.836083445917696955e-02 4.721219500290180227e-02
2.079568791737355579e-02 4.785065814366003256e-04 -2.127419449881016306e-02 5.271035293641952030e-02 7.975001686679993040e-02 5.509235315438119202e-02
2.377330950800068260e-02 5.516840616241252757e-04 -2.432499356962488507e-02 6.023207902628355259e-02 9.113796492475489952e-02 6.297592514336310121e-02
2.675260385297743154e-02 6.261399685156500070e-04 -2.737874382149290201e-02 6.775157338988901934e-02 1.025246756590885711e-01 7.086296618222370780e-02
2.973356009448449924e-02 7.019004319475776257e-04 -3.043546052643189559e-02 7.526878234977427140e-02 1.139101462251662922e-01 7.875353279306071541e-02
