0.000000000000000000e+00 0.000000000000000000e+00 0.000000000000000000e+00 0.000000000000000000e+00
5.402380177706137161e-04 -5.987942146109421224e-04 1.858876196113769513e-03 2.060960201357031878e-03
1.080040003822354319e-03 -1.197101254836860709e-03 3.718348070108362484e-03 4.122772984300220565e-03
1.619405652717268232e-03 -1.794920662852718439e-03 5.578415906470287483e-03 6.185438992720893904e-03
2.158334658648378493e-03 -2.392251980176787144e-03 7.439079990038208016e-03 8.248958871828112119e-03
2.696826715439698628e-03 -2.989094747669322587e-03 9.300340606020078560e-03 1.031333326818225857e-02
3.234881516544626731e-03 -3.585448505531105452e-03 1.116219803999385016e-02 1.237856282970162432e-02
3.772498755044128779e-03 -4.181312793299768286e-03 1.302465257790968306e-02 1.444464820567017971e-02
4.309678123645934583e-03 -4.776687149849226724e-03 1.488770450608989382e-02 1.651159004674366410e-02
4.846419314683241518e-03 -5.371571113386789872e-03 1.675135411123057291e-02 1.857938900495611015e-02
5.382722020112785076e-03 -5.965964221450822773e-03 1.861560168040357621e-02 2.064804573372853308e-02
