0.000000000000000000e+00 0.000000000000000000e+00 0.000000000000000000e+00 0.000000000000000000e+00 0.000000000000000000e+00 0.000000000000000000e+00 0.000000000000000000e+00 0.000000000000000000e+00
3.833373039840172990e-04 1.973415847653730800e-04 1.393194087049878276e-05 -9.911018273603532797e-04 1.240944227946160763e-03 9.508117179543666133e-04 1.791248150998644203e-03 3.389853825095752102e-03
7.662600529549414832e-04 3.945214693178175180e-04 2.794853354448974839e-05 -1.981107490234452172e-03 2.481500641401193207e-03 1.901215264745108151e-03 3.582504875070714051e-03 6.782383490431078896e-03
1.148768358026921359e-03 5.915394374430382567e-04 4.204975071772748779e-05 -2.970014542544266445e-03 3.721668516233986573e-03 2.851210449204828572e-03 5.373770148475247657e-03 1.017759165319054998e-02
1.530862330653016924e-03 7.883952728082747798e-04 5.623556501074869734e-05 -3.957820532512189640e-03 4.961447128014770565e-03 3.800797080250036507e-03 7.165043947490708567e-03 1.357548097166388565e-02
1.912542082628959379e-03 9.850887589631879358e-04 7.050594896594563601e-05 -4.944523002650836295e-03 6.200835752022710624e-03 4.749974966896879092e-03 8.956326248440367802e-03 1.697605410536114426e-02
2.293807726094622065e-03 1.181619679340731310e-03 8.486087504825657582e-05 -5.930119489744310399e-03 7.439833663241632485e-03 5.698743918261124294e-03 1.074761702769505035e-02 2.037931371500795869e-02
2.674659373531949966e-03 1.377987817257124610e-03 9.930031564510949783e-05 -6.914607524828163265e-03 8.678440136363667692e-03 6.647103743558662250e-03 1.253891626167287325e-02 2.378526246253859916e-02
3.055097137765947629e-03 1.574192955912645780e-03 1.138242430655877444e-04 -7.897984633170387903e-03 9.916654445786012712e-03 7.595054252106173132e-03 1.433022392684218244e-02 2.719390301108869784e-02
3.435121131963775592e-03 1.770234878391702127e-03 1.284326295407461590e-04 -8.880248334251576378e-03 1.115447586561123423e-02 8.542595253321655369e-03 1.612153999972289545e-02 3.060523802498930565e-02
3.814731469633821006e-03 1.966113367663275494e-03 1.431254472235512923e-04 -9.861396141745519539e-03 1.239190366964746347e-02 9.489726556724932191e-03 1.791286445688689694e-02 3.401927016975988399e-02
