0.000000000000000000e+00 0.000000000000000000e+00 0.000000000000000000e+00 0.000000000000000000e+00 0.000000000000000000e+00 0.000000000000000000e+00 0.000000000000000000e+00 0.000000000000000000e+00 0.000000000000000000e+00 0.000000000000000000e+00
8.119540067405685378e-04 9.255798436304321641e-04 6.264288405962677771e-04 -1.296573641871277566e-04 -2.234305309996392503e-03 1.396473690361037939e-03 3.076822293516107143e-03 5.293650433663155304e-03 7.259359283071829816e-03 6.750428788022469484e-03
1.621416818714053239e-03 1.851694184333984357e-03 1.254687996739563055e-03 -2.569612199790618709e-04 -4.470837762701160116e-03 2.784901044390412569e-03 6.147411001925187635e-03 1.058635692778687847e-02 1.452397275347045574e-02 1.351082724230755899e-02
2.428377280924128804e-03 2.778342349034732157e-03 1.884784624856791335e-03 -3.818996029548815500e-04 -6.709604634416573184e-03 4.165249701217800180e-03 9.211743685331480469e-03 1.587811572896426562e-02 2.179385922693519856e-02 2.028123510865378898e-02
3.232824165238854745e-03 3.705523644366119987e-03 2.516725912136471861e-03 -5.044604836267421472e-04 -8.950613220319625016e-03 5.537487108207556422e-03 1.226979776484115464e-02 2.116892307957727801e-02 2.906903766280303364e-02 2.706169231687113527e-02
4.034746172851528742e-03 4.633237357493675407e-03 3.150519075461437508e-03 -6.246317504651351885e-04 -1.119387083718055911e-02 6.901580524641063273e-03 1.532155052535021447e-02 2.645877521757612413e-02 3.634952715351150165e-02 3.385223899239307721e-02
4.834131933619483130e-03 5.561482755873501348e-03 3.786171361115147401e-03 -7.424012087814957361e-04 -1.343938482328425367e-02 8.257497020042711341e-03 1.836697911425626273e-02 3.174766837662254537e-02 4.363534692691600075e-02 4.065291545677944540e-02
5.630970005394123415e-03 6.490259087010516806e-03 4.423690044472452718e-03 -8.577565795705554934e-04 -1.568716253836622762e-02 9.605203472484964006e-03 2.140606054015029014e-02 3.703559878623031293e-02 5.092651634867583627e-02 4.746376222819242985e-02
6.425248873342848284e-03 7.419565578211713246e-03 5.063082429676820165e-03 -9.706854983114049373e-04 -1.793721136356440926e-02 1.094466656687370990e-02 2.443877167149340751e-02 4.232256267190143140e-02 5.822305492470582211e-02 5.428482002184709804e-02
7.216956949261344942e-03 8.349401436337795107e-03 5.704355849301154073e-03 -1.081175513723912126e-03 -2.018953870138742376e-02 1.227585279320944286e-02 2.746508923527182094e-02 4.760855625525931695e-02 6.552498230369857568e-02 6.111612975043994450e-02
8.006082570877008295e-03 9.279765847551434133e-03 6.347517663993960946e-03 -1.189214086479447804e-03 -2.244415197570114387e-02 1.359872844482776233e-02 3.048498981563689883e-02 5.289357575417968221e-02 7.283231827971876904e-02 6.795773252454204161e-02
