0.000000000000000000e+00 0.000000000000000000e+00 0.000000000000000000e+00 0.000000000000000000e+00 0.000000000000000000e+00 0.000000000000000000e+00 0.000000000000000000e+00 0.000000000000000000e+00
1.800059579247405370e-03 4.197774492335220480e-04 -3.369993649613845627e-04 -1.882837661252997723e-03 4.641490532411846233e-03 6.680567113520718969e-03 6.877295574539268007e-03 4.980328590476375272e-03
3.600116601436983976e-03 8.399327717968935875e-04 -6.733410729379255997e-04 -3.766708297972951123e-03 9.281529408692888727e-03 1.335953161935606211e-02 1.375517468977208169e-02 9.963127894665298884e-03
5.400163323796456152e-03 1.260474014721822645e-03 -1.009017463812396766e-03 -5.651619872324461884e-03 1.392008867154300583e-02 2.003687735117481647e-02 2.063365255725230912e-02 1.494842683404994967e-02
7.200191844711590489e-03 1.681409377207275860e-03 -1.344020731106693872e-03 -7.537580488370628981e-03 1.855713981827564196e-02 2.671258783494460942e-02 2.751274468515212471e-02 1.993625487717811881e-02
9.000194102030236246e-03 2.102747214815721931e-03 -1.678342918393239264e-03 -9.424598395949085328e-03 2.319265378715860276e-02 3.338664628515242150e-02 3.439246689027602999e-02 2.492664205448719833e-02
1.080016186922460111e-02 2.524496043174808118e-03 -2.011975915731419127e-03 -1.131268199410064360e-02 2.782660094380810106e-02 4.005903559716497003e-02 4.127283530554753249e-02 2.991961897207444376e-02
1.260008675144713881e-02 2.946664541785025578e-03 -2.344911455999025302e-03 -1.320183983459982668e-02 3.245895106717703454e-02 4.672973833935450960e-02 4.815386638771275429e-02 3.491521682586698483e-02
1.439996018147127188e-02 3.369261557937115042e-03 -2.677141111118505092e-03 -1.509208062558861640e-02 3.708967333513343845e-02 5.339873674499621276e-02 5.503557692526905160e-02 3.991346741622354977e-02
1.619977341551543173e-02 3.792296110742706360e-03 -3.008656288169129361e-03 -1.698341323531779579e-02 4.171873630960731133e-02 6.006601270392972203e-02 6.191798404663378941e-02 4.491440316295779861e-02
1.799951752894641752e-02 4.215777395281772137e-03 -3.339448225385416563e-03 -1.887584669599932929e-02 4.634610792129507939e-02 6.673154775396496208e-02 6.880110522854784860e-02 4.991805712082212493e-02
