0.000000000000000000e+00 0.000000000000000000e+00 0.000000000000000000e+00 0.000000000000000000e+00 0.000000000000000000e+00 0.000000000000000000e+00 0.000000000000000000e+00 0.000000000000000000e+00
1.257294167354438630e-03 2.675765958059427778e-04 1.849921091314214901e-04 -1.709862872291879714e-03 3.795856222946492661e-03 8.994729331515009807e-03 7.704371742409239776e-03 5.418743943965602904e-03
2.515059282730874781e-03 5.348928933629954786e-04 3.727476664472464431e-04 -3.422699842541083309e-03 7.590546852227925481e-03 1.799060136466431800e-02 1.541115154590273414e-02 1.083510271887762159e-02
3.773294365042648407e-03 8.019410590260236775e-04 5.632950308948839885e-04 -5.138530454963530919e-03 1.138406526765955475e-02 2.698761883356805280e-02 2.312036371159545758e-02 1.624905590968533237e-02
5.031998374279593629e-03 1.068713124970748374e-03 7.566629731244178120e-04 -6.857374472374754178e-03 1.517640476557332099e-02 3.598578448343374425e-02 3.083203285676146266e-02 2.166058285757646931e-02
6.291170209719456653e-03 1.335200986292989049e-03 9.528806834199193138e-04 -8.579251879432411854e-03 1.896755855754329867e-02 4.498510106970271538e-02 3.854618392164711055e-02 2.706966265528778018e-02
7.550808708086142670e-03 1.601396398029264652e-03 1.151977779808273719e-03 -1.030418288592368364e-02 2.275751976908700625e-02 5.398557135713448474e-02 4.626284217651330938e-02 3.247627414228274750e-02
8.810912641655004041e-03 1.867290972090810807e-03 1.353984316349129101e-03 -1.203218793009489147e-02 2.654628143833770437e-02 6.298719811882873276e-02 5.398203322890068878e-02 3.788039589978649258e-02
1.007148071630154657e-02 2.132876174112170557e-03 1.558930791608599889e-03 -1.376328768202220512e-02 3.033383651469125780e-02 7.198998413517826434e-02 6.170378303114183727e-02 4.328200624567851706e-02
1.133251156949512117e-02 2.398143320205543653e-03 1.766848157321035222e-03 -1.549750304702138953e-02 3.412017785742506304e-02 8.099393219274896027e-02 6.942811788812014440e-02 4.868108322923157122e-02
1.259400376823155074e-02 2.663083573618698664e-03 1.977767827243157722e-03 -1.723485516909329524e-02 3.790529823428612222e-02 8.999904508308885498e-02 7.715506446529435403e-02 5.407760462569321386e-02
