0.000000000000000000e+00 0.000000000000000000e+00 0.000000000000000000e+00 0.000000000000000000e+00 0.000000000000000000e+00 0.000000000000000000e+00 0.000000000000000000e+00 0.000000000000000000e+00 0.000000000000000000e+00 0.000000000000000000e+00
1.297706455391282225e-03 1.930603233637803306e-04 -7.085936402602681806e-05 1.677022570619755620e-04 -1.587609671779583375e-03 3.534170891949408536e-03 4.619660413476254363e-03 4.388967818035995408e-03 5.506259516060025769e-03 5.360490569456910319e-03
2.595295105478958100e-03 3.855922567365928453e-04 -1.421673585246671038e-04 3.368393894017250763e-04 -3.175559393069268647e-03 7.067748337431443463e-03 9.238666465967831573e-03 8.776568708835846139e-03 1.101228217957253563e-02 1.072383271257502935e-02
3.892765450901023837e-03 5.775953914521329445e-04 -2.139252851998002004e-04 5.074138875460157015e-04 -4.763849444662185233e-03 1.060072928784586491e-02 1.385701777332032543e-02 1.316280179965166781e-02 1.651806752171511988e-02 1.609003121724870977e-02
5.190116985042841392e-03 7.690693160907480230e-04 -2.861344500855983030e-04 6.794282436794474300e-04 -6.352480094674242163e-03 1.413311067350243519e-02 1.847471395544488665e-02 1.754766621495286102e-02 2.202361509207837256e-02 2.145909085919598530e-02
6.487349194631775867e-03 9.600136170301103947e-04 -3.587961640134000683e-04 8.528849546510760063e-04 -7.941451602228175727e-03 1.766488940538987057e-02 2.309175463636471692e-02 2.193116107703313791e-02 2.752892446063008591e-02 2.683101641114403121e-02
7.784461559629586060e-03 1.150427878412823039e-03 -4.319117426820155963e-04 1.027786522078248622e-03 -9.530764217346360256e-03 2.119606237494774462e-02 2.770813944434832171e-02 2.631328550590588886e-02 3.303399521822168033e-02 3.220581264251978770e-02
9.081453553121772090e-03 1.340311682113317065e-03 -5.054825067300214650e-04 1.204135452460412294e-03 -1.112041818085012478e-02 2.472662645383676139e-02 3.232386801204635562e-02 3.069403861919417498e-02 3.853882697710436095e-02 3.758348431913695331e-02
1.037832464120858056e-02 1.529664607703616185e-03 -5.795097818071430831e-04 1.381934257301126179e-03 -1.271041372426489485e-02 2.825657849370651412e-02 3.693893997662748424e-02 3.507341953202484930e-02 4.404341937145184877e-02 4.296403620287678193e-02
1.167507428289203848e-02 1.718486232419103900e-03 -6.539948986488894334e-04 1.561185453241158236e-03 -1.430075106973373138e-02 3.178591532596036773e-02 4.155335497992052041e-02 3.945142735691321845e-02 4.954777205789182015e-02 4.834747305136399831e-02
1.297170192996559626e-02 1.906776131121959861e-03 -7.289391931515280375e-04 1.741891562202211186e-03 -1.589143042993687582e-02 3.531463376151601496e-02 4.616711266855497153e-02 4.382806120364951541e-02 5.505188471604798017e-02 5.373379961763706525e-02
