0.000000000000000000e+00 0.000000000000000000e+00 0.000000000000000000e+00 0.000000000000000000e+00 0.000000000000000000e+00 0.000000000000000000e+00 0.000000000000000000e+00 0.000000000000000000e+00
3.712837420123406523e-04 3.336361516427993937e-04 -2.078474764726815857e-04 -7.795736644636519453e-04 8.300133928462830610e-04 1.134232311219041632e-03 1.605268648676175464e-03 2.389512755040586363e-03
7.422790902632359989e-04 6.673371240764225821e-04 -4.157735761699053300e-04 -1.558514149576468392e-03 1.659340508618726813e-03 2.268451688481030754e-03 3.210749249637734684e-03 4.779989233362105794e-03
1.112986158129997431e-03 1.001103003458424234e-03 -6.237783511992940014e-04 -2.336820699542701846e-03 2.487980574263166846e-03 3.402658199680953441e-03 4.816442152739873472e-03 7.171429057983198969e-03
1.483405059170197961e-03 1.334933876189562697e-03 -8.318618536557134289e-04 -3.114492558207512286e-03 3.315932817040118455e-03 4.536851912833957459e-03 6.422347708397720817e-03 9.563831848420733042e-03
1.853535907131054856e-03 1.668829828913406810e-03 -1.040024135623136272e-03 -3.891528969063375552e-03 4.143196464552990725e-03 5.671032896085113559e-03 8.028466267592640482e-03 1.195719722071716951e-02
2.223378815948700779e-03 2.002790948517413870e-03 -1.248265249174458549e-03 -4.667929175251685908e-03 4.969770744750268490e-03 6.805201217710988432e-03 9.634798181874843284e-03 1.435152478743092694e-02
2.592933899747369014e-03 2.336817322133317130e-03 -1.456585246371852648e-03 -5.443692419564557551e-03 5.795654885924940089e-03 7.939356946121122263e-03 1.124134380336386935e-02 1.674681415762368716e-02
2.962201272839109622e-03 2.670909037137994459e-03 -1.664984179266575754e-03 -6.218817944446461757e-03 6.620848116717510147e-03 9.073500149857445865e-03 1.284810348475062466e-02 1.914306493684974145e-02
3.331181049723040254e-03 3.005066181154678745e-03 -1.873462099899344223e-03 -6.993304991995106384e-03 7.445349666115007314e-03 1.020763089759576733e-02 1.445507757929808366e-02 2.154027672714314834e-02
3.699873345084346739e-03 3.339288842052841235e-03 -2.082019060299982512e-03 -7.767152803963916531e-03 8.269158763452832614e-03 1.134174925814758483e-02 1.606226644084497723e-02 2.393844912700852229e-02
