0.000000000000000000e+00 0.000000000000000000e+00 0.000000000000000000e+00 0.000000000000000000e+00
5.970306654491277024e-03 -5.970306654491123501e-03 1.314921365392327998e-02 1.341844324850390360e-02
1.195398806876074409e-02 -1.195398806876064174e-02 2.629856158297555827e-02 2.683675222187898932e-02
1.795110600941205586e-02 -1.795110600941204199e-02 3.944804559066820981e-02 4.025492511661364625e-02
2.396172274148739012e-02 -2.396172274148725828e-02 5.259766752720861083e-02 5.367296008250046352e-02
2.998590102184637424e-02 -2.998590102184632220e-02 6.574742928553818644e-02 6.709085522659814782e-02
3.602370409273018131e-02 -3.602370409273003560e-02 7.889733279655782028e-02 8.050860861800557267e-02
4.207519567561181922e-02 -4.207519567561159718e-02 9.204738002347577497e-02 9.392621829351509299e-02
4.814043996543740378e-02 -4.814043996543729970e-02 1.051975729552173250e-01 1.073436822642007821e-01
5.421950162537376994e-02 -5.421950162537361728e-02 1.183479135988256548e-01 1.207609985230195804e-01
6.031244578218013935e-02 -6.031244578217984098e-02 1.314984039707740582e-01 1.341781650534986936e-01
