0.000000000000000000e+00 0.000000000000000000e+00 0.000000000000000000e+00 0.000000000000000000e+00
1.450323071367972403e-04 -9.526038155092128937e-04 2.319306810303328054e-04 3.419694968262971136e-03
2.854815326756478125e-04 -1.908197072544084820e-03 4.460781711809846234e-04 6.858867156137364585e-03
4.212855964197839242e-04 -2.866815217559937502e-03 6.421957003108721453e-04 1.031778405334583294e-02
5.523811839692313510e-04 -3.828494150338968265e-03 8.200322874340815801e-04 1.379671798650345532e-02
6.787037164268683613e-04 -4.793270229762952236e-03 9.793326530545757701e-04 1.729594622659938810e-02
8.001873192324060816e-04 -5.761180279616182065e-03 1.119837129369040483e-03 2.081575109929266476e-02
9.167647900957902590e-04 -6.732261594415723041e-03 1.241281568278269822e-03 2.435642009809955641e-02
1.028367566000602806e-03 -7.706551945266620907e-03 1.343397247156834359e-03 2.791824600056451444e-02
1.134925689247193560e-03 -8.684089585738144490e-03 1.425910772303793901e-03 3.150152698750102037e-02
1.236367772502903811e-03 -9.664913257757238099e-03 1.488543980024419197e-03 3.510656676539286591e-02
