0.000000000000000000e+00 0.000000000000000000e+00 0.000000000000000000e+00 0.000000000000000000e+00 0.000000000000000000e+00 0.000000000000000000e+00 0.000000000000000000e+00 0.000000000000000000e+00 0.000000000000000000e+00 0.000000000000000000e+00
3.093783010211022689e-04 7.501055330964098591e-05 7.786978602080994554e-05 -1.416771470100249952e-04 -1.822295670923577797e-04 8.025470291821027238e-04 1.348724470312878199e-03 1.979873142622251298e-03 1.397160773538129105e-03 1.654734645004942405e-04
6.186507691833567591e-04 1.499949360586965384e-04 1.557983920351249457e-04 -2.832983432299458456e-04 -3.644164333925978532e-04 1.605093943493417869e-03 2.697474491314814839e-03 3.959877791845279119e-03 2.794444970112936692e-03 3.308766416328027377e-04
9.278173913945565732e-04 2.249531825051703858e-04 2.337859005633590186e-04 -4.248635878831045435e-04 -5.465605976980472767e-04 2.407640718742968308e-03 4.046250101741433354e-03 5.940013948181585395e-03 4.191852729338643550e-03 4.962095262724020191e-04
1.236878154551706134e-03 2.998853269764848481e-04 3.118323943101326736e-04 -5.663728802236232557e-04 -7.286620587984287290e-04 3.210187330704983126e-03 5.395051340372755688e-03 7.920281611838220215e-03 5.589384190992091259e-03 6.614721132898634644e-04
1.545833045542485944e-03 3.747914038708899886e-04 3.899379561686948164e-04 -7.078262195365495795e-04 -9.107208154761473919e-04 4.012733755123040584e-03 6.743878246040942853e-03 9.900680782747590947e-03 6.987039495022159125e-03 8.266643975504651617e-04
1.854682051244673077e-03 4.496714476578095418e-04 4.681026692208286265e-04 -8.492236051385387494e-04 -1.092736866506276855e-03 4.815279967707662701e-03 8.092730857631855526e-03 1.188121146056636719e-02 8.384818781552167213e-03 9.917863739154935462e-04
2.163425158525810171e-03 5.245254928776940315e-04 5.463266167384377451e-04 -9.905650363771785049e-04 -1.274710210656512712e-03 5.617825944138659516e-03 9.441609214084044008e-03 1.386187364467479990e-02 9.782722190877732663e-03 1.156838037241072082e-03
2.472062354243737773e-03 5.993535741424073967e-04 6.246098821828401614e-04 -1.131850512631455948e-03 -1.456640846686772491e-03 6.420371660063073013e-03 1.079051335438902665e-02 1.584266733417601450e-02 1.118074986346716607e-02 1.321819382378732746e-03
2.780593625246124447e-03 6.741557261346921553e-04 7.029525492065231019e-04 -1.273080033311612584e-03 -1.638528773349900818e-03 7.222917091096278663e-03 1.213944331759185188e-02 1.782359252789492837e-02 1.257890193996426612e-02 1.486730404174952747e-03
3.089018958370877681e-03 7.489319836089382114e-04 7.813547016524631820e-04 -1.414253597858240860e-03 -1.820373989390792297e-03 8.025462212820206470e-03 1.348839914279052928e-02 1.980464922437816244e-02 1.397717856118483107e-02 1.651571097471411700e-03
