0.000000000000000000e+00 0.000000000000000000e+00 0.000000000000000000e+00 0.000000000000000000e+00
4.270339491186003929e-03 -4.270339491186046429e-03 7.845972909530927672e-03 1.261428033037543042e-02
8.546137447118393182e-03 -8.546137447118478184e-03 1.568518445677720419e-02 2.523532202303581384e-02
1.282740846012163198e-02 -1.282740846012159382e-02 2.351761708318920313e-02 3.786314263653035167e-02
1.711416723053226299e-02 -1.711416723053228034e-02 3.134325312053208579e-02 5.049775983909406130e-02
2.140642857212151501e-02 -2.140642857212148378e-02 3.916207479000582969e-02 6.313919140952681253e-02
2.570420741860067124e-02 -2.570420741860073022e-02 4.697406420133783123e-02 7.578745523810098694e-02
3.000751883132216080e-02 -3.000751883132217815e-02 5.477920335186325235e-02 8.844256932748227606e-02
3.431637800829318019e-02 -3.431637800829322876e-02 6.257747412560102362e-02 1.011045517936511595e-01
3.863080029462637177e-02 -3.863080029462638565e-02 7.036885829234927614e-02 1.137734208668093189e-01
4.295080119455227385e-02 -4.295080119455225304e-02 7.815333750681550951e-02 1.264491948922493447e-01
