0.000000000000000000e+00 0.000000000000000000e+00 0.000000000000000000e+00 0.000000000000000000e+00 0.000000000000000000e+00 0.000000000000000000e+00 0.000000000000000000e+00 0.000000000000000000e+00 0.000000000000000000e+00 0.000000000000000000e+00
1.486872374858356572e-03 8.257038000040069475e-04 9.699758558975315418e-05 -6.057943090182482671e-04 -1.803779453644043483e-03 3.412591871145139507e-03 4.937974889738982499e-03 5.659116584401898895e-03 5.877179883969566553e-03 4.771170069361259716e-03
2.973723533480670395e-03 1.651730909336984309e-03 1.940272648242730158e-04 -1.211600511421043061e-03 -3.607881198480895630e-03 6.824742612380909831e-03 9.875461386454882293e-03 1.131794824311348029e-02 1.175430377413975470e-02 9.543610567589167620e-03
4.460553323759483546e-03 2.478082131556019491e-03 2.910892048612428963e-04 -1.817419922506274084e-03 -5.412304739980403068e-03 1.023645149937043274e-02 1.481245987982360637e-02 1.697649413711282279e-02 1.763137173662743945e-02 1.431732261580070768e-02
5.947361589827033536e-03 3.304758262986639498e-03 3.881835721526598381e-04 -2.423253863674234773e-03 -7.217049563652144610e-03 1.364771779759261887e-02 1.974897076609850519e-02 2.263475342747579486e-02 2.350838385352369692e-02 1.909230730909616466e-02
7.434148172999140852e-03 4.131760093090672270e-03 4.853105311271122078e-04 -3.029103658962853472e-03 -9.022115140664638613e-03 1.705854076411036924e-02 2.468499444850433613e-02 2.829272527524301362e-02 2.938534022536137477e-02 2.386856572561442055e-02
8.920912911741426740e-03 4.959088404100144357e-03 5.824702439374075712e-04 -3.634970634443059675e-03 -1.082750092779695764e-02 2.046891964734205011e-02 2.962053133731987198e-02 3.395040884170334033e-02 3.526224097135269991e-02 2.864609892615828032e-02
1.040765564163546181e-02 5.786743970642364669e-03 6.796628701982354494e-04 -4.240856117587754083e-03 -1.263320636740015296e-02 2.387885368682823167e-02 3.455558184996031235e-02 3.960780328868507283e-02 4.113908622961950923e-02 3.342490795381966584e-02
1.189437619534684798e-02 6.614727559354736941e-03 7.768885667160968945e-04 -4.846761436612391852e-03 -1.443923088736780505e-02 2.728834211299551588e-02 3.949014641105787898e-02 4.526490777886477829e-02 4.701587615742174042e-02 3.820499383360442813e-02
1.338107440259357281e-02 7.443039928489882454e-03 8.741474872089771871e-04 -5.452687919788331769e-03 -1.624557390111757219e-02 3.069738414691575157e-02 4.442422545254277183e-02 5.092172147608256538e-02 5.289261093137610781e-02 4.298635757205381686e-02
1.486775009011476537e-02 8.271681827510830171e-03 9.714397820183577788e-04 -6.058636894725564527e-03 -1.805223480758272325e-02 3.410597900005862826e-02 4.935781941372263670e-02 5.657824354567206337e-02 5.876929074767017064e-02 4.776900015686903755e-02
