0.000000000000000000e+00 0.000000000000000000e+00 0.000000000000000000e+00 0.000000000000000000e+00 0.000000000000000000e+00 0.000000000000000000e+00 0.000000000000000000e+00 0.000000000000000000e+00
5.542890394494927363e-04 9.485105963778536872e-05 -1.070110332015747183e-04 -5.113861919998587873e-04 1.857384140004055342e-03 1.184817424902086507e-03 1.134986003019140864e-03 1.687406809831669624e-03
1.108367187014279356e-03 1.896224031705408654e-04 -2.140461185369506986e-04 -1.022198366561658618e-03 3.716208443955605709e-03 2.369791325182901871e-03 2.269647896409047756e-03 3.374436998973666130e-03
1.662236387223746219e-03 2.843133846884048424e-04 -3.211059001881224717e-04 -1.532434005638738227e-03 5.576484912915058260e-03 3.554924771312751187e-03 3.403982594086635630e-03 5.061078816190776528e-03
2.215898621319239547e-03 3.789233470470265643e-04 -4.281910330442463965e-04 -2.042090552213905556e-03 7.438225751596445369e-03 4.740220886100194805e-03 4.537986957246309058e-03 6.747320307827104312e-03
2.769355908151281860e-03 4.734516215996499577e-04 -5.353021829606943163e-04 -2.551165409365339139e-03 9.301443373189877822e-03 5.925682845940851914e-03 5.671657793120712422e-03 8.433149313082229440e-03
3.322610304987459046e-03 5.678975279471676872e-04 -6.424400269944056073e-04 -3.059655939400453360e-03 1.116615040386844358e-02 7.111313881971391068e-03 6.804991853817232011e-03 1.011855345954897414e-02
3.875663908338807927e-03 6.622603736794486226e-04 -7.496052536435117691e-04 -3.567559462966323359e-03 1.303235968741907509e-02 8.297117281253764756e-03 7.937985835118172365e-03 1.180352015863339599e-02
4.428518854808954734e-03 7.565394541124148553e-04 -8.567985630940817571e-04 -4.074873258137444269e-03 1.490008428998681328e-02 9.483096387991697684e-03 9.070636375251784483e-03 1.348803660085844645e-02
4.981177321964486149e-03 8.507340520162531925e-04 -9.640206674730103509e-04 -4.581594559478157844e-03 1.676933750495151684e-02 1.066925460477803102e-02 1.020294005363344032e-02 1.517208975104291854e-02
5.533641529228300673e-03 9.448434373381778316e-04 -1.071272291107991511e-03 -5.087720557081652946e-03 1.864013285792750704e-02 1.185559539387470718e-02 1.133489338956886541e-02 1.685566634335266753e-02
