0.000000000000000000e+00 0.000000000000000000e+00 0.000000000000000000e+00 0.000000000000000000e+00 0.000000000000000000e+00 0.000000000000000000e+00
2.896455941846340539e-03 -5.369181235051749979e-05 -2.842764129495898608e-03 7.561591262466042275e-03 1.075964999348729030e-02 7.306974648316602594e-03
5.795119927138061254e-03 -1.077052658219103138e-04 -5.687414661316276925e-03 1.512445347414213825e-02 2.151792159149590322e-02 1.461405674290227122e-02
8.695996425124433160e-03 -1.620415389202486262e-04 -8.533954886204325047e-03 2.268859283634547253e-02 3.227480765256070250e-02 2.192124722390428188e-02
1.159908987215407632e-02 -2.167018121477372154e-04 -1.138238806000647398e-02 3.025401550237857146e-02 4.303030115631260866e-02 2.922854695838937242e-02
1.450440467007069190e-02 -2.716872692813806708e-04 -1.423271740078949424e-02 3.782072757410657321e-02 5.378439521089844327e-02 3.653595673634570801e-02
1.741194518461849916e-02 -3.269990987351655692e-04 -1.708494608588347410e-02 4.538873509840563730e-02 6.453708306066953393e-02 4.384347726654553440e-02
2.032171574385561660e-02 -3.826384950046841926e-04 -1.993907724885109201e-02 5.295804406347925930e-02 7.528835809414677338e-02 5.115110917226486226e-02
2.323372063657953845e-02 -4.386066601959563022e-04 -2.279511397638383716e-02 6.052866039503670970e-02 8.603821385227924945e-02 5.845885298684518061e-02
2.614796411076412280e-02 -4.949048056363267514e-04 -2.565305930512803284e-02 6.810058995232258494e-02 9.678664403700124041e-02 6.576670914910676125e-02
2.906445037201080273e-02 -5.515341535690231750e-04 -2.851291621844199986e-02 7.567383852400269562e-02 1.075336425201080387e-01 7.307467799859070079e-02
