0.000000000000000000e+00 0.000000000000000000e+00 0.000000000000000000e+00 0.000000000000000000e+00 0.000000000000000000e+00 0.000000000000000000e+00 0.000000000000000000e+00 0.000000000000000000e+00 0.000000000000000000e+00 0.000000000000000000e+00
1.373872950314961863e-03 1.510180652564164453e-03 3.548833309968242524e-04 -1.131160769292761199e-03 -2.107776170242903549e-03 2.253616609048795724e-03 4.382902282286655141e-03 6.567821083747325643e-03 6.520993456409735628e-03 4.888166272899991012e-03
2.747445035349533465e-03 3.021464510199168250e-03 7.103090040234058544e-04 -2.263286405363561932e-03 -4.215932149988797784e-03 4.505838367863871166e-03 8.765123156279731875e-03 1.313649239564548127e-02 1.304238671686959450e-02 9.777158755350174105e-03
4.120715883282041747e-03 4.533852995895044057e-03 1.066278566623885546e-03 -3.396380884334063068e-03 -6.324466567369044050e-03 6.756664769150337070e-03 1.314666367260645778e-02 1.970601345408880961e-02 1.956418043065680235e-02 1.466697675311495752e-02
5.493685121277193037e-03 6.047347521226634562e-03 1.422793559614768475e-03 -4.530448189579841696e-03 -8.433378018563898737e-03 9.006095302003202380e-03 1.752752487979971838e-02 2.627638378773643896e-02 2.608637526770231710e-02 1.955761952997544378e-02
6.866352376136460565e-03 7.561949486836935450e-03 1.779855513987734211e-03 -5.665492306492813171e-03 -1.054266507661747593e-02 1.125412945247661854e-02 2.190770782569205835e-02 3.284760293416722626e-02 3.260897192305995534e-02 2.444908631941208541e-02
8.238717274280276878e-03 9.077660282031305844e-03 2.137465949896224029e-03 -6.801517221055913137e-03 -1.265232629142653067e-02 1.350076670342512802e-02 2.628721355704372042e-02 3.941967044093525052e-02 3.913197111688858365e-02 2.934137632409820895e-02
9.610779441731413450e-03 1.059448128436571261e-02 2.495626375607430496e-03 -7.938526918361384771e-03 -1.476236018974394493e-02 1.574600653433941636e-02 3.066604311915998096e-02 4.599258586666423593e-02 4.565537359440271364e-02 3.423448871539835903e-02
1.098253850409481105e-02 1.211241385922822052e-02 2.854338286418445919e-03 -9.076525381071610249e-03 -1.687276527519802546e-02 1.798984842117766839e-02 3.504419755549560006e-02 5.256634878218627988e-02 5.217918012579591397e-02 3.912842263287421435e-02
1.235399408653709355e-02 1.363145935941598337e-02 3.213603163537330585e-03 -1.021551658782152323e-02 -1.898354002832548099e-02 2.023229183619345076e-02 3.942167790724905585e-02 5.914095877171754445e-02 5.870339150613285151e-02 4.402317718379230443e-02
1.372514581376440765e-02 1.515161912470441158e-02 3.573422472927553599e-03 -1.135550451156207979e-02 -2.109468290661994580e-02 2.247333624775664507e-02 4.379848521294411878e-02 6.571641543408043851e-02 6.522800855520852203e-02 4.891875144264195424e-02
