0.000000000000000000e+00 0.000000000000000000e+00 0.000000000000000000e+00 0.000000000000000000e+00 0.000000000000000000e+00 0.000000000000000000e+00 0.000000000000000000e+00 0.000000000000000000e+00 0.000000000000000000e+00 0.000000000000000000e+00
4.907336541072082094e-04 2.649923329309317654e-04 -7.571218334556783646e-05 -2.200443150534448899e-04 -3.030542775302502755e-04 2.341086105613041785e-03 1.134391051572011637e-03 7.543145523714630922e-04 1.158511355626761418e-03 1.630666288625724032e-03
9.809685006211214114e-04 5.300632382341796678e-04 -1.514408642269629969e-04 -4.401332108088381549e-04 -6.057764119339234228e-04 4.683161452474619325e-03 2.268736635017318173e-03 1.508394274021241169e-03 2.317025635615115129e-03 3.261918461898946110e-03
1.470703682347212658e-03 7.952127355087643557e-04 -2.271860372497521547e-04 -6.602667152632440972e-04 -9.081658940908534944e-04 7.026227242771892340e-03 3.403036719436773518e-03 2.262239088662252977e-03 3.475542812580116343e-03 4.893757243355651050e-03
1.959938339408713853e-03 1.060440844528951930e-03 -3.029476970071594798e-04 -8.804448565520147296e-04 -1.210222213376615803e-03 9.370284682294508644e-03 4.537291273775938272e-03 3.015848920033124565e-03 4.634062859018412382e-03 6.526183358643483472e-03
2.448671609217817607e-03 1.325747585248602351e-03 -3.787258380792213677e-04 -1.100667662949337839e-03 -1.511944857652564294e-03 1.171533498052336128e-02 5.671500266832507804e-03 3.769223691906396258e-03 5.792585747310708376e-03 8.159197535542969323e-03
2.936902626460815430e-03 1.591132977802620432e-03 -4.545204550329319938e-04 -1.320935162869030189e-03 -1.813333313259567463e-03 1.406137935065144944e-02 6.805663667253160701e-03 4.522363328086421476e-03 6.951111449721915359e-03 9.792800503979504773e-03
3.424630523082439031e-03 1.856597042508175126e-03 -5.303315424225560782e-04 -1.541247384865521760e-03 -2.114387065009786740e-03 1.640841900960508803e-02 7.939781443532759053e-03 5.275267752410484762e-03 8.109639938401228335e-03 1.142699299603385996e-02
3.911854428271024746e-03 2.122139799866125474e-03 -6.061590947889752747e-04 -1.761604357634725384e-03 -2.415105596179350535e-03 1.875645517806742366e-02 9.073853564014910944e-03 6.027936888747681583e-03 9.268171185380145657e-03 1.306177574595457705e-02
4.398573468442737965e-03 2.387761270562724532e-03 -6.820031066600530049e-04 -1.982006110014822037e-03 -2.715488388501656036e-03 2.110548908049868569e-02 1.020787999688958954e-02 6.780370660999826028e-03 1.042670516257400599e-02 1.469714949016869519e-02
4.884786767226626317e-03 2.653461475471120563e-03 -7.578635725504159369e-04 -2.202452670986931958e-03 -3.015534922159105423e-03 2.345552194516039440e-02 1.134186071019318946e-02 7.532568993098950200e-03 1.158524184177942527e-02 1.633311496729223170e-02
