0.000000000000000000e+00 0.000000000000000000e+00 0.000000000000000000e+00 0.000000000000000000e+00 0.000000000000000000e+00 0.000000000000000000e+00 0.000000000000000000e+00 0.000000000000000000e+00 0.000000000000000000e+00 0.000000000000000000e+00
5.989260968471760626e-04 1.042059755120541093e-03 2.446560079496755283e-04 -1.398231773487652397e-03 -4.874100892334726860e-04 3.320768101286227653e-03 5.785096159257344280e-03 6.267815093349440522e-03 5.658443597379626648e-03 3.330142105234362368e-03
1.196405560153947093e-03 2.085677321316835309e-03 4.900108627829062417e-04 -2.799198516191094346e-03 -9.728952309428315782e-04 6.640207310784729949e-03 1.157063988948004579e-02 1.253728903384628696e-02 1.131769835700287274e-02 6.658695496469813242e-03
1.792430333090276953e-03 3.130853964790420579e-03 7.360671432572478325e-04 -4.202907154288531254e-03 -1.456444289809486620e-03 9.958310698625197355e-03 1.735663067675396326e-02 1.880843515657214249e-02 1.697776760678984878e-02 9.985650979826862436e-03
2.386992288962235757e-03 4.177590913260894115e-03 9.828274170687444772e-04 -5.609364594623992770e-03 -1.938046027711442208e-03 1.327507127999497279e-02 2.314306796700047256e-02 2.508126693373197158e-02 2.263865468595462060e-02 1.331099928277194172e-02
2.980083232426650533e-03 5.225889356998205358e-03 1.230294241081418549e-03 -7.018577727701620118e-03 -2.417689105935851880e-03 1.659048201583578075e-02 2.892995117537621938e-02 3.135579797967378429e-02 2.830036295413762906e-02 1.663473105521372578e-02
3.571694898733997203e-03 6.275750446612412062e-03 1.478470159506544649e-03 -8.430553423781329825e-03 -2.895362084295092023e-03 1.990453581220609156e-02 3.471727968505779194e-02 3.763204205379332146e-02 3.396289579118854512e-02 1.995683686866520090e-02
4.161818952970601157e-03 7.327175290695746995e-03 1.727357701955129984e-03 -9.845298528674582134e-03 -3.371053420267640290e-03 2.321722551963753198e-02 4.050505284597667038e-02 4.391001306353601447e-02 3.962625659691414171e-02 2.327730721540585690e-02
4.750446989301235733e-03 8.380164953311043663e-03 1.976959381355153540e-03 -1.126281985922514793e-02 -3.844751468165923981e-03 2.652854393248083725e-02 4.629326997349435951e-02 5.018972506749724838e-02 4.529044879079172775e-02 2.659613250764554862e-02
5.337570530212615814e-03 9.434720451316817857e-03 2.227277691725397177e-03 -1.268312419845150224e-02 -4.316444478335927301e-03 2.983848378824542624e-02 5.208193034701572716e-02 5.647119227862384266e-02 5.095547581164555639e-02 2.991330307669163441e-02
5.923181025759160015e-03 1.049084275151720112e-02 2.478315105796899918e-03 -1.410621829033286388e-02 -4.786120596388838966e-03 3.314703776693036369e-02 5.787103320854809080e-02 6.275442906751639571e-02 5.662134111728557573e-02 3.322880917212001767e-02
