0.000000000000000000e+00 0.000000000000000000e+00 0.000000000000000000e+00 0.000000000000000000e+00 0.000000000000000000e+00 0.000000000000000000e+00 0.000000000000000000e+00 0.000000000000000000e+00
1.186778898418574873e-03 1.288771982639436153e-03 2.111903117749016744e-04 -2.686741192832875404e-03 3.226217166555231386e-03 5.469150351697152183e-03 1.030108373873961369e-02 6.677233910156433160e-03
2.373426207078259582e-03 2.578393899952193934e-03 4.234213493101396213e-04 -5.375241456340475177e-03 6.452012622702836368e-03 1.093737356755180266e-02 2.060440416321434459e-02 1.335357998082751727e-02
3.559941176835686779e-03 3.868867763815562674e-03 6.366975916590276313e-04 -8.065506532310083229e-03 9.677385012743754122e-03 1.640467485114382312e-02 3.090996166715998666e-02 2.002903397039723643e-02
4.746323039601845449e-03 5.160195593065011396e-03 8.510235881993722523e-04 -1.075754222086603915e-02 1.290233295376728984e-02 2.187105947504224684e-02 4.121775659295931482e-02 2.670359164682421446e-02
5.932571008122618228e-03 6.452379413659688374e-03 1.066403958795612839e-03 -1.345135438057768265e-02 1.612685503527724884e-02 2.733653278207968246e-02 5.152778922968058450e-02 3.337724878870441253e-02
7.118684275769023191e-03 7.745421258872686905e-03 1.282843393889675308e-03 -1.614694892853110741e-02 1.935094981882456988e-02 3.280110018664147281e-02 6.184005981104876565e-02 4.005000118637540990e-02
8.304662016338585848e-03 9.039323169508148986e-03 1.500346654515515195e-03 -1.884433184036192824e-02 2.257461583764805782e-02 3.826476717597301902e-02 7.215456851335261268e-02 4.672184464306517598e-02
9.490503383866769060e-03 1.033408719414632103e-02 1.718918572231713238e-03 -2.154350915024438179e-02 2.579785159632073249e-02 4.372753931150158424e-02 8.247131545328297009e-02 5.339277497608151818e-02
1.067620751245169225e-02 1.162971538941575365e-02 1.938564048966614009e-03 -2.424448695083358807e-02 2.902065557040756083e-02 4.918942223017222504e-02 9.279030068571157697e-02 6.006278801804372514e-02
1.186177351609114285e-02 1.292620982029502909e-02 2.159288056770939171e-03 -2.694727139315665487e-02 3.224302620613178627e-02 5.465042164579377026e-02 1.031115242014047084e-01 6.673187961815359170e-02
