0.000000000000000000e+00 0.000000000000000000e+00 0.000000000000000000e+00 0.000000000000000000e+00 0.000000000000000000e+00 0.000000000000000000e+00
1.935965776439807625e-03 1.863492483504206303e-03 -3.799458259943881439e-03 3.498297476556016476e-03 1.091833616021675203e-02 1.228167720404103533e-02
3.871105872872758567e-03 3.732272658726936733e-03 -7.603378531599465882e-03 6.992849034745235101e-03 2.183266221353345748e-02 2.457111043334883616e-02
5.805417121267950759e-03 5.606361368267000038e-03 -1.141177848953472268e-02 1.048365537737800529e-02 3.274296553436544660e-02 3.686831161069781954e-02
7.738896285131822983e-03 7.485779648303196414e-03 -1.522467593343468893e-02 1.397071705271327180e-02 4.364923372466351231e-02 4.917329258587842256e-02
9.671540060753028648e-03 9.370548732142117143e-03 -1.904208879289476242e-02 1.745403444942436599e-02 5.455145462195747086e-02 6.148606513268718016e-02
1.160334507895081566e-02 1.126069005450786205e-02 -2.286403513345817984e-02 2.093360779161890922e-02 6.544961630720824708e-02 7.380664094605546288e-02
1.353430790736017374e-02 1.315622525666489823e-02 -2.669053316402445961e-02 2.440943713391482278e-02 7.634370711249627295e-02 8.613503163928550033e-02
1.546442505329480820e-02 1.505717619246516731e-02 -3.052160124575930070e-02 2.788152235655834768e-02 8.723371562858735218e-02 9.847124874136461981e-02
1.739369296722392821e-02 1.696356493542304500e-02 -3.435725790264643198e-02 3.134986316058341327e-02 9.811963071243280654e-02 1.108153036943077818e-01
1.932210804690141087e-02 1.887541378692486269e-02 -3.819752183382547905e-02 3.481445906298739901e-02 1.090014414946652577e-01 1.231672078504852386e-01
