0.000000000000000000e+00 0.000000000000000000e+00 0.000000000000000000e+00 0.000000000000000000e+00 0.000000000000000000e+00 0.000000000000000000e+00 0.000000000000000000e+00 0.000000000000000000e+00 0.000000000000000000e+00 0.000000000000000000e+00
1.523407564037868554e-03 2.698309233313507050e-04 3.563151204788522156e-04 -8.625661379658244692e-04 -1.286987469024442401e-03 4.442950211567063545e-03 5.174078145369305493e-03 5.554804853791945121e-03 5.200739541193752369e-03 2.594234843591162586e-03
3.047032201551454211e-03 5.392994103057533774e-04 7.133848076724216315e-04 -1.725772086697405965e-03 -2.573944331996026041e-03 8.886517457420781835e-03 1.034758844328951925e-02 1.110982266894675052e-02 1.040190423530757378e-02 5.187782375880379063e-03
4.570873784002344418e-03 8.084048975931487678e-04 1.071211139243157017e-03 -2.589619519068340862e-03 -3.860870300957602776e-03 1.333070151257087672e-02 1.552053051347984484e-02 1.666505438366671851e-02 1.560349444820450897e-02 7.780641908250932395e-03
6.094932174221493956e-03 1.077146817111074078e-03 1.429796201050769020e-03 -3.454110104348014857e-03 -5.147765087248044186e-03 1.777550213728259706e-02 2.069290398172698650e-02 2.222050093373163435e-02 2.080551055191517604e-02 1.037281274683900245e-02
7.619207228201086736e-03 1.345524593384263452e-03 1.789142087666819409e-03 -4.319245506123329213e-03 -6.434628402369023045e-03 2.222091908152513257e-02 2.586470847957643773e-02 2.777616325809774411e-02 2.600795292402714037e-02 1.296429419358564178e-02
9.143698794996721682e-03 1.613537643325070690e-03 2.149250902324655217e-03 -5.185027381883768570e-03 -7.721459958032449340e-03 2.666695208478448570e-02 3.103594364441354322e-02 3.333204229892812454e-02 3.121082194783584424e-02 1.555508554616313877e-02
1.066840671663244443e-02 1.881185376006744682e-03 2.510124756863940307e-03 -6.051457382598079623e-03 -9.008259466206749652e-03 3.111360087587329570e-02 3.620660911954303590e-02 3.888813900162240572e-02 3.641411801249410524e-02 1.814518609789949471e-02
1.219333082800650066e-02 2.148467192431489405e-03 2.871765771672630391e-03 -6.918537152280482272e-03 -1.029502663916590129e-02 3.556086517273969461e-02 4.137670455427304439e-02 4.444445431484930070e-02 4.161784151316978014e-02 2.073459513770232326e-02
1.371847095679903060e-02 2.415382485291819523e-03 3.234176075622075940e-03 -7.786268327547926117e-03 -1.158176118953722911e-02 4.000874468227239716e-02 4.654622960399803361e-02 5.000098919057444774e-02 4.682199285120340615e-02 2.332331194998311583e-02
1.524382692338264490e-02 2.681930638725793514e-03 3.597357805999252395e-03 -8.654652537167333709e-03 -1.286846283035173941e-02 4.445723910010420526e-02 5.171518393028134292e-02 5.555774458409096228e-02 5.202657243427001588e-02 2.591133581457637919e-02
