0.000000000000000000e+00 0.000000000000000000e+00 0.000000000000000000e+00 0.000000000000000000e+00 0.000000000000000000e+00 0.000000000000000000e+00 0.000000000000000000e+00 0.000000000000000000e+00
6.342222832695342807e-04 8.310830291749961437e-05 -1.277495674489546049e-04 -4.763572609141394215e-04 2.158762574048749775e-03 1.300363767306905640e-03 1.117482351337093036e-03 1.534864267790639640e-03
1.268795735697340367e-03 1.659575207147347825e-04 -2.556910898321154897e-04 -9.514840380688092264e-04 4.321965089564007781e-03 2.601664342158417978e-03 2.233841730877977796e-03 3.066462543820759525e-03
1.903730065686725119e-03 2.485444728646494660e-04 -3.838274586028769158e-04 -1.425368985485230737e-03 6.489663190093168318e-03 3.903915984698017125e-03 3.349063662896366051e-03 4.594740235746328644e-03
2.539035153235268474e-03 3.308659194201236508e-04 -5.121616150423434618e-04 -1.898000551543762432e-03 8.661913536320758888e-03 5.207133212097928704e-03 4.463133407626287963e-03 6.119641759773029530e-03
3.174721054040850060e-03 4.129185596435639869e-04 -6.406965514551272826e-04 -2.369366974188601670e-03 1.083877383030188053e-02 6.511330804631186402e-03 5.576035955141943855e-03 7.641110517845087560e-03
3.810798003322030808e-03 4.946990305778381416e-04 -7.694353122802593311e-04 -2.839456275981069779e-03 1.302030283933654914e-02 7.816523811618264483e-03 6.687756019168555194e-03 9.159088874685045872e-03
4.447276419738880812e-03 5.762039055774826430e-04 -8.983809952352803108e-04 -3.308256259012097231e-03 1.520656042049473196e-02 9.122727557548225216e-03 7.798278030726114862e-03 1.067351813420125070e-02
5.084166909416241303e-03 6.574296927988061267e-04 -1.027536752489325526e-03 -3.775754499670379381e-03 1.739760754582871452e-02 1.042995764835648147e-02 8.907586131594780535e-03 1.218433851525470291e-02
5.721480270073935580e-03 7.383728336452495631e-04 -1.156905791865557673e-03 -4.241938343260913402e-03 1.959350632827570882e-02 1.173822997788186336e-02 1.001566416759843217e-02 1.369148912675808433e-02
6.359227495265356786e-03 8.190297011703435558e-04 -1.286491378078288362e-03 -4.706794898468790941e-03 2.179432004829903388e-02 1.304756073450028149e-02 1.112249568170205205e-02 1.519490794208768966e-02
