0.000000000000000000e+00 0.000000000000000000e+00 0.000000000000000000e+00 0.000000000000000000e+00 0.000000000000000000e+00 0.000000000000000000e+00 0.000000000000000000e+00 0.000000000000000000e+00 0.000000000000000000e+00 0.000000000000000000e+00
1.662572559027141166e-03 1.563691668927645780e-03 -8.904610025373263038e-05 -1.470969371286855350e-03 -1.666248758707575880e-03 2.891876202848602754e-03 5.061176883737301783e-03 6.494716732912434072e-03 5.067949820313596976e-03 3.203731484736298436e-03
3.325145502639633745e-03 3.128945663629267154e-03 -1.782630737134479541e-04 -2.943327359439332387e-03 -3.332500735439147908e-03 5.782684354990598290e-03 1.012244667539886553e-02 1.299099237176892796e-02 1.013588062206601144e-02 6.406898219281579286e-03
4.987718274158817536e-03 4.695764765919452702e-03 -2.676511169286646024e-04 -4.417077067809387601e-03 -4.998754857692223018e-03 8.672422897014555460e-03 1.518381061239570257e-02 1.948882748202842435e-02 1.520379358928588241e-02 9.609498781732407277e-03
6.650290314248111581e-03 6.264151743324779253e-03 -3.572104202055612684e-04 -5.892221597786887269e-03 -6.665010041961088108e-03 1.156109026024085967e-02 2.024526993372713357e-02 2.598822264520590786e-02 2.027168990663518952e-02 1.281153173559184191e-02
8.312861062167324622e-03 7.834109349237229972e-03 -4.469411696434552779e-04 -7.368764047659118709e-03 -8.331265196510754742e-03 1.444868486792835229e-02 2.530682588137886727e-02 3.248917845589033293e-02 2.533957076253634533e-02 1.601299563260477968e-02
9.975429955821679684e-03 9.405640322172269599e-03 -5.368435469896195699e-04 -8.846707512081913860e-03 -9.997519221358759298e-03 1.733520513508204214e-02 3.036847970002330699e-02 3.899169552286046309e-02 3.040743734866391268e-02 1.921388901264064683e-02
1.163799643181263888e-02 1.097874738501425536e-02 -6.269177294900818952e-04 -1.032605508154253900e-02 -1.166377100825746228e-02 2.022064946825885209e-02 3.543023263670389694e-02 4.549577447024163307e-02 3.547529085941628080e-02 2.241421040357458733e-02
1.330055992548924079e-02 1.255343324424447980e-02 -7.171638897344899052e-04 -1.180680984181217349e-02 -1.333001944067638278e-02 2.310501626537121364e-02 4.049208594051151300e-02 5.200141593869582468e-02 4.054313249136341085e-02 2.561395832117142196e-02
1.496311987100056723e-02 1.412970058915664559e-02 -8.075821954963650212e-04 -1.328897487339009142e-02 -1.499626339378553296e-02 2.598830391548663868e-02 4.555404086224477955e-02 5.850862058665033671e-02 4.561096344267435987e-02 2.881313126896856494e-02
1.662567570134921777e-02 1.570755209105605815e-02 -8.981728095679838639e-04 -1.477255325093705836e-02 -1.666250173443953320e-02 2.887051079862484881e-02 5.061609865405887476e-02 6.501738909156343227e-02 5.067878491251920359e-02 3.201172773816270828e-02
