0.000000000000000000e+00 0.000000000000000000e+00 0.000000000000000000e+00 0.000000000000000000e+00 0.000000000000000000e+00 0.000000000000000000e+00 0.000000000000000000e+00 0.000000000000000000e+00 0.000000000000000000e+00 0.000000000000000000e+00
4.649794682568928091e-04 2.835105066905510085e-04 -1.244530139271045826e-05 -2.374297488185520260e-04 -6.058689917085802396e-04 1.279539862957907934e-03 9.777491111982324588e-04 1.252737601056111861e-03 1.159630667955569147e-03 1.954413870064496909e-03
9.296405139139055952e-04 5.670554936734315725e-04 -2.494210323348134320e-05 -4.748876149519369290e-04 -1.211306546793895203e-03 2.558823036541974742e-03 1.955421516042239911e-03 2.505574596087335303e-03 2.319237253755773807e-03 3.909586050444344499e-03
1.393983139645256844e-03 8.506349755606287680e-04 -3.749045959813405461e-05 -7.123736486284581049e-04 -1.816312262825709161e-03 3.837848599668750894e-03 2.933017197039855788e-03 3.758511151994431768e-03 3.478819786774345942e-03 5.865516979767247674e-03
1.858007348412886277e-03 1.134248966931843431e-03 -5.009042460764815796e-05 -9.498879001106153366e-04 -2.420885736852382720e-03 5.116615630033324695e-03 3.910536136554450953e-03 5.011547435858126377e-03 4.638378296436742633e-03 7.822207097143013543e-03
2.321713143469173162e-03 1.417897482333516004e-03 -6.274205242833656433e-05 -1.187430419694529733e-03 -3.025026565401935010e-03 6.395123204123921712e-03 4.887978316812180944e-03 6.264683614943401813e-03 5.797912812227122917e-03 9.779656842189853733e-03
2.785100528357615460e-03 1.701580536279700614e-03 -7.544539727272306677e-05 -1.425001257710354751e-03 -3.628734344481076256e-03 7.673370397215556124e-03 5.865343719896990403e-03 7.517919856700167047e-03 6.957423363688960798e-03 1.173786665503370394e-02
3.248169506912670229e-03 1.985298143251115754e-03 -8.820051339933761237e-05 -1.662600464522331380e-03 -4.232008669573399974e-03 8.951356283372366093e-03 6.842632327753772441e-03 8.771256328762558688e-03 8.116909980424722587e-03 1.369683697631044611e-02
3.710920083259612676e-03 2.269050317695505206e-03 -1.010074551126160949e-04 -1.900228090528339932e-03 -4.834849135637981320e-03 1.022907993544519903e-02 7.819844122185878876e-03 1.002469319895115361e-02 9.276372692095666977e-03 1.565656824716678969e-02
4.173352261815142447e-03 2.552837074027891964e-03 -1.138662767637703323e-04 -2.137884186160446485e-03 -5.437255337108087318e-03 1.150654042506862700e-02 8.796979084855228656e-03 1.127823063527147104e-02 1.043581152842292144e-02 1.761706090926359186e-02
4.635466047287307295e-03 2.836658426629774625e-03 -1.267770327495877734e-04 -2.375568801884385059e-03 -6.039226867889707119e-03 1.278373682266228419e-02 9.774037197281822131e-03 1.253186880591555460e-02 1.159522651918678572e-02 1.957831540477434143e-02
