0.000000000000000000e+00 0.000000000000000000e+00 0.000000000000000000e+00 0.000000000000000000e+00 0.000000000000000000e+00 0.000000000000000000e+00
1.971611062905687724e-04 1.261042172669385550e-04 -9.232911656265577367e-04 4.309137368182747955e-04 1.153660664817533201e-03 3.297198451425579525e-03
3.902818449863213368e-04 2.533506345615394416e-04 -1.849140091404519789e-03 8.462395728647271586e-04 2.307143147750597995e-03 6.611617984783402582e-03
5.793092914095857721e-04 3.817540801210133304e-04 -2.777578496474999731e-03 1.245760546574074682e-03 3.460444533669335739e-03 9.943492009494002762e-03
7.641894753150670072e-04 5.113296429066936308e-04 -3.708638535085501727e-03 1.629255951186947375e-03 4.613561820546480986e-03 1.329305816974484314e-02
9.448673551481587708e-04 6.420926783211873372e-04 -4.642352803211145795e-03 1.996501254830550243e-03 5.766491916728599607e-03 1.666055843987977042e-02
1.121286791553450374e-03 7.740588140730522357e-04 -5.578754345262950179e-03 2.347268018573306098e-03 6.919231638117214964e-03 2.004623922233775626e-02
1.293390520107642883e-03 9.072439561964734146e-04 -6.517876660889306527e-03 2.681323812399033675e-03 8.071777705249940510e-03 2.345035144823955087e-02
1.461120123252683664e-03 1.041664295227435902e-03 -7.459753711866006637e-03 2.998432129035120790e-03 9.224126740280030878e-03 2.687315068068407697e-02
1.624416001398014788e-03 1.177336312544716200e-03 -8.404419929077762419e-03 3.298352295574806439e-03 1.037627526385254476e-02 3.031489722085772484e-02
1.783217343168678288e-03 1.314276786877052738e-03 -9.351910219589259707e-03 3.580839382827979110e-03 1.152821969186912203e-02 3.377585621702775681e-02
