0.000000000000000000e+00 0.000000000000000000e+00 0.000000000000000000e+00 0.000000000000000000e+00 0.000000000000000000e+00 0.000000000000000000e+00 0.000000000000000000e+00 0.000000000000000000e+00 0.000000000000000000e+00 0.000000000000000000e+00
2.399492223024186389e-03 1.476255473600234327e-04 -6.379909288482354772e-04 -9.658336612026880135e-04 -9.432931665476725677e-04 7.226101864801840781e-03 7.835133456081465331e-03 5.833405963735998831e-03 3.582996316493398080e-03 1.763098548942300088e-03
4.801671160995857682e-03 2.923622143781465319e-04 -1.277974852694781184e-03 -1.932299771695081270e-03 -1.883758736889257429e-03 1.446357595923852477e-02 1.567617575178050643e-02 1.166570538754388951e-02 7.158936805487872007e-03 3.517078375483322691e-03
7.206548721200773701e-03 4.341902960346563038e-04 -1.919958988211789563e-03 -2.899397629344355447e-03 -2.821382385276497654e-03 2.171247340624398239e-02 2.352315060883576267e-02 1.749689388397375131e-02 1.072779299733121403e-02 5.261897512603747398e-03
9.614136862204839332e-03 5.730898915459992863e-04 -2.563950567076454974e-03 -3.867126492711741442e-03 -3.756149679253814079e-03 2.897284560041481216e-02 3.137608194093682856e-02 2.332696707121117985e-02 1.428953621744735551e-02 6.997513708408099886e-03
1.202444760577819211e-02 7.090409133764055162e-04 -3.209956839385729246e-03 -4.835485582376676875e-03 -4.688046082379686806e-03 3.624474423265779122e-02 3.923499384376102905e-02 2.915592057059564202e-02 1.784413759106294461e-02 8.723884429743943014e-03
1.443749303693289687e-02 8.420230855139603995e-04 -3.857985073416168517e-03 -5.804474080524734021e-03 -5.617056953193111726e-03 4.352822129231074394e-02 4.709991059750732317e-02 3.498375000692319908e-02 2.139156804097570516e-02 1.044096685948089215e-02
1.685328530396132049e-02 9.720159417465935869e-04 -4.508042555388901834e-03 -6.774091130540530088e-03 -6.543167544168847043e-03 5.082332906928942184e-02 5.497085666947032490e-02 4.081045100873630788e-02 2.493179828529156969e-02 1.214871789375687218e-02
1.927183661847852933e-02 1.098998823935266270e-03 -5.160136589238209504e-03 -7.744335836607996182e-03 -7.466363000665787036e-03 5.813012015626234374e-02 6.284785671666633100e-02 4.663601920860567518e-02 2.846479883512875383e-02 1.384709413919954502e-02
2.169315925546646748e-02 1.222950880289577335e-03 -5.814274496387246763e-03 -8.715207263315974048e-03 -8.386628359863979032e-03 6.544864745084595647e-02 7.073093558850025719e-02 5.246045024339858476e-02 3.199053999228693157e-02 1.553605191011751818e-02
2.411726555332130428e-02 1.343851063643024084e-03 -6.470463615528771265e-03 -9.686704435270792474e-03 -9.303948549694622538e-03 7.277896415782902917e-02 7.862011832949072909e-02 5.828373975453796096e-02 3.550899184688497551e-02 1.721554722566157047e-02
