0.000000000000000000e+00 0.000000000000000000e+00 0.000000000000000000e+00 0.000000000000000000e+00 0.000000000000000000e+00 0.000000000000000000e+00 0.000000000000000000e+00 0.000000000000000000e+00 0.000000000000000000e+00 0.000000000000000000e+00
2.691001777402771654e-03 1.149507331252124604e-03 -6.680782346863210590e-04 -1.581750496198659674e-03 -1.590680377769828355e-03 6.487423514423661629e-03 8.435135938277832021e-03 7.817711412174568539e-03 5.226634821346142976e-03 2.994958505908172815e-03
5.382841751570049439e-03 2.299945887446700615e-03 -1.337349943385855375e-03 -3.164591545575644576e-03 -3.180846150055085739e-03 1.297653493513957826e-02 1.687106069229720243e-02 1.563597830152418239e-02 1.045191050098261826e-02 5.988243954317028044e-03
8.075519674259070205e-03 3.451319734889775771e-03 -2.007817711423225300e-03 -4.748525412177764110e-03 -4.770496285547839652e-03 1.946733372802694415e-02 2.530777448149875916e-02 2.345479967460744469e-02 1.567582924591980412e-02 8.979855446338013553e-03
1.076903526968799908e-02 4.603632914216865268e-03 -2.679484085681962165e-03 -6.333554351851608533e-03 -6.359629746371400771e-03 2.595981929138776317e-02 3.374527760603110438e-02 3.127417453506852602e-02 2.089839326268171787e-02 1.196979207335236578e-02
1.346338823411801291e-02 5.756889436946020441e-03 -3.352351571518972281e-03 -7.919680611528300343e-03 -7.948245488016814075e-03 3.245399095267802181e-02 4.218357045060943528e-02 3.909410188453697060e-02 2.611960475600134945e-02 1.495805291682588724e-02
1.615857823547743252e-02 6.911093281846070017e-03 -4.026422629552414527e-03 -9.506906428494917363e-03 -9.536342459276172384e-03 3.894984796514419645e-02 5.062265348847818508e-02 4.691458072357141545e-02 3.133946592746757881e-02 1.794463704812086779e-02
1.885460491303230998e-02 8.066248391112681992e-03 -4.701699672320440795e-03 -1.109523402965156662e-02 -1.112391960217300538e-02 4.544738950436424257e-02 5.906252728547971287e-02 5.473561005265328155e-02 3.655797897411485614e-02 2.092954352830041220e-02
2.155146787710755449e-02 9.222358666347948986e-03 -5.378185060809097945e-03 -1.268466563075566766e-02 -1.271097585189068582e-02 5.194661466469388533e-02 6.750319250422705253e-02 6.255718887323119537e-02 4.177514608696272780e-02 2.391277140792766667e-02
2.424916670885937653e-02 1.037942796433738782e-02 -6.055881100847128329e-03 -1.427520343565239803e-02 -1.429751013669708706e-02 5.844752245561899567e-02 7.594464990838264984e-02 7.037931618881523854e-02 4.699096944949682914e-02 2.689431972685929831e-02
2.694770096010502825e-02 1.153746009261931785e-02 -6.734790039365918558e-03 -1.586684963549182120e-02 -1.588352137786681190e-02 6.495011179800502799e-02 8.438690036704218911e-02 7.820199100612813814e-02 5.220545123609528909e-02 2.987418751403277117e-02
