0.000000000000000000e+00 0.000000000000000000e+00 0.000000000000000000e+00 0.000000000000000000e+00 0.000000000000000000e+00 0.000000000000000000e+00 0.000000000000000000e+00 0.000000000000000000e+00
-6.121762582908770508e-04 2.606361072092947678e-03 1.291635399867863175e-03 -3.285820213669928165e-03 -2.110795221347116363e-04 1.664557724926914823e-03 1.977840561149259851e-02 2.832018375341392030e-03
-1.227833659700161041e-03 5.208721078485788539e-03 2.595356189310389899e-03 -6.576243608096065535e-03 -4.234562368808175389e-04 3.327817763682171161e-03 3.956128075353177592e-02 5.662162098919153348e-03
-1.846994856735461460e-03 7.806983927167485127e-03 3.911331636822789476e-03 -9.871320707254851307e-03 -6.371379691617793349e-04 4.989778888439828919e-03 5.934858087775259083e-02 8.490484771848025997e-03
-2.469682571437365262e-03 1.040105152113058803e-02 5.239732707264877290e-03 -1.317110165695811047e-02 -8.521325416690128315e-04 6.650439272422245529e-03 7.914026078452807145e-02 1.131704124322341007e-02
-3.095919576975690677e-03 1.299082377756540473e-02 6.580731825019225933e-03 -1.647563602560876000e-02 -1.068447767563355470e-03 8.309796484250966953e-03 9.893627459291420845e-02 1.414188763852920055e-02
-3.725728676971846835e-03 1.557619865794155484e-02 7.934502595439903508e-03 -1.978497257640952217e-02 -1.286091442396688784e-03 9.967847484879645281e-03 1.187365757106072783e-01 1.696508138466694404e-02
-4.359132682400203990e-03 1.815707221036179722e-02 9.301219480036286222e-03 -2.309915900799769037e-02 -1.505071335210593410e-03 1.162458862763177982e-02 1.385411168043106378e-01 1.978668123065207424e-02
-4.996154385940435906e-03 2.073333862563896818e-02 1.068105742064682021e-02 -2.641824166034552335e-02 -1.725395178775931352e-03 1.328001566193314810e-02 1.583498497710098263e-01 2.260674726284283426e-02
-5.636816533676682062e-03 2.330489030859641056e-02 1.207419140776358479e-02 -2.974226518268333758e-02 -1.947070658956608861e-03 1.493412374139881441e-02 1.781627257107730733e-01 2.542534091342077418e-02
-6.281141794078626273e-03 2.587161796609117534e-02 1.348079598817555728e-02 -3.307127216018809768e-02 -2.170105403191385091e-03 1.658690743699539616e-02 1.979796949018256813e-01 2.824252496063311274e-02
