0.000000000000000000e+00 0.000000000000000000e+00 0.000000000000000000e+00 0.000000000000000000e+00 0.000000000000000000e+00 0.000000000000000000e+00 0.000000000000000000e+00 0.000000000000000000e+00 0.000000000000000000e+00 0.000000000000000000e+00
2.222800518944870727e-04 3.514187375708091045e-04 1.030227648541403809e-04 -3.176731155861148770e-04 -5.472701727340507872e-04 4.044324671679898732e-04 7.658643954821394394e-04 1.688375464739773129e-03 1.496165245583048727e-03 1.333182360606086905e-03
4.444452143085774669e-04 7.027995060211048375e-04 2.060504182972191492e-04 -6.353319175538995516e-04 -1.094256550392405745e-03 8.086635537399856606e-04 1.531641776615191896e-03 3.376902489205789795e-03 2.992417930306777180e-03 2.666288294472453531e-03
6.664955181591511327e-04 1.054142285247690151e-03 3.090829563084116025e-04 -9.529763807239735249e-04 -1.640959161521625062e-03 1.212693229362176318e-03 2.297332093834752922e-03 5.065581145276306166e-03 4.488758114904480706e-03 3.999317434774279575e-03
8.884309943797937328e-04 1.405447055168062599e-03 4.121203748509865458e-04 -1.270606479923974122e-03 -2.187378034858775827e-03 1.616521463784078953e-03 3.062935297564899940e-03 6.754411504833172757e-03 5.985185860086248387e-03 5.332269414552517905e-03
1.110251673921560517e-03 1.756713795721319372e-03 5.151626698722490318e-04 -1.588222189990078602e-03 -2.733513199335076138e-03 2.020148226863389442e-03 3.828451338222713801e-03 8.443393639777575094e-03 7.481701226550560753e-03 6.665143866728080908e-03
1.331957587753495329e-03 2.107942486869014958e-03 6.182098373039631323e-04 -1.905823485766115549e-03 -3.279364684075468037e-03 2.423573488563312683e-03 4.593880166217334873e-03 1.013252762203092211e-02 8.978304274983684580e-03 7.997940424102848583e-03
1.553548766862012341e-03 2.459133108594527099e-03 7.212618730617198753e-04 -2.223410342104119655e-03 -3.824932518398931492e-03 2.826797218953866573e-03 5.359221731949784587e-03 1.182181352353255631e-02 1.047499506606032124e-02 9.330658719358411735e-03
1.775025242251003716e-03 2.810285640903237205e-03 8.243187730455303576e-04 -2.540982733864454238e-03 -4.370216731818055492e-03 3.229819388210853747e-03 6.124475985814438646e-03 1.351125141624307489e-02 1.197177366044282175e-02 1.066329838505793506e-02
1.996387044941867576e-03 3.161400063822729194e-03 9.273805331389675449e-04 -2.858540635915144453e-03 -4.915217354039359832e-03 3.632639966618020008e-03 6.889642878197150058e-03 1.520084137214199396e-02 1.346864011878263177e-02 1.199585905364457250e-02
2.217634205973209420e-03 3.512476357402578939e-03 1.030447149209793266e-03 -3.176084023132378850e-03 -5.459934414962814599e-03 4.035258924563206277e-03 7.654722359476141651e-03 1.689058346322797749e-02 1.496559450171812584e-02 1.332834035744353413e-02
