0.000000000000000000e+00 0.000000000000000000e+00 0.000000000000000000e+00 0.000000000000000000e+00 0.000000000000000000e+00 0.000000000000000000e+00 0.000000000000000000e+00 0.000000000000000000e+00 0.000000000000000000e+00 0.000000000000000000e+00
6.928770831501079473e-04 9.035752257767053772e-05 1.085677990174262577e-05 -1.239278622589669396e-04 -6.023234259750056890e-04 2.440095903821529535e-03 1.307534351603132847e-03 1.091513335304430173e-03 1.198290214977587023e-03 2.011157615062763269e-03
1.385142666724592433e-03 1.806027314228456060e-04 2.177070792053227691e-05 -2.477580268351508501e-04 -1.204143002370544266e-03 4.881518498552422924e-03 2.614987536083916014e-03 2.182768527311403171e-03 2.396483051009712113e-03 4.022848896601389362e-03
2.076795962878319815e-03 2.707356515392913524e-04 3.274188943687724839e-05 -3.714904972964866328e-04 -1.805458423070137536e-03 7.324268936186697707e-03 3.922359522424995019e-03 3.273765478515175929e-03 3.594578521893705518e-03 6.035073530256626975e-03
2.767836182349056942e-03 3.607563081187360916e-04 4.377043002917245062e-05 -4.951252773028098518e-04 -2.406269381981240851e-03 9.768348370049750873e-03 5.229650279608468941e-03 4.364504091536553464e-03 4.792576641519316616e-03 8.047831200008235750e-03
3.458262534458149753e-03 4.506647265400099377e-04 5.485643547606195369e-05 -6.186623706053544225e-04 -3.006575573037623475e-03 1.221375795483842230e-02 6.536859776631075321e-03 5.454984269132866562e-03 5.990477423874823390e-03 1.006112158818595580e-02
4.148074227105684811e-03 5.404609323698590390e-04 6.600001175630678925e-05 -7.421017810484750298e-04 -3.606376690198559443e-03 1.466049884662528995e-02 7.843987982503774700e-03 6.545205914199121906e-03 7.188280883048151979e-03 1.207494437546331213e-02
4.837270466766603084e-03 6.301449513633312297e-04 7.720126504986817018e-05 -8.654435125680633254e-04 -4.205672427450317039e-03 1.710857220286262845e-02 9.151034866251602298e-03 7.635168929769506514e-03 8.385987033227432219e-03 1.408929924085336634e-02
5.525850458486253856e-03 7.197168094646424694e-04 8.846030173827854515e-05 -9.886875691937086885e-04 -4.804462478806855938e-03 1.955797918238139782e-02 1.045800039691393776e-02 8.724873219017060741e-03 9.583595888701361074e-03 1.610418586170271962e-02
6.213813405875893113e-03 8.091765328077925616e-04 9.977722840490093985e-05 -1.111833955047525878e-03 -5.402746538309520161e-03 2.200872094539865417e-02 1.176488454354487206e-02 9.814318685254043440e-03 1.078110746385785301e-02 1.811960391368651682e-02
6.901158511108889705e-03 8.985241477166559017e-04 1.111521518357074412e-04 -1.234882674345631499e-03 -6.000524300029131015e-03 2.446079865351768676e-02 1.307168727521365592e-02 1.090350523193388439e-02 1.197852177318650853e-02 2.013555307080494225e-02
