0.000000000000000000e+00 0.000000000000000000e+00 0.000000000000000000e+00 0.000000000000000000e+00 0.000000000000000000e+00 0.000000000000000000e+00 0.000000000000000000e+00 0.000000000000000000e+00 0.000000000000000000e+00 0.000000000000000000e+00
1.516843398955229887e-03 7.259974733374594327e-04 1.241820106605375819e-04 -5.704470519808002744e-04 -1.796575823358554855e-03 3.799733450210644389e-03 5.047621546067948203e-03 5.659280441612915546e-03 5.883314510727802663e-03 4.861204056565518808e-03
3.033380601695557545e-03 1.452278305872119289e-03 2.487690500669415081e-04 -1.140667217050517256e-03 -3.593760732891470699e-03 7.598330909113186135e-03 1.009356653424410728e-02 1.131811654872693501e-02 1.176733719603998904e-02 9.724956812466437756e-03
4.549609815890431203e-03 2.178843655607825593e-03 3.737630063520457806e-04 -1.710660563149966895e-03 -5.391555906927246108e-03 1.139578616653609024e-02 1.513783026652691655e-02 1.697650802470654710e-02 1.765207162155164183e-02 1.459126591666998728e-02
6.065529231826575357e-03 2.905694679706628987e-03 4.991657749847860709e-04 -2.280427159779985485e-03 -7.189962518883124230e-03 1.519209296873971424e-02 2.018040802162161459e-02 2.263445459078496091e-02 2.353752137569040115e-02 1.946013903454980529e-02
7.581137026208715698e-03 3.632832536713918870e-03 6.249792565137325716e-04 -2.849967071073264586e-03 -8.988981740423918412e-03 1.898724502329617730e-02 2.522129505529764962e-02 2.829195598471704112e-02 2.942369006907532419e-02 2.433158385439060031e-02
9.096431362029651357e-03 4.360258386504665615e-03 7.512053563069650674e-04 -3.419280355369471065e-03 -1.078861474144673580e-02 2.278123599875539126e-02 3.026048660015204228e-02 3.394901196122347004e-02 3.531058133471186994e-02 2.920560808731841734e-02
1.061141038844069448e-02 5.087973390229829328e-03 8.778459842859707984e-04 -3.988367064772425745e-03 -1.258886269007074114e-02 2.657405952430725443e-02 3.529797786537278159e-02 3.960562229244020405e-02 4.119819882818762102e-02 3.408221946723224982e-02
1.212607224062024758e-02 5.815978710260864305e-03 1.004903054648952163e-03 -4.557227244695842214e-03 -1.438972675263074444e-02 3.036570918944062752e-02 4.033376403649684139e-02 4.526178676837448039e-02 4.708654622787078470e-02 3.896142575073086034e-02
1.364041503964335579e-02 6.544275510134183599e-03 1.132378485587834990e-03 -5.125860933391751355e-03 -1.619120809367781064e-02 3.415617854359545569e-02 4.536784027516693740e-02 5.091750519736930325e-02 5.297562723511210075e-02 4.384323471703702180e-02
1.515443689234865533e-02 7.272864954494754480e-03 1.260274198996020429e-03 -5.694268161466198644e-03 -1.799330787598285228e-02 3.794546109581627830e-02 5.040020171888363876e-02 5.657277740657370990e-02 5.886544557445042014e-02 4.872765416791893789e-02
