0.000000000000000000e+00 0.000000000000000000e+00 0.000000000000000000e+00 0.000000000000000000e+00
1.149712468329372808e-02 -1.149712468329340542e-02 1.398697620538965486e-02 1.245487479867812657e-02
2.309376819373922668e-02 -2.309376819373851197e-02 2.797183522242774334e-02 2.491186678570799298e-02
3.479227835858367257e-02 -3.479227835858260398e-02 4.195451190495998878e-02 3.737104110724330519e-02
4.659509351404467203e-02 -4.659509351404331201e-02 5.593493813151603766e-02 4.983246588475520600e-02
5.850474639356388618e-02 -5.850474639356216533e-02 6.991304254777276628e-02 6.229621247256628136e-02
7.052386796233554855e-02 -7.052386796233334199e-02 8.388875027575287691e-02 7.476235574865436329e-02
8.265519108653336666e-02 -8.265519108653082703e-02 9.786198258267296557e-02 8.723097444580178716e-02
9.490155387519967622e-02 -9.490155387519688679e-02 1.118326564997449424e-01 9.970215153279758658e-02
1.072659024601494426e-01 -1.072659024601461952e-01 1.258006843772715155e-01 1.121759746593390394e-01
1.197512928737819449e-01 -1.197512928737784199e-01 1.397659733563530182e-01 1.246525366843251742e-01
