0.000000000000000000e+00 0.000000000000000000e+00 0.000000000000000000e+00 0.000000000000000000e+00 0.000000000000000000e+00 0.000000000000000000e+00 0.000000000000000000e+00 0.000000000000000000e+00 0.000000000000000000e+00 0.000000000000000000e+00
5.384799661267971813e-04 1.505136741799978665e-04 -9.050602277155669311e-07 -1.513495135187448647e-04 -5.334157383347998488e-04 1.792766891262964363e-03 1.122114741682549589e-03 1.103777539647024996e-03 1.113565329634266885e-03 1.772172478462433979e-03
1.076586939066509485e-03 3.009808929528507218e-04 -1.818064602003460269e-06 -3.026601790061253039e-04 -1.066413087557539340e-03 3.586184442493639893e-03 2.244201196917540789e-03 2.207469977660271414e-03 2.227016220067887155e-03 3.544767885351441782e-03
1.614320950916754011e-03 4.514016240969099310e-04 -2.739114565234572180e-06 -4.539320615998939041e-04 -1.598991502330360812e-03 5.380254284165544507e-03 3.366259928337102855e-03 3.311077317263676646e-03 3.340352098474466420e-03 5.317784789998755528e-03
2.151682038590846911e-03 6.017758345650077358e-04 -3.668313315265744952e-06 -6.051652272942381833e-04 -2.131150432151378109e-03 7.174978073303171083e-03 4.488291508445704098e-03 4.414599561688162081e-03 4.453572382169882805e-03 7.091221734949536108e-03
2.688670243940472632e-03 7.521034904631492121e-04 -4.605765846436365117e-06 -7.563597429623997864e-04 -2.662889321231477931e-03 8.970357494135916196e-03 5.610296519863282490e-03 5.518036714180307375e-03 5.566676478383125216e-03 8.865077235333272687e-03
3.225285613867156370e-03 9.023845570313302400e-04 -5.551578991009418210e-06 -9.075156763747433374e-04 -3.194207608381449074e-03 1.076639425869540395e-02 6.732275555546741660e-03 6.621388778000992376e-03 6.679663784031541693e-03 1.063934977826557632e-02
3.761528200436601438e-03 1.052618998625252543e-03 -6.505861458214373444e-06 -1.058633096217074902e-03 -3.725104726896186387e-03 1.256309010743205355e-02 7.854229219019020700e-03 7.724655756424949130e-03 7.792533685496609921e-03 1.241403782223316800e-02
4.297398060995388444e-03 1.202806778694521898e-03 -7.468723876349816094e-06 -1.209712072112212626e-03 -4.255580104435763983e-03 1.436044680984534944e-02 8.976158124599096372e-03 8.827837652741601926e-03 8.905285558387144446e-03 1.418913979646614469e-02
4.832895258291900267e-03 1.352947859763276809e-03 -8.440278834932706502e-06 -1.360752674638122288e-03 -4.785633162903447750e-03 1.615846616513223061e-02 1.009806289764480017e-02 9.930934470254792340e-03 1.001791876730409245e-02 1.596465410028598264e-02
5.368019860598963536e-03 1.503042203408169655e-03 -9.420640928711201349e-06 -1.511754975350748653e-03 -5.315263318320252728e-03 1.795715000285152962e-02 1.121994417479628241e-02 1.103394621228187197e-02 1.113043266559008218e-02 1.774057910244580122e-02
