0.000000000000000000e+00 0.000000000000000000e+00 0.000000000000000000e+00 0.000000000000000000e+00 0.000000000000000000e+00 0.000000000000000000e+00 0.000000000000000000e+00 0.000000000000000000e+00
2.850478077036544176e-04 1.916760286898396741e-04 -4.960370504467327094e-05 -7.248360106369177488e-04 8.183823769211087847e-04 7.810397601338850632e-04 1.365651208793568433e-03 2.425635975675030122e-03
5.698660687240207591e-04 3.832930102662721983e-04 -9.919549403719898277e-05 -1.449096026211040694e-03 1.636420883051103352e-03 1.561888785416806888e-03 2.731357359591348247e-03 4.852627341319664354e-03
8.544548194026656621e-04 5.748508646581601891e-04 -1.487753887569822242e-04 -2.172779144226550524e-03 2.454115096283637082e-03 2.342546970776752859e-03 4.097118509880005692e-03 7.280975078781346324e-03
1.138814096129934887e-03 7.663495117049282579e-04 -1.983434110016162261e-04 -2.895884460667856337e-03 3.271464594280944736e-03 3.123014211053469751e-03 5.462934717195547761e-03 9.710680170463384039e-03
1.422943935347413969e-03 9.577888711565527100e-04 -2.478995825876885873e-04 -3.618411070000436634e-03 4.088468954478258199e-03 3.903290401002651022e-03 6.828806039128040850e-03 1.214174359935578373e-02
1.706844373546950863e-03 1.149168862673614292e-03 -2.974439253509383895e-04 -4.340358065166327953e-03 4.905127754079168477e-03 4.683375435296093479e-03 8.194732533323836193e-03 1.457416634904047659e-02
1.990515447270824970e-03 1.340489405826504393e-03 -3.469764611462967463e-04 -5.061724537579846174e-03 5.721440570058576244e-03 5.463269208522247844e-03 9.560714257483940090e-03 1.700794940368936109e-02
2.273957193111219785e-03 1.531750420096089985e-03 -3.964972118479987741e-04 -5.782509577124421082e-03 6.537406979159654345e-03 6.242971615183882939e-03 1.092675126936566363e-02 1.944309374806474019e-02
2.557169647710102762e-03 1.722951824872461478e-03 -4.460061993489750293e-04 -6.502712272147927360e-03 7.353026557893756719e-03 7.022482549700507365e-03 1.229284362678042218e-02 2.187960036752186616e-02
2.840152847758745450e-03 1.914093539455849523e-03 -4.955034455622177661e-04 -7.222331709458983118e-03 8.168298882539884107e-03 7.801801906406628274e-03 1.365899138759661680e-02 2.431747024800820153e-02
