0.000000000000000000e+00 0.000000000000000000e+00 0.000000000000000000e+00 0.000000000000000000e+00 0.000000000000000000e+00 0.000000000000000000e+00 0.000000000000000000e+00 0.000000000000000000e+00 0.000000000000000000e+00 0.000000000000000000e+00
1.606001636727313474e-04 -8.037910773414405326e-04 5.364792637537118755e-03 -3.780185832813598608e-03 -9.414158910549545647e-04 7.706413139688661745e-04 -6.335295680855774656e-04 8.144166244024647269e-03 1.572638868742906593e-02 5.243045242183952143e-04
3.192358905399395497e-04 -1.616596324227660437e-03 1.075115390047915939e-02 -7.583663968302426991e-03 -1.870129498489277956e-03 1.540367860557692332e-03 -1.270295778580661592e-03 1.629242460276434171e-02 3.146073403940467805e-02 1.040711678965160290e-03
4.758753342372924722e-04 -2.438534035849088469e-03 1.615928918440475218e-02 -1.141066770486581436e-02 -2.785962777927563413e-03 2.309164616429605545e-03 -1.910336020435489781e-03 2.444489248693430816e-02 4.720305587887016485e-02 1.549136642868067810e-03
6.304857034086417365e-04 -3.269726062164957786e-03 2.158940709562754551e-02 -1.526143283416735510e-02 -3.688733902704242548e-03 3.077016119258448295e-03 -2.553688841102206685e-03 3.260169057618270139e-02 6.295337461638320087e-02 2.049492335500438175e-03
7.830332137692580822e-04 -4.110297991881456045e-03 2.704171937536240661e-02 -1.913619739472271694e-02 -4.578257202528151007e-03 3.843906445611996753e-03 -3.200394007630996164e-03 4.076294296750233165e-02 7.871171124490310145e-02 2.541689357391652918e-03
9.334830365432750590e-04 -4.960379350426277409e-03 3.251644079284140426e-02 -2.303520136927376255e-02 -5.454343109685396568e-03 4.609819187164966928e-03 -3.850492572289806754e-03 4.892877733202664892e-02 9.447808733123924663e-02 3.025635931192404912e-03
1.081799243011238778e-03 -5.820103812914877855e-03 3.801378900181188319e-02 -2.695868631755909614e-02 -6.316798114349993221e-03 5.374737425115642432e-03 -4.504026943002935671e-03 5.709932508003326412e-02 1.102525250041556104e-01 3.501237844587750357e-03
1.227944744908014089e-03 -6.689609433061577057e-03 4.353398435408079026e-02 -3.090689493520753714e-02 -7.165424730720848512e-03 6.138643702689080585e-03 -5.161040958898560800e-03 6.527472153368538144e-02 1.260350469393032025e-01 3.968398395665631920e-03
1.371881230435050307e-03 -7.569038888903789272e-03 4.907724966291566321e-02 -3.488007052861569202e-02 -8.000021475832591600e-03 6.901519995612956718e-03 -5.821579971203939656e-03 7.345510610668685991e-02 1.418256763413871246e-01 4.427018341517562940e-03
1.513569095678578757e-03 -8.458539746065679016e-03 5.464380990821137568e-02 -3.887845639483268612e-02 -8.820382862992828116e-03 7.663347680468222609e-03 -6.485690929706649024e-03 8.164062248955246404e-02 1.576244369242784382e-01 4.876995850963843082e-03
