0.000000000000000000e+00 0.000000000000000000e+00 0.000000000000000000e+00 0.000000000000000000e+00 0.000000000000000000e+00 0.000000000000000000e+00 0.000000000000000000e+00 0.000000000000000000e+00
2.518070543217589691e-03 -2.406627601244414223e-03 2.731904418640071670e-03 -2.843347360613247572e-03 2.954383388753240632e-03 8.694982957968288434e-03 8.580785471425812078e-03 4.338836661917431017e-03
5.041175887558398475e-03 -4.827906913673267984e-03 5.480679871933763492e-03 -5.693948845818828930e-03 5.908027062496435701e-03 1.739051606884395307e-02 1.716330881597826277e-02 8.676125012811231052e-03
7.569344191388597230e-03 -7.263978287357459804e-03 8.246487580008891871e-03 -8.551853484040052716e-03 8.860932991389557437e-03 2.608659214590104344e-02 2.574758469079207329e-02 1.301185561211192984e-02
1.010260381794068907e-02 -9.714984303346467162e-03 1.102949132789850240e-02 -1.141711084249291686e-02 1.181310315178842746e-02 3.478320385428584904e-02 3.433362806735611866e-02 1.734601884682974993e-02
1.264098333436961333e-02 -1.218106982375469563e-02 1.382985752338757729e-02 -1.428977103400259040e-02 1.476453952732814483e-02 4.348034370532790488e-02 4.292145424039627011e-02 2.167860492727249205e-02
1.518451151053688483e-02 -1.466238204298783362e-02 1.664775525610196968e-02 -1.716988472365121171e-02 1.771524411017000311e-02 5.217800405054049545e-02 5.151107883699723722e-02 2.600960388268194062e-02
1.773321731749763486e-02 -1.715907054008899285e-02 1.948335635779202893e-02 -2.005750313520070910e-02 2.066521890242339898e-02 6.087617707529149186e-02 6.010251782595404241e-02 3.033900555678539779e-02
2.028712992565775280e-02 -1.967128733218551084e-02 2.233683546375495044e-02 -2.295267805722734505e-02 2.361446591776636753e-02 6.957485479212711932e-02 6.869578752735958083e-02 3.466679960326665699e-02
2.284627870257129739e-02 -2.219918692900081994e-02 2.520837007532137838e-02 -2.585546184889204666e-02 2.656298718327668867e-02 7.827402903372819576e-02 7.729090462242327320e-02 3.899297548115625983e-02
2.541069321033817552e-02 -2.474292638839220571e-02 2.809814062331398091e-02 -2.876590744526007562e-02 2.951078474149817360e-02 8.697369144548516839e-02 8.588788616351859806e-02 4.331752245014778430e-02
