0.000000000000000000e+00 0.000000000000000000e+00 0.000000000000000000e+00 0.000000000000000000e+00 0.000000000000000000e+00 0.000000000000000000e+00
2.147829953358073446e-03 5.063906908189234500e-04 -2.654220644177016520e-03 4.423415507703196310e-03 9.160170213350089796e-03 7.677970366786046955e-03
4.296289300369572108e-03 1.014158168836370262e-03 -5.310447469205856717e-03 8.845222200378670060e-03 1.831961002615023482e-02 1.535827994915004227e-02
6.445378551538373003e-03 1.523307040636132049e-03 -7.968685592174276286e-03 1.326542109015830910e-02 2.747831358460247828e-02 2.304093358875802453e-02
8.595098205985323217e-03 2.033841931867273224e-03 -1.062894013785247414e-02 1.768401317430133568e-02 3.663627504619543923e-02 3.072593613086134143e-02
1.074544875109860811e-02 2.545767486426139814e-03 -1.329121623752442700e-02 2.210099943386067967e-02 4.579348858195805144e-02 3.841329242337859773e-02
1.289643066220953066e-02 3.059088365600178341e-03 -1.595551902780946441e-02 2.651638083230154277e-02 5.494994837879110111e-02 4.610300731594432072e-02
1.504804440229727883e-02 3.573809247177761605e-03 -1.862185364947465532e-02 3.093015831407630589e-02 6.410564864188733614e-02 5.379508565891331223e-02
1.720029042172426664e-02 4.089934824519242743e-03 -2.129022524624317805e-02 3.534233280315269426e-02 7.326058359723655600e-02 6.148953230232684364e-02
1.935316915800191703e-02 4.607469805594912281e-03 -2.396063896359643119e-02 3.975290520149421525e-02 8.241474749423310930e-02 6.918635209482865145e-02
2.150668103559312538e-02 5.126418911985305624e-03 -2.663309994757796090e-02 4.416187638748492184e-02 9.156813460838052199e-02 7.688554988252985223e-02
