0.000000000000000000e+00 0.000000000000000000e+00 0.000000000000000000e+00 0.000000000000000000e+00
7.612847611157161180e-03 -7.612847611157189803e-03 1.367366050443800073e-02 1.660274409405515170e-02
1.524597954193507993e-02 -1.524597954193518574e-02 2.734718013465792935e-02 3.320562906232867040e-02
2.289950383403239684e-02 -2.289950383403237949e-02 4.102057964766243903e-02 4.980863414781676324e-02
3.057352871089423496e-02 -3.057352871089422455e-02 5.469388011893022011e-02 6.641173827504244509e-02
3.826816245520740095e-02 -3.826816245520742871e-02 6.836710294458257786e-02 8.301492004788324497e-02
4.598351327332828725e-02 -4.598351327332829419e-02 8.204026984177234527e-02 9.961815774918640620e-02
5.371968914486431601e-02 -5.371968914486430213e-02 9.571340284722708314e-02 1.162214293422252215e-01
6.147679765526292694e-02 -6.147679765526299633e-02 1.093865243138737592e-01 1.328247124740714602e-01
6.925494580882539386e-02 -6.925494580882547713e-02 1.230596569055043416e-01 1.494279844809340285e-01
7.705423981903054831e-02 -7.705423981903054831e-02 1.367328235894312016e-01 1.660312223955002220e-01
