0.000000000000000000e+00 0.000000000000000000e+00 0.000000000000000000e+00 0.000000000000000000e+00
4.798285293200906486e-03 -4.798285293200838832e-03 9.300532906579622380e-03 1.408713590408337824e-02
9.604213775027790542e-03 -9.604213775027764521e-03 1.856959790067232163e-02 2.820573972065380797e-02
1.441780629355410639e-02 -1.441780629355396241e-02 2.780667044324627857e-02 4.235633598874265909e-02
1.923908338346190516e-02 -1.923908338346180455e-02 3.701121394410792492e-02 5.653946129854350855e-02
2.406806520576430450e-02 -2.406806520576403041e-02 4.618267940543222677e-02 7.075566464788182741e-02
2.890477148162546792e-02 -2.890477148162536036e-02 5.532050505282062186e-02 8.500550781115701060e-02
3.374922141980438162e-02 -3.374922141980391671e-02 6.442411595343511266e-02 9.928956572120500867e-02
3.860143363721439680e-02 -3.860143363721391802e-02 7.349292362075239560e-02 1.136084268645502632e-01
4.346142607207213043e-02 -4.346142607207173492e-02 8.252632560545913876e-02 1.279626936905068069e-01
4.832921588906672478e-02 -4.832921588906630150e-02 9.152370507201157412e-02 1.423529830346167424e-01
