0.000000000000000000e+00 0.000000000000000000e+00 0.000000000000000000e+00 0.000000000000000000e+00
5.964964883572659382e-04 -4.779452814639190855e-04 2.021694611018254751e-03 1.553050212717141040e-03
1.193109085845192856e-03 -9.549616886885507879e-04 4.046529890119293475e-03 3.104053523686287758e-03
1.789843725741729246e-03 -1.431042231959488067e-03 6.074540484863139890e-03 4.652975911180708309e-03
2.386706442982841972e-03 -1.906179804067182878e-03 8.105761637652404358e-03 6.199782770357112338e-03
2.983703376546056364e-03 -2.380367177636110668e-03 1.014022919940371636e-02 7.744438900218456392e-03
3.580840771627104291e-03 -2.853597002468438466e-03 1.217797964274219651e-02 9.286908490801047342e-03
4.178124981873824507e-03 -3.325861802814332642e-03 1.421905007554417552e-02 1.082715511003320107e-02
4.775562471672890538e-03 -3.797153974571786279e-03 1.626347825483608414e-02 1.236514169024871546e-02
5.373159818498120591e-03 -4.267465782408030525e-03 1.831130260105591143e-02 1.390083051434873491e-02
5.970923715316632692e-03 -4.736789356806078537e-03 2.036256221269744024e-02 1.543418320160357127e-02
