0.000000000000000000e+00 0.000000000000000000e+00 0.000000000000000000e+00 0.000000000000000000e+00
4.655439929694759477e-03 -4.655439929694849682e-03 1.128048759375038443e-02 1.164027851301135778e-02
9.317845796997729912e-03 -9.317845796997696953e-03 2.256011985764565242e-02 2.328141235587781119e-02
1.398723811369164197e-02 -1.398723811369150839e-02 3.383889210903338884e-02 3.492340621125155503e-02
1.866363749705025540e-02 -1.866363749705018601e-02 4.511679960976977544e-02 4.656626481727689504e-02
2.334706467155662352e-02 -2.334706467155644657e-02 5.639383756698868044e-02 5.820999296681989704e-02
2.803754047146704564e-02 -2.803754047146691727e-02 6.767000113391552496e-02 6.985459550665455708e-02
3.273508584432500979e-02 -3.273508584432485713e-02 7.894528541071901828e-02 8.150007733661271403e-02
3.743972185553291754e-02 -3.743972185553280652e-02 9.021968544539980817e-02 9.314644340869376871e-02
4.215146969410640820e-02 -4.215146969410631800e-02 1.014931962347166428e-01 1.047936987261385844e-01
4.687035067974158753e-02 -4.687035067974138630e-02 1.127658127251507103e-01 1.164418483424659034e-01
