0.000000000000000000e+00 0.000000000000000000e+00 0.000000000000000000e+00 0.000000000000000000e+00 0.000000000000000000e+00 0.000000000000000000e+00
4.118303335205808664e-03 -5.626590048531626524e-04 -3.555644330352799101e-03 5.504491394188982915e-03 1.265799367564478077e-02 5.806251334565453587e-03
8.228350391104205172e-03 -1.128714371814752010e-03 -7.099636019289905058e-03 1.099883500843847929e-02 2.533757020076827030e-02 1.160106759959151496e-02
1.232891745928257378e-02 -1.698103442132939921e-03 -1.063081401715036331e-02 1.648278763985879664e-02 3.803926068556019030e-02 1.738416088777800309e-02
1.641870389146118936e-02 -2.270750696806094794e-03 -1.414795319465597841e-02 2.195609824941384403e-02 5.076361344336217246e-02 2.315523392482039117e-02
2.049632734399127465e-02 -2.846566285323605047e-03 -1.764976105866878850e-02 2.741850769967689103e-02 6.351119454789960761e-02 2.891397977441923645e-02
2.456031874142113047e-02 -3.425444396082475557e-03 -2.113487434534007045e-02 3.286974849089327466e-02 7.628258839340369690e-02 3.466008154209779257e-02
2.860911694916185716e-02 -4.007261453739018389e-03 -2.460185549542453359e-02 3.830954449658879879e-02 8.907839825504647313e-02 4.039321207915813616e-02
3.264106314727462793e-02 -4.591874128674238928e-03 -2.804918901860220179e-02 4.373761069996347228e-02 1.018992468469768764e-01 4.611303368825259152e-02
3.665439490035426323e-02 -5.179117144353047320e-03 -3.147527775600326982e-02 4.915365293216899384e-02 1.147457768752487700e-01 5.181919783217397296e-02
4.064723992271361552e-02 -5.768800869951358490e-03 -3.487843905276459544e-02 5.455736761323829592e-02 1.276186515831608803e-01 5.751134484759192617e-02
