0.000000000000000000e+00 0.000000000000000000e+00 0.000000000000000000e+00 0.000000000000000000e+00
5.890504049724261783e-04 -5.715511918223719007e-04 1.996444087588733138e-03 1.912359123281287066e-03
1.177641556329552409e-03 -1.142656192635542857e-03 3.993639505682374663e-03 3.825294808726501482e-03
1.765773079142579855e-03 -1.713314698450818302e-03 5.991586686538889241e-03 5.738807079173367798e-03
2.353444598045406275e-03 -2.283526405096553656e-03 7.990286062966837563e-03 7.652895956841460935e-03
2.940655737236847009e-03 -2.853291008217901607e-03 9.989738068348392661e-03 9.567561463341572175e-03
3.527406120478967372e-03 -3.422608203276882467e-03 1.198994313663999736e-02 1.148280361967554501e-02
4.113695371095316480e-03 -3.991477685551925343e-03 1.399090170237639492e-02 1.339862244623381965e-02
4.699523111970712805e-03 -4.559899150137748658e-03 1.599261420067188411e-02 1.531501796279167125e-02
5.284888965549059715e-03 -5.127872291945300733e-03 1.799508106722204001e-02 1.723199018850921083e-02
5.869792553832495034e-03 -5.695396805701405905e-03 1.999830273830666139e-02 1.914953914192687665e-02
