0.000000000000000000e+00 0.000000000000000000e+00 0.000000000000000000e+00 0.000000000000000000e+00 0.000000000000000000e+00 0.000000000000000000e+00
3.437357785502978460e-03 7.119731149203768934e-04 -4.149330900423653726e-03 5.589197890850911010e-03 1.257208644649379127e-02 6.572989733238872832e-03
6.857029146191614098e-03 1.434440664352752432e-03 -8.291469810545034833e-03 1.116698998073070020e-02 2.516697159540229323e-02 1.313458656503417935e-02
1.025765200553238263e-02 2.167584757116509421e-03 -1.242523676264981058e-02 1.673308284193632603e-02 3.778523101552010155e-02 1.968450835429423271e-02
1.363779254863356667e-02 2.911583269355151604e-03 -1.654937581798987881e-02 2.228717284526297165e-02 5.042745936290157771e-02 2.622246407416937986e-02
1.699594163169039149e-02 3.666608567835931073e-03 -2.066255019952773636e-02 2.782894577368861394e-02 6.309427105435461147e-02 3.274815352487420173e-02
2.033051105146342630e-02 4.432826069210955497e-03 -2.476333712067613907e-02 3.335807642637658027e-02 7.578630095691536728e-02 3.926126704020873465e-02
2.363982967705841737e-02 5.210392619270684533e-03 -2.885022229633121826e-02 3.887422821348100049e-02 8.850420509318243645e-02 4.576148518742139543e-02
2.692213944784814170e-02 5.999454675400171105e-03 -3.292159412325077611e-02 4.437705274217458584e-02 1.012486613628115900e-01 5.224847845968182136e-02
3.017559124312061206e-02 6.800146274791580084e-03 -3.697573751791510821e-02 4.986618939419775604e-02 1.140203702811345976e-01 5.872190695991899578e-02
3.339824063092917267e-02 7.612586770506669931e-03 -4.101082740143899286e-02 5.534126489492439960e-02 1.268200557369200121e-01 6.518142007399069238e-02
