0.000000000000000000e+00 0.000000000000000000e+00 0.000000000000000000e+00 0.000000000000000000e+00
4.781837806471220037e-04 -5.636909828848284771e-04 1.797985156068530486e-03 2.476599509492038737e-03
9.559604808744474142e-04 -1.126679431506639019e-03 3.596683162726085469e-03 4.954859254598458461e-03
1.433329677180605541e-03 -1.688964044893985061e-03 5.396094666436067507e-03 7.434781822217926238e-03
1.910290945206140822e-03 -2.250543518256279719e-03 7.196220314882669118e-03 9.916369807577408990e-03
2.386843859730364628e-03 -2.811416542962070879e-03 8.997060756989753300e-03 1.239962581432356437e-02
2.862987994668329903e-03 -3.371581806520003791e-03 1.079861664292377024e-02 1.488455245457115730e-02
3.338722923066986693e-03 -3.931037992561287574e-03 1.260088862409915189e-02 1.737115234895397417e-02
3.814048217102274964e-03 -4.489783780819827860e-03 1.440387735318072668e-02 1.985942812667235158e-02
4.288963448075522669e-03 -5.047817847114693078e-03 1.620758348408788893e-02 2.234938242554762935e-02
4.763468186409733872e-03 -5.605138863330294367e-03 1.801200767199991060e-02 2.484101789206869318e-02
