0.000000000000000000e+00 0.000000000000000000e+00 0.000000000000000000e+00 0.000000000000000000e+00 0.000000000000000000e+00 0.000000000000000000e+00 0.000000000000000000e+00 0.000000000000000000e+00 0.000000000000000000e+00 0.000000000000000000e+00
4.752693803107225362e-04 1.159614747187932404e-03 9.367768964188882873e-04 1.712342835040686715e-05 -2.588784426758567511e-03 7.735085441377994426e-05 2.010848751752562953e-03 5.260926977601951618e-03 8.205286722778466421e-03 8.014434976150735732e-03
9.470889941167242795e-04 2.319501420709001345e-03 1.875951065750788328e-03 3.777415559007746455e-05 -5.180315610049313589e-03 1.442327750093870401e-04 4.013650457455398765e-03 1.052040640322948924e-02 1.641721068231692324e-02 1.604219623536992309e-02
1.415445399521835304e-03 3.479654486005502329e-03 2.817530048481851727e-03 6.197047575763267591e-05 -7.774600409766985534e-03 2.006129894823632830e-04 6.008380509529854738e-03 1.577843153714102165e-02 2.463578919598558709e-02 2.408333058284684719e-02
1.880325085933065750e-03 4.640068356832776665e-03 3.761521403462982083e-03 8.973084680287055082e-05 -1.037164569303183730e-02 2.464585897035779789e-04 7.995014186023758837e-03 2.103499563012006801e-02 3.286103965509441088e-02 3.213788502570611577e-02
2.341714451588375150e-03 5.800737392733284516e-03 4.707932711560621798e-03 1.210737542099533590e-04 -1.297145831009238401e-02 2.817364805356845818e-04 9.973526613307831523e-03 2.629009192282630303e-02 4.109297966581396816e-02 4.020590667582601974e-02
2.799599819913888791e-03 6.961655900184355629e-03 5.656771571760752133e-03 1.560178208068140580e-04 -1.557404511266615409e-02 3.064134174955300723e-04 1.194389279339784157e-02 3.154371364681717721e-02 4.933162694650315011e-02 4.828744282575814228e-02
3.253967434373449940e-03 8.122818131703155725e-03 6.608045601453635051e-03 1.945817810877744150e-04 -1.817941294861816562e-02 3.204559952339078527e-04 1.390608759544253829e-02 3.679585402444368603e-02 5.757699935832043953e-02 5.638254092819298263e-02
3.704803457593843028e-03 9.284218285350805816e-03 7.561762435857804360e-03 2.367844826181974421e-04 -2.078756866142074389e-02 3.238306457957986677e-04 1.586008575434324011e-02 4.204650626897595694e-02 6.582911490956043499e-02 6.449124859462028458e-02
4.152093970476684187e-03 1.044585050423091702e-02 8.517929727423318234e-03 2.826448875137264373e-04 -2.339851908964488830e-02 3.165036368501231894e-04 1.780586186934755150e-02 4.729566358471702647e-02 7.408799176014979615e-02 7.261361359389326142e-02
4.595824971294671518e-03 1.160770887598087595e-02 9.476555145214712872e-03 3.321820739992393384e-04 -2.601227106648974774e-02 2.984410698873024180e-04 1.974339040261680056e-02 5.254331916710996281e-02 8.235364822631636994e-02 8.074968385068939658e-02
