0.000000000000000000e+00 0.000000000000000000e+00 0.000000000000000000e+00 0.000000000000000000e+00 0.000000000000000000e+00 0.000000000000000000e+00 0.000000000000000000e+00 0.000000000000000000e+00
5.586783322238775924e-04 1.637237316855914599e-04 -2.995611848094979464e-04 -5.024332962387183894e-04 1.448236375928182128e-03 1.499850692394358483e-03 1.108999995337112479e-03 1.088777512585307724e-03
1.117234924362281532e-03 3.275100220734795866e-04 -5.992468623272419496e-04 -1.004742461903290881e-03 2.896506498582082818e-03 2.999867116436318298e-03 2.217873802818996157e-03 2.177423160331967700e-03
1.675669800196124279e-03 4.913588957004883960e-04 -8.990570374168132270e-04 -1.506927477811105922e-03 4.344810125445510048e-03 4.500049378719997960e-03 3.326621279360863961e-03 3.265936689300973170e-03
2.233982983631538008e-03 6.552703771318530964e-04 -1.198991714836688269e-03 -2.008988324785119118e-03 5.793147013594896269e-03 6.000397585802108406e-03 4.435242281569782077e-03 4.354317845329672490e-03
2.792174498703771553e-03 8.192444909630543963e-04 -1.499050899241703054e-03 -2.510924983655915717e-03 7.241516919711799699e-03 7.500911844209157305e-03 5.543736665750547202e-03 5.442566374037945826e-03
3.350244369577289830e-03 9.832812618188501493e-04 -1.799234595181323313e-03 -3.012737435261740853e-03 8.689919600078151174e-03 9.001592260437979443e-03 6.652104287904326077e-03 6.530682020825418974e-03
3.908192620545846048e-03 1.147380714354221320e-03 -2.099542807100673002e-03 -3.514425660447896733e-03 1.013835481057857174e-02 1.050243894095488802e-02 7.760345003728653761e-03 7.618664530874893343e-03
4.466019276032070356e-03 1.311542873254064939e-03 -2.399975539340055194e-03 -4.015989640067232913e-03 1.158682230669917483e-02 1.200345199219497033e-02 8.868458668614810289e-03 8.706513649147710338e-03
5.023724360588462112e-03 1.475767763233078308e-03 -2.700532796134145000e-03 -4.517429354979235999e-03 1.303532184352590960e-02 1.350463152056314599e-02 9.976445137649010697e-03 9.794229120386780188e-03
5.581307898897057244e-03 1.640055409036454519e-03 -3.001214581612637270e-03 -5.018744786050880966e-03 1.448385317574618636e-02 1.500597763243188831e-02 1.108430426560965548e-02 1.088181068911562785e-02
