0.000000000000000000e+00 0.000000000000000000e+00 0.000000000000000000e+00 0.000000000000000000e+00 0.000000000000000000e+00 0.000000000000000000e+00
3.015903525801907556e-03 -2.263639914636053760e-04 -2.789539534338253933e-03 7.596992179789191675e-03 1.063555443733957100e-02 6.536380141071775410e-03
6.034336900389891505e-03 -4.533691951991990514e-04 -5.580967705190550965e-03 1.519478143747048093e-02 2.127068518913817832e-02 1.307238688979235272e-02
9.055307027921628837e-03 -6.810187616170799811e-04 -8.374288266304418318e-03 2.279337130196380443e-02 3.190538529776605625e-02 1.960802367487150463e-02
1.207882084397115391e-02 -9.093158989078448107e-04 -1.116950494506304542e-02 3.039276530573007534e-02 4.253964780333795853e-02 2.614329392373389641e-02
1.510488531383980156e-02 -1.138263874372127688e-03 -1.396662143946753205e-02 3.799296698197580230e-02 5.317346574912089341e-02 3.267820105990588975e-02
1.813350743077830202e-02 -1.367866015783186957e-03 -1.676564141499480368e-02 4.559397986167305905e-02 6.380683218729775452e-02 3.921274850023209052e-02
2.116469421411506374e-02 -1.598125712782134684e-03 -1.956656850133259989e-02 5.319580747038866325e-02 7.443974018510397805e-02 4.574693965191092837e-02
2.419845270728999270e-02 -1.829046418307328850e-03 -2.236940628898218680e-02 6.079845332490572962e-02 8.507218283136229464e-02 5.228077790933563507e-02
2.723478997578709926e-02 -2.060631650058590558e-03 -2.517415832572807849e-02 6.840192092963039150e-02 9.570415324343768682e-02 5.881426665073642701e-02
3.027371310496491941e-02 -2.292884991996308255e-03 -2.798082811296812022e-02 7.600621377276653434e-02 1.063356445746392043e-01 6.534740923459900208e-02
