0.000000000000000000e+00 0.000000000000000000e+00 0.000000000000000000e+00 0.000000000000000000e+00
5.170434037663302826e-04 -5.654728932939599847e-04 2.362085810418897668e-03 2.637301433240810730e-03
1.033575514738626407e-03 -1.130330732805631417e-03 4.725164637180052224e-03 5.275844994225395608e-03
1.549595454706769165e-03 -1.694572358691980724e-03 7.089237720030814455e-03 7.915632325585767251e-03
2.065102342668195552e-03 -2.258196607220511361e-03 9.454306302472393481e-03 1.055666507505783822e-02
2.580095294797598356e-03 -2.821202310724600214e-03 1.182037163184911435e-02 1.319894489561873607e-02
3.094573424431236452e-03 -3.383588297579514289e-03 1.418743495937380139e-02 1.584247344552098744e-02
3.608535842051387339e-03 -3.945353392178934694e-03 1.655549754014704403e-02 1.848725238832414630e-02
4.121981655269970485e-03 -4.506496414911328845e-03 1.892456063318450135e-02 2.113328339293058314e-02
4.634909968813167268e-03 -5.067016182135331698e-03 2.129462550143646285e-02 2.378056813361685909e-02
5.147319884504349130e-03 -5.626911506155871621e-03 2.366569341181278679e-02 2.642910829007017251e-02
