0.000000000000000000e+00 0.000000000000000000e+00 0.000000000000000000e+00 0.000000000000000000e+00
1.594343223017165995e-02 -1.594343223017139280e-02 1.568660299138305292e-02 5.823294449260782782e-03
2.954639932762800555e-02 -2.954639932765210086e-02 3.133954204171163216e-02 1.168025283962639133e-02
3.779162148685726030e-02 -3.779162148755912942e-02 4.693164149498541687e-02 1.759805082649469957e-02
3.722785110518565810e-02 -3.722785111115400197e-02 6.242767304913409560e-02 2.361191671210293233e-02
2.775292385355689062e-02 -2.775292385355408731e-02 7.780735085695368591e-02 2.974213634622884656e-02
1.257613811918970384e-02 -1.257613811946066418e-02 9.307077833839370873e-02 3.598860630558189250e-02
-5.379699160386828757e-03 5.379699159510670237e-03 1.082476852196412598e-01 4.232159686475662347e-02
-2.430021371842489702e-02 2.430021371860223434e-02 1.233897726874453871e-01 4.868940683833340027e-02
-4.324151581435403680e-02 4.324151581408847145e-02 1.385273993317995833e-01 5.506167763397317588e-02
-6.179692805176804221e-02 6.179692805173556125e-02 1.536701717488269947e-01 6.142880265763226572e-02
