0.000000000000000000e+00 0.000000000000000000e+00 0.000000000000000000e+00 0.000000000000000000e+00
1.464656301653952087e-04 -8.284779602908037876e-04 1.607062968031562600e-04 2.297390557014389757e-03
2.928066233940881968e-04 -1.656376527883473464e-03 3.211273839946208672e-04 4.595276162801187163e-03
4.390229941175922404e-04 -2.483695467081676895e-03 4.812632516351810115e-04 6.893656136643139254e-03
5.851147567487206217e-04 -3.310434542701714417e-03 6.411138898780796569e-04 9.192529795539510634e-03
7.310819256841365101e-04 -4.136593520086746280e-03 8.006792889734616918e-04 1.149189645426524665e-02
8.769245153036105004e-04 -4.962172165107675732e-03 9.599594392657716810e-04 1.379175542536308606e-02
1.022642539970401547e-03 -5.787170244165137228e-03 1.118954331195115082e-03 1.609210601914083660e-02
1.168236014030335284e-03 -6.611587524190065852e-03 1.277663955296126337e-03 1.839294754366419329e-02
1.313704951812476665e-03 -7.435423772645655821e-03 1.436088302196640836e-03 2.069427930475297578e-02
1.459049367628141927e-03 -8.258678757527960698e-03 1.594227362619031300e-03 2.299610060597535866e-02
