0.000000000000000000e+00 0.000000000000000000e+00 0.000000000000000000e+00 0.000000000000000000e+00 0.000000000000000000e+00 0.000000000000000000e+00 0.000000000000000000e+00 0.000000000000000000e+00
3.962202171225978121e-04 2.826055854849744220e-04 -1.715357747188355278e-04 -7.663510130744358162e-04 9.962987987058870808e-04 1.123395218940982220e-03 1.538291675934807916e-03 2.427632822290841635e-03
7.921404063923769868e-04 5.652358764919349987e-04 -3.431281533151817292e-04 -1.532074086564139560e-03 1.992080672905678466e-03 2.246742328339313127e-03 3.076700745710371845e-03 4.856413458215465967e-03
1.187760665040235499e-03 8.478909032710752478e-04 -5.147771924252397043e-04 -2.297168395317644111e-03 2.987344869475629366e-03 3.370041358209302767e-03 4.615227406861601225e-03 7.286342203534386733e-03
1.583081090523642907e-03 1.130570696195345526e-03 -6.864829486923584813e-04 -3.061633113232592809e-03 3.982090635213525638e-03 4.493292338582029026e-03 6.153871857216120997e-03 9.717419352523428561e-03
1.978101780532409443e-03 1.413275285760398929e-03 -8.582454787690614985e-04 -3.825467413261098449e-03 4.976317216856172843e-03 5.616495299516377840e-03 7.692634294903681613e-03 1.214964519801173259e-02
2.372822832988209351e-03 1.696004702585307295e-03 -1.030064839316868416e-03 -4.588670467406843687e-03 5.970023861080754959e-03 6.739650271097887002e-03 9.231514918357042881e-03 1.458302003137209799e-02
2.767244346044508887e-03 1.978758977413030019e-03 -1.201941087006371282e-03 -5.351241446725461814e-03 6.963209814504670893e-03 7.862757283439464340e-03 1.077051392631368787e-02 1.701754414251921421e-02
3.161366418085919706e-03 2.261538141110653547e-03 -1.373874278517280608e-03 -6.113179521322026182e-03 7.955874323687170749e-03 8.985816366682067291e-03 1.230963151781378460e-02 1.945321781990057286e-02
3.555189147728184985e-03 2.544342224669817257e-03 -1.545864470538063466e-03 -6.874483860350346330e-03 8.948016635129512827e-03 1.010882755099428223e-02 1.384886789220365379e-02 2.189004135049371635e-02
3.948712633817540174e-03 2.827171259207308680e-03 -1.717911719766611464e-03 -7.635153632011215490e-03 9.939635995276465893e-03 1.123179086657290042e-02 1.538822324913593879e-02 2.432801501979670045e-02
