0.000000000000000000e+00 0.000000000000000000e+00 0.000000000000000000e+00 0.000000000000000000e+00 0.000000000000000000e+00 0.000000000000000000e+00 0.000000000000000000e+00 0.000000000000000000e+00
1.686710658769696898e-03 5.298612580606861704e-04 -2.238628522928119745e-04 -1.992709059783858046e-03 4.204612549245650630e-03 6.418996058243128799e-03 7.127351288968140734e-03 5.413782817403826712e-03
3.372011585167290770e-03 1.061478342899034718e-03 -4.456411423120552992e-04 -3.987848780872788740e-03 8.402560941251352791e-03 1.283343925824707160e-02 1.425819406346988394e-02 1.083529115415860986e-02
5.055874336768385012e-03 1.594879093144977627e-03 -6.653057670293814575e-04 -5.985447657870211075e-03 1.259374160669183250e-02 1.924327105962439846e-02 2.139258488644778244e-02 1.626463056762238180e-02
6.738269918073747956e-03 2.130091861724817560e-03 -8.828270613094787436e-04 -7.985534713338675317e-03 1.677804899413008061e-02 2.564843180805492090e-02 2.853058139816124980e-02 2.170190862329531359e-02
8.419168770024710105e-03 2.667145528723696875e-03 -1.098174783772529021e-03 -9.988139509684043280e-03 2.095537552597402653e-02 3.204886071419291160e-02 3.567224234483311329e-02 2.714723494188896885e-02
1.009854075647205300e-02 3.206069513606490430e-03 -1.311318102876089927e-03 -1.199329216176515597e-02 2.512561154979208941e-02 3.844449582627335049e-02 4.281762760512582144e-02 3.260072124894069362e-02
1.177635515025509533e-02 3.746893787779625225e-03 -1.522225582590154601e-03 -1.400102334985634314e-02 2.928864528821142552e-02 4.483527400191274215e-02 4.996679821737886468e-02 3.806248142586553945e-02
1.345258061887055767e-02 4.289648887507522407e-03 -1.730865167653114099e-03 -1.601136433298097975e-02 3.344436278736104273e-02 5.122113087909091478e-02 5.711981640763562351e-02 4.353263156251088728e-02
1.512718520972464870e-02 4.834365927193736909e-03 -1.937204168392989753e-03 -1.802434696262041405e-02 3.759264786380289713e-02 5.760200084627850603e-02 6.427674561849081036e-02 4.901129001125020812e-02
1.680013633494992914e-02 5.381076613040398221e-03 -2.141209245099589750e-03 -2.004000369681911004e-02 4.173338204990410805e-02 6.397781701168404889e-02 7.143765053877650095e-02 5.449857744267403575e-02
