0.000000000000000000e+00 0.000000000000000000e+00 0.000000000000000000e+00 0.000000000000000000e+00
3.860778952611851962e-04 -6.538190912089836531e-04 8.703271317798590015e-04 1.298052341625173306e-03
7.720770244684929066e-04 -1.307423342657373444e-03 1.740622940527473874e-03 2.595768542976917368e-03
1.157997397121197274e-03 -1.960812727421635225e-03 2.610887383015858283e-03 3.893148079698258331e-03
1.543839022735933987e-03 -2.613987218629323320e-03 3.481120416014558613e-03 5.190190427152205008e-03
1.929601910847189529e-03 -3.266946789464829620e-03 4.351321996288893407e-03 6.486895060438702121e-03
2.315286071007971371e-03 -3.919691413169967310e-03 5.221492080602583088e-03 7.783261454393509450e-03
2.700891512789022151e-03 -4.572221063042914216e-03 6.091630625715721212e-03 9.079289083587904763e-03
3.086418245779120641e-03 -5.224535712437985979e-03 6.961737588385658732e-03 1.037497742232855631e-02
3.471866279585141164e-03 -5.876635334765094830e-03 7.831812925367524422e-03 1.167032594465638833e-02
3.857235623832265016e-03 -6.528519903489246080e-03 8.701856593412497093e-03 1.296533412434705199e-02
