0.000000000000000000e+00 0.000000000000000000e+00 0.000000000000000000e+00 0.000000000000000000e+00
5.523192213846157481e-03 -5.523192213846155746e-03 9.964312484098463915e-03 1.693854739256519387e-02
1.105565058908596944e-02 -1.105565058908593128e-02 1.991473677374333909e-02 3.389098297958444139e-02
1.659740950023902428e-02 -1.659740950023890632e-02 2.985121709084338770e-02 5.085736253914843741e-02
2.214850372200768969e-02 -2.214850372200757866e-02 3.977369716878318556e-02 6.783774233787262520e-02
2.770896845754676485e-02 -2.770896845754661220e-02 4.968212024708712482e-02 8.483217913623235240e-02
3.327883937310358031e-02 -3.327883937310343460e-02 5.957642906608542899e-02 1.018407301938980408e-01
3.885815263977215883e-02 -3.885815263977207557e-02 6.945656586170911861e-02 1.188634532749380662e-01
4.444694498310046427e-02 -4.444694498310026304e-02 7.932247236057747564e-02 1.359004066527336463e-01
5.004525374126703868e-02 -5.004525374126680970e-02 8.917408977555903171e-02 1.529516491144159718e-01
5.565311693248922026e-02 -5.565311693248897740e-02 9.901135880203135176e-02 1.700172399646074917e-01
