0.000000000000000000e+00 0.000000000000000000e+00 0.000000000000000000e+00 0.000000000000000000e+00 0.000000000000000000e+00 0.000000000000000000e+00 0.000000000000000000e+00 0.000000000000000000e+00
2.051734862753523941e-03 2.535737428786629831e-04 -4.503115127577329803e-04 -1.854997099251682116e-03 5.068255115307545439e-03 7.960092028882856385e-03 7.589052926349261832e-03 5.578141669033849157e-03
4.104411009968450194e-03 5.069970459309792055e-04 -9.008852778138341441e-04 -3.710522784585841560e-03 1.013603635543192452e-02 1.592073219126301231e-02 1.517793181745121303e-02 1.115638306292601745e-02
6.158029680522900812e-03 7.602712607324658631e-04 -1.351722571923049147e-03 -5.566578375958107505e-03 1.520334233965754851e-02 2.388192210031072141e-02 2.276663804805596422e-02 1.673472262650285355e-02
8.212592089822612351e-03 1.013397788241203945e-03 -1.802824683217677058e-03 -7.423165201599800020e-03 2.027017165910620020e-02 3.184366337307515532e-02 3.035517298494034427e-02 2.231315878481554202e-02
1.026809943670460579e-02 1.266378070074210835e-03 -2.254192910996973519e-03 -9.280284602666144175e-03 2.533652289025228529e-02 3.980595764176313167e-02 3.794353800277684707e-02 2.789168995450871588e-02
1.232455290284243006e-02 1.519213589349309099e-03 -2.705828565969150418e-03 -1.113793793323989215e-02 3.040239459448967549e-02 4.776880655419446509e-02 4.553173448406919177e-02 3.347031454386337201e-02
1.438195365214823933e-02 1.771905871523973049e-03 -3.157732970494424307e-03 -1.299612656033045932e-02 3.546778531768179921e-02 5.573221177427239992e-02 5.311976381908523753e-02 3.904903095284296966e-02
1.644030283017277466e-02 2.024456485229554452e-03 -3.609907458825387713e-03 -1.485485186386750756e-02 4.053269358970267022e-02 6.369617498246459009e-02 6.070762740579167815e-02 4.462783757313803362e-02
1.849960156350434481e-02 2.276867043100923998e-03 -4.062353377346000251e-03 -1.671411523669025928e-02 4.559711792396103913e-02 7.166069787629773813e-02 6.829532664978810175e-02 5.020673278821192326e-02
2.055985095916638278e-02 2.529139202596664832e-03 -4.515072084806297584e-03 -1.857391808453048854e-02 5.066105681691562834e-02 7.962578217086363486e-02 7.588286296423996102e-02 5.578571497334640361e-02
