0.000000000000000000e+00 0.000000000000000000e+00 0.000000000000000000e+00 0.000000000000000000e+00 0.000000000000000000e+00 0.000000000000000000e+00 0.000000000000000000e+00 0.000000000000000000e+00
7.304886931807417323e-05 1.154501511181183453e-04 2.262659506876471115e-04 -9.121408751365386262e-04 1.382555565900674078e-04 8.166264155817418548e-04 1.692304022653403619e-03 3.226741598926052834e-03
1.460897574625835043e-04 2.308864208327629768e-04 4.524126661931471608e-04 -1.823288116831326463e-03 2.765043553712341834e-04 1.633265440624732511e-03 3.384459066393502059e-03 6.454938029432504519e-03
2.191226650490883437e-04 3.463088107922660409e-04 6.784400518720962343e-04 -2.733439980638126526e-03 4.147463957156209322e-04 2.449917071882011434e-03 5.076465021564102557e-03 9.684592093492981266e-03
2.921475926922610265e-04 4.617173226301242743e-04 9.043480127683521533e-04 -3.642594714452822725e-03 5.529816769934734573e-04 3.266581306091171678e-03 6.768321778200453616e-03 1.291570660497119022e-02
3.651645410056007400e-04 5.771119579645466076e-04 1.130136453614727279e-03 -4.550750558424928802e-03 6.912101985728463620e-04 4.083258139973326532e-03 8.460029226055491153e-03 1.614828439002442134e-02
4.381735106013608691e-04 6.924927183984510345e-04 1.355805278829159055e-03 -5.457905744899555975e-03 8.294319598208427539e-04 4.899947570235819484e-03 1.015158725459951693e-02 1.938232828718874229e-02
5.111745020905988967e-04 8.078596055192683711e-04 1.581354392511382647e-03 -6.364058498359497461e-03 9.676469601022786703e-04 5.716649593569557083e-03 1.184299575301457283e-02 2.261784114746691332e-02
5.841675160834474811e-04 9.232126208987075262e-04 1.806783698439424308e-03 -7.269207035366273897e-03 1.105855198779955159e-03 6.533364206650921907e-03 1.353425461019450333e-02 2.585482583441703341e-02
6.571525531887989534e-04 1.038551766092725035e-03 2.032093100066462935e-03 -8.173349564501039555e-03 1.244056675215989569e-03 7.350091406140173145e-03 1.522536371474027608e-02 2.909328522424060523e-02
7.301296140140953617e-04 1.153877042641520724e-03 2.257282500516888998e-03 -9.076484286304763865e-03 1.382251388769231357e-03 8.166831188681543743e-03 1.691632295495738500e-02 3.233322220587186296e-02
