0.000000000000000000e+00 0.000000000000000000e+00 0.000000000000000000e+00 0.000000000000000000e+00 0.000000000000000000e+00 0.000000000000000000e+00 0.000000000000000000e+00 0.000000000000000000e+00
1.356711287986589898e-03 1.159042591066897134e-03 1.740071210765563358e-04 -2.689761000130071883e-03 2.556220290340545549e-03 5.673833154232240349e-03 8.700831308190411575e-03 7.851613132412020926e-03
2.711238345817568087e-03 2.320260506324329022e-03 3.510378617863215648e-04 -5.382536713928293484e-03 5.104276556373851109e-03 1.134259632142946110e-02 1.740494244556164971e-02 1.571318044698510885e-02
4.063569605872655380e-03 3.483661244792993911e-03 5.311065144229546939e-04 -8.078337365088566688e-03 7.644136467253471318e-03 1.700627294272046008e-02 2.611234359264697630e-02 2.358474065290465382e-02
5.413693433453410989e-03 4.649252343822393718e-03 7.142274261391075123e-04 -1.077717320341486061e-02 1.017576749508503076e-02 2.266484637639284289e-02 3.482304504089710206e-02 3.146633262832544686e-02
6.761598126314135974e-03 5.817041379777119700e-03 9.004149979736360103e-04 -1.347905450406507687e-02 1.269913691274798806e-02 2.831829989699250621e-02 4.353705719613567421e-02 3.935799541999934065e-02
8.107271914194852727e-03 6.987035968751976155e-03 1.089683683869112308e-03 -1.618399156681592232e-02 1.521421179167749098e-02 3.396661669440371317e-02 5.225439058211886478e-02 4.725976824285074013e-02
9.450702958350806759e-03 8.159243767320247323e-03 1.282047989681952844e-03 -1.889199471535311925e-02 1.772095899961510096e-02 3.960977987289784202e-02 6.097505584421519798e-02 5.517169047949758293e-02
1.079187935108459444e-02 9.333672473315342971e-03 1.477522472191863077e-03 -2.160307429659190717e-02 2.021934519832203209e-02 4.524777245016299576e-02 6.969906375320165937e-02 6.309380167971419262e-02
1.213078911527500255e-02 1.051032982664469595e-02 1.676121738111970450e-03 -2.431724068003169453e-02 2.270933684125506918e-02 5.088057735630236583e-02 7.842642520918839677e-02 7.102614155983041910e-02
1.346742020390592938e-02 1.168922361013743569e-02 1.877860443105866962e-03 -2.703450425714951089e-02 2.519090017120255778e-02 5.650817743281004446e-02 8.715715124567420535e-02 7.896875000206469986e-02
