0.000000000000000000e+00 0.000000000000000000e+00 0.000000000000000000e+00 0.000000000000000000e+00 0.000000000000000000e+00 0.000000000000000000e+00 0.000000000000000000e+00 0.000000000000000000e+00
-1.076452884340379151e-04 1.042649126055686056e-04 1.669959625674412773e-04 -5.481492298985276776e-04 -2.883008238887022306e-04 6.912384344645284250e-04 2.281487710664622214e-03 2.418388218526718036e-03
-2.153043911110799754e-04 2.084852979884337673e-04 3.340319322263899824e-04 -1.095595115787247617e-03 -5.766430886119452027e-04 1.382393106064027126e-03 4.563189005222604080e-03 4.837914846910736436e-03
-3.229773109412198287e-04 3.126611436010817030e-04 5.011079356698464916e-04 -1.642336351515964873e-03 -8.650267762763302936e-04 2.073463967149176499e-03 6.845104010284972819e-03 7.258581878175968637e-03
-4.306640508370922216e-04 4.167924368718604953e-04 6.682239994698469616e-04 -2.188371625646924178e-03 -1.153451868995713711e-03 2.764450970036131609e-03 9.127232852237935484e-03 9.680391312759870082e-03
-5.383646137123905290e-04 5.208791652061271239e-04 8.353801500798031191e-04 -2.733699621408369231e-03 -1.441918348885295586e-03 3.455354067005055475e-03 1.140957565729228129e-02 1.210334515865186221e-02
-6.460790024828281033e-04 6.249213159853458151e-04 1.002576413832534027e-03 -3.278319016659971170e-03 -1.730426198065915851e-03 4.146173210302296804e-03 1.369213255148072836e-02 1.452744543144629009e-02
-7.538072200661212518e-04 7.289188765676720208e-04 1.169812816939001581e-03 -3.822228483859346684e-03 -2.018975398662057035e-03 4.836908352140131297e-03 1.597490366065850223e-02 1.695269415438795807e-02
-8.615492693814364019e-04 8.328718342873101367e-04 1.337089385486665231e-03 -4.365426690026902312e-03 -2.307565932802260050e-03 5.527559444695332239e-03 1.825788911049904678e-02 1.937909335842851605e-02
-9.693051533498710541e-04 9.367801764540795509e-04 1.504406145437482169e-03 -4.907912296712035535e-03 -2.596197782618060376e-03 6.218126440110422967e-03 2.054108902649407625e-02 2.180664508227444370e-02
-1.077074874894453022e-03 1.040643890354187679e-03 1.671763122626563139e-03 -5.449683959957082879e-03 -2.884870930246986962e-03 6.908609290492474277e-03 2.282450353395283627e-02 2.423535137243857523e-02
