0.000000000000000000e+00 0.000000000000000000e+00 0.000000000000000000e+00 0.000000000000000000e+00 0.000000000000000000e+00 0.000000000000000000e+00 0.000000000000000000e+00 0.000000000000000000e+00
1.123110547661670218e-03 1.384329619586190845e-03 3.878751431224608049e-04 -2.895315310370313519e-03 1.644926338272722664e-03 5.105682717840558972e-03 9.120699933021456443e-03 8.660662227208893588e-03
2.243341443810350708e-03 2.771079027333361346e-03 7.797275457652957193e-04 -5.794148016909129312e-03 3.279933988399600080e-03 1.020525294199021993e-02 1.824529703779243645e-02 1.733345846450600261e-02
3.360679510512842600e-03 4.160253890468793361e-03 1.175576131474798071e-03 -8.696509532456365293e-03 4.904988610633560960e-03 1.529869224852137451e-02 2.737380065539735119e-02 2.601843213447941477e-02
4.475111500422377514e-03 5.551859893690726591e-03 1.575439898969636238e-03 -1.160241129308303178e-02 6.520055670685078082e-03 2.038598213230560091e-02 3.650622025174464491e-02 3.471562681064108147e-02
5.586624096216075142e-03 6.945902739951036534e-03 1.979337920898641048e-03 -1.451186475706600296e-02 8.125100437221208574e-03 2.546710400604776381e-02 4.564256542242396686e-02 4.342508621602749613e-02
6.695203910029133912e-03 8.342388151290198312e-03 2.387289342586864163e-03 -1.742488140390643925e-02 9.720087979318460178e-03 3.054203919929381408e-02 5.478284589773693702e-02 5.214685422171517343e-02
7.800837482886579383e-03 9.741321869725171056e-03 2.799313380781675610e-03 -2.034147273339369580e-02 1.130498316386137521e-02 3.561076895740330345e-02 6.392707154790951141e-02 6.088097484523483788e-02
8.903511284130999348e-03 1.114270965819197379e-02 3.215429322400983198e-03 -2.326165026472434838e-02 1.287975065288921202e-02 4.067327444048837726e-02 7.307525238849396643e-02 6.962749224888115096e-02
1.000321171084628258e-02 1.254655730154375336e-02 3.635656523292528364e-03 -2.618542553568299625e-02 1.444435490088601635e-02 4.572953672232197425e-02 8.222739858598007712e-02 7.838645073790874440e-02
1.109992508727571797e-02 1.395287060760632206e-02 4.060014407009028721e-03 -2.911281010189133503e-02 1.599876015200970072e-02 5.077953678920836544e-02 9.138352046361825076e-02 8.715789475860491464e-02
