0.000000000000000000e+00 0.000000000000000000e+00 0.000000000000000000e+00 0.000000000000000000e+00 0.000000000000000000e+00 0.000000000000000000e+00 0.000000000000000000e+00 0.000000000000000000e+00
2.549201974853050785e-04 1.593381419811918840e-04 1.150755345558598923e-05 -7.471270941060619095e-04 8.162093108653201709e-04 6.600774063386011291e-04 1.353116531659065858e-03 2.548509679096667806e-03
5.096187557230244004e-04 3.185893961347499841e-04 2.305413634335481900e-05 -1.493632586263968741e-03 1.632122467173592519e-03 1.319927581757867610e-03 2.706260254716501626e-03 5.098522588375377362e-03
7.640957319005226185e-04 4.777536696679315453e-04 3.463972841523504909e-05 -2.239515432613281218e-03 2.447739160481585911e-03 1.979550452727909041e-03 4.059431168229828135e-03 7.650039811864615437e-03
1.018351183295230144e-03 6.368308697349538833e-04 4.626430940490574504e-05 -2.984774587520459734e-03 3.263059082364339319e-03 2.638945945716580314e-03 5.412629271249588293e-03 1.020306243393114508e-02
1.272385167276446826e-03 7.958209034386109571e-04 5.792785902734904653e-05 -3.729409003577014489e-03 4.078081924417913638e-03 3.298113987194143358e-03 6.765854562828633491e-03 1.275759153931668721e-02
1.526197741305178020e-03 9.547236778294206170e-04 6.963035697877626037e-05 -4.473417631595442111e-03 4.892807378254902112e-03 3.957054503633846212e-03 8.119107042020538498e-03 1.531362821313803947e-02
1.779788962933388438e-03 1.113539099906311718e-03 8.137178293617916341e-05 -5.216799420604281701e-03 5.707235135508755865e-03 4.615767421511502572e-03 9.472386707881683132e-03 1.787117354088558346e-02
2.033158889804588705e-03 1.272267076616348568e-03 9.315211655801513028e-05 -5.959553317843911159e-03 6.521364887830140983e-03 5.274252667306199988e-03 1.082569355947034934e-02 2.043022860842190133e-02
2.286307579652790620e-03 1.430907514854766168e-03 1.049713374832944384e-04 -6.701678268761499142e-03 7.335196326889227916e-03 5.932510167498849206e-03 1.217902759584713231e-02 2.299079450198196831e-02
2.539235090303037547e-03 1.589460321465146608e-03 1.168294253326104836e-04 -7.443173217006980071e-03 8.148729144373156180e-03 6.590539848573683836e-03 1.353238881607642108e-02 2.555287230816975785e-02
