0.000000000000000000e+00 0.000000000000000000e+00 0.000000000000000000e+00 0.000000000000000000e+00
5.076870366257316830e-03 -5.076870366257282136e-03 1.314152604529241972e-02 1.160481633804752791e-02
1.016234297085359672e-02 -1.016234297085348223e-02 2.629403302880545246e-02 2.319865173787471341e-02
1.525644137382836316e-02 -1.525644137382835275e-02 3.945771810073380598e-02 3.478130904928606465e-02
2.035918891044481011e-02 -2.035918891044467133e-02 5.263278322714129431e-02 4.635258630621830883e-02
2.547060865766638885e-02 -2.547060865766632987e-02 6.581943533628678566e-02 5.791227658041330634e-02
3.059072339847708488e-02 -3.059072339847709182e-02 7.901788646996497911e-02 6.946016783007524786e-02
3.571955558395596003e-02 -3.571955558395582819e-02 9.222835394003064957e-02 8.099604274334956666e-02
4.085712729301077539e-02 -4.085712729301075458e-02 1.054510604902899468e-01 9.251967857643017545e-02
4.600346018968394513e-02 -4.600346018968386186e-02 1.186862344639416089e-01 1.040308469861184887e-01
5.115857547793829785e-02 -5.115857547793828397e-02 1.319341099767554482e-01 1.155293138566449301e-01
