0.000000000000000000e+00 0.000000000000000000e+00 0.000000000000000000e+00 0.000000000000000000e+00 0.000000000000000000e+00 0.000000000000000000e+00 0.000000000000000000e+00 0.000000000000000000e+00 0.000000000000000000e+00 0.000000000000000000e+00
6.110581266323065726e-04 1.260114486843064347e-04 -4.481723288890552902e-05 -9.105853676216945573e-05 -6.159787608699297682e-04 2.023120011184414719e-03 1.209152393294301653e-03 1.040850573418069819e-03 1.163187186082840748e-03 2.163956076930274516e-03
1.221630197528250075e-03 2.519616642110751202e-04 -8.969436314826476748e-05 -1.820201969040468823e-04 -1.231456590641659193e-03 4.046817799739452909e-03 2.418259006821716229e-03 2.081499360418200602e-03 2.326279993851118263e-03 4.328889972814469432e-03
1.831715876992699634e-03 3.778506940268274317e-04 -1.346314726822071697e-04 -2.728850156042689624e-04 -1.846432992136560472e-03 6.071093068581416216e-03 3.627319896352744141e-03 3.121946339115019928e-03 3.489278414570128831e-03 6.494802370036963785e-03
2.441314829328807001e-03 5.036785857118873276e-04 -1.796286435446995539e-04 -3.636530282188728995e-04 -2.460907467464352842e-03 8.095945518935315083e-03 4.836335117830570587e-03 4.162191487813033872e-03 4.652182439565217056e-03 8.661693951646148859e-03
3.050426718840299097e-03 6.294453869824916939e-04 -2.246859579418325687e-04 -4.543242702825886644e-04 -3.074879518022274362e-03 1.012137485034458884e-02 6.045304727376407845e-03 5.202234785019009891e-03 5.814992060232405599e-03 1.082956540138057221e-02
3.659051209832788702e-03 7.551511456906872914e-04 -2.698034982313555238e-04 -5.448987775091910764e-04 -3.688348644493034609e-03 1.214738076066606588e-02 7.254228781291869460e-03 6.242076209441163245e-03 6.977707268036383546e-03 1.299841740367168111e-02
4.267187966613881361e-03 8.807959098246855066e-04 -3.149813469239593259e-04 -6.353765857919716755e-04 -4.301314346842654082e-03 1.417396294606505097e-02 8.463107336058732152e-03 7.281715739990877838e-03 8.140328054513064696e-03 1.516825064364338282e-02
4.874836653494364971e-03 1.006379727509564481e-03 -3.602195866826755325e-04 -7.257577312044662761e-04 -4.913776124319198073e-03 1.620112110101015745e-02 9.671940448339272356e-03 8.321153355781665817e-03 9.302854411268794352e-03 1.733906580711295706e-02
5.481996934788169011e-03 1.131902647007062678e-03 -4.055183003243476958e-04 -8.160422500000932226e-04 -5.525733475449616863e-03 1.822885491826802679e-02 1.088072817497709802e-02 9.360389036132512122e-03 1.046528632997953574e-02 1.951086358059355222e-02
6.088668474813893269e-03 1.257364716716533309e-03 -4.508775708190151292e-04 -9.062301786139822764e-04 -6.137185898038815916e-03 2.025716408889970122e-02 1.208947057299763692e-02 1.039942276056624731e-02 1.162762380239405757e-02 2.168364465129536678e-02
