0.000000000000000000e+00 0.000000000000000000e+00 0.000000000000000000e+00 0.000000000000000000e+00 0.000000000000000000e+00 0.000000000000000000e+00 0.000000000000000000e+00 0.000000000000000000e+00 0.000000000000000000e+00 0.000000000000000000e+00
1.079743153872868419e-03 4.211825701188213816e-04 -8.542340140106272333e-05 -4.178383976503062037e-04 -9.976639300987028957e-04 1.928404088859518150e-03 6.329731658720065372e-03 6.302137645966935514e-03 6.662081885076585192e-03 1.845247173318437673e-03
2.159287893995292477e-03 8.428168763206721984e-04 -1.712613520804387229e-04 -8.360442891828666519e-04 -1.994799134343416824e-03 3.855782240758006286e-03 1.266034916513671463e-02 1.260488965878179234e-02 1.332488706102191896e-02 3.689296763039826531e-03
3.238630451634198944e-03 1.264905279610607867e-03 -2.575166079430274684e-04 -1.254617628610210731e-03 -2.991401500119848615e-03 5.782131897242204395e-03 1.899185374125541420e-02 1.890826156230980548e-02 1.998841405385982928e-02 5.532146070826150439e-03
4.317767005722801706e-03 1.687450169762564744e-03 -3.441919788289579760e-04 -1.673558315282526118e-03 -3.987466886945642205e-03 7.707450470797494978e-03 2.532424661146125827e-02 2.521225892968003562e-02 2.665266137103202565e-02 7.373792379234599126e-03
5.396693683165991809e-03 2.110453964410470735e-03 -4.312903300209391510e-04 -2.092866195594153371e-03 -4.982991127682436655e-03 9.631735346460645539e-03 3.165752900969753120e-02 3.151688738575519899e-02 3.331762750330611450e-02 9.214232953654144520e-03
6.475406557943372450e-03 2.533919109021252891e-03 -5.188145838306524801e-04 -2.512541060360589870e-03 -5.977970028650209794e-03 1.155498388135824464e-02 3.799170217955328416e-02 3.782215260777300331e-02 3.998331092447040408e-02 1.105346504234051147e-02
7.553901650199066481e-03 2.957848076837635981e-03 -6.067677212269703170e-04 -2.932582642093083114e-03 -6.972399369755979959e-03 1.347719340424135062e-02 4.432676737435133074e-02 4.412806032599300710e-02 4.664971009102655136e-02 1.289148587645795596e-02
8.632174925316274394e-03 3.382243368790453092e-03 -6.951527835075271833e-04 -3.352990612168308369e-03 -7.966274904639759555e-03 1.539836121500509983e-02 5.066272585723516353e-02 5.043461632434703690e-02 5.331682344187594486e-02 1.472829267013249510e-02
9.710222292978009165e-03 3.807107513375829373e-03 -7.839728740132428236e-04 -3.773764577890902430e-03 -8.959592360835863523e-03 1.731848458420317052e-02 5.699957890125405269e-02 5.674182644109260210e-02 5.998464939800750989e-02 1.656388262051428431e-02
1.078803960621356299e-02 4.232443066498675285e-03 -8.732311598850565036e-04 -4.194904079446004630e-03 -9.952347439952612812e-03 1.923756075255003695e-02 6.333732778944911601e-02 6.304969656947032042e-02 6.665318636217633375e-02 1.839825290784855710e-02
