0.000000000000000000e+00 0.000000000000000000e+00 0.000000000000000000e+00 0.000000000000000000e+00 0.000000000000000000e+00 0.000000000000000000e+00 0.000000000000000000e+00 0.000000000000000000e+00 0.000000000000000000e+00 0.000000000000000000e+00
6.841516689461890535e-04 2.066549123053723776e-04 -2.672304170863336961e-06 -2.090963696596945969e-04 -6.681592564925670783e-04 2.259106308732457876e-03 1.308794487892571455e-03 1.305361522672130077e-03 1.283874514835097033e-03 2.195227855787694297e-03
1.367734452394505978e-03 4.133228136501923447e-04 -5.346840023796513590e-06 -4.182081921611536255e-04 -1.335737115605857821e-03 4.519162457960529053e-03 2.617496009536006071e-03 2.610652984481211161e-03 2.567597953423862017e-03 4.391180895890649596e-03
2.050747858023688024e-03 6.200039058581139359e-04 -8.023609596288951959e-06 -6.273356680038258892e-04 -2.002733113316225791e-03 6.780169080029443962e-03 3.926104614190614739e-03 3.915874546755911990e-03 3.851170184603652357e-03 6.587858939850401753e-03
2.733191392953638645e-03 8.266983912612621641e-04 -1.070261493622877237e-05 -8.364789981740674727e-04 -2.669146785281593937e-03 9.042126808650826145e-03 5.234620351505746977e-03 5.221026371331555921e-03 5.134591076813739378e-03 8.785261805010281463e-03
3.415064563750233335e-03 1.033406472703104475e-03 -1.338385810171006373e-05 -1.045638384149268595e-03 -3.334977666844386388e-03 1.130503627894646583e-02 6.543043271535434885e-03 6.526108620562974354e-03 6.417860498104367706e-03 1.098338930652572286e-02
4.096366876424627039e-03 1.240128353540181569e-03 -1.606734116170146272e-05 -1.254814027899492108e-03 -4.000225293031236043e-03 1.356889812745801054e-02 7.851373424739823206e-03 7.831121457325684182e-03 7.700978316132620766e-03 1.318224125735289153e-02
4.777097836430859584e-03 1.446864237643792628e-03 -1.875306619527341922e-05 -1.464006131888924162e-03 -4.664889198552527039e-03 1.583371299215500724e-02 9.159610861988635305e-03 9.136065045016522265e-03 8.983944398161814934e-03 1.538181746823779131e-02
5.457256948663296962e-03 1.653614329401584433e-03 -2.144103529269992186e-05 -1.673214899076948649e-03 -5.328968917802177040e-03 1.809948151244385184e-02 1.046775563456260605e-02 1.044093954755844281e-02 1.026675861105816497e-02 1.758211774770472927e-02
6.136843717455979508e-03 1.860378833719480811e-03 -2.413125055469151991e-05 -1.882440532920619507e-03 -5.992463984857073454e-03 2.036620432917594925e-02 1.177580779415618971e-02 1.174574512939963004e-02 1.154942082128902932e-02 1.978314190204386730e-02
6.815857646579654219e-03 2.067157956022722381e-03 -2.682371409277393000e-05 -2.091683237374881467e-03 -6.655373933476631948e-03 2.263388208465674789e-02 1.308376739288054716e-02 1.305048195551593987e-02 1.283193089492115115e-02 2.198488973529971052e-02
