0.000000000000000000e+00 0.000000000000000000e+00 0.000000000000000000e+00 0.000000000000000000e+00
7.268482133756943285e-05 -4.993706120177868841e-04 4.593116910464736325e-05 1.092721305081147034e-03
1.452665277588980404e-04 -9.984594929011905012e-04 9.163196222378864806e-05 2.185129350350804855e-03
2.177451175869646164e-04 -1.497266679755284748e-03 1.371023747924809619e-04 3.277223635310609357e-03
2.901205891568292734e-04 -1.995792209848948687e-03 1.823424023728261356e-04 4.369003659465828075e-03
3.623929408166869353e-04 -2.494036120616873950e-03 2.273520406557399248e-04 5.460468922337432564e-03
4.345621709277508937e-04 -2.991998449660067481e-03 2.721312854595168648e-04 6.551618923461878519e-03
5.066282778637145288e-04 -3.489679234744597330e-03 3.166801327290912375e-04 7.642453162391639639e-03
5.785912600109313414e-04 -3.987078513802058861e-03 3.609985785370632152e-04 8.732971138694813409e-03
6.504511157681716572e-04 -4.484196324928775047e-03 4.050866190822537539e-04 9.823172351957209711e-03
7.222078435463041976e-04 -4.981032706385784756e-03 4.489442506895043148e-04 1.091305630178001675e-02
