0.000000000000000000e+00 0.000000000000000000e+00 0.000000000000000000e+00 0.000000000000000000e+00
5.670900532104785133e-03 -5.670900532104760847e-03 1.221338209080200139e-02 1.214888293844403749e-02
1.135356166662143326e-02 -1.135356166662132918e-02 2.442673195925050555e-02 2.429779809924152018e-02
1.704803341990118737e-02 -1.704803341990106941e-02 3.664004924637167399e-02 3.644674584136639583e-02
2.275436611947718318e-02 -2.275436611947708257e-02 4.885333362160651505e-02 4.859572649537741151e-02
2.847261039283317807e-02 -2.847261039283311562e-02 6.106658478022446157e-02 6.074474036600571031e-02
3.420281715554661373e-02 -3.420281715554649576e-02 7.327980244025600332e-02 7.289378773521999755e-02
3.994503759877286730e-02 -3.994503759877265220e-02 8.549298633891158627e-02 8.504286886581022276e-02
4.569932317603006555e-02 -4.569932317602980881e-02 9.770613622844986912e-02 9.719198400551819217e-02
5.146572558922830887e-02 -5.146572558922805907e-02 1.099192518714595945e-01 1.093411333917545802e-01
5.724429677387939119e-02 -5.724429677387900955e-02 1.221323330355136016e-01 1.214903172569461592e-01
