0.000000000000000000e+00 0.000000000000000000e+00 0.000000000000000000e+00 0.000000000000000000e+00 0.000000000000000000e+00 0.000000000000000000e+00 0.000000000000000000e+00 0.000000000000000000e+00
-5.181461655662478140e-04 3.489917148671895040e-03 -5.511319906151073648e-04 -2.420638992490564689e-03 -6.611809669561895253e-04 8.335019432076195070e-03 1.403799447419114971e-02 3.569563985189580946e-03
-1.045227266082292619e-03 6.990260471600383621e-03 -1.104717126661233870e-03 -4.840316078856888790e-03 -1.325895512940061197e-03 1.667166540929760840e-02 2.808207597809369432e-02 7.134947974549296287e-03
-1.581346175421533603e-03 1.050108028325793565e-02 -1.660779285813675926e-03 -7.258954822022715275e-03 -1.994183286881960528e-03 2.500997007628029400e-02 4.213228691519761010e-02 1.069611706890584608e-02
-2.126607775317201909e-03 1.402242734405285962e-02 -2.219342886744407953e-03 -9.676476681991083226e-03 -2.666084718365613077e-03 3.334996636325843200e-02 5.618867040567423338e-02 1.425303564743520685e-02
-2.681119018075758375e-03 1.755435288043553227e-02 -2.780432917550333671e-03 -1.209280094480942591e-02 -3.341641042804366184e-03 4.169168801304673488e-02 7.025127030602278111e-02 1.780566734623766426e-02
-3.244988992108268234e-03 2.109690860745586441e-02 -3.344074967451375786e-03 -1.450784464789605169e-02 -4.020894327798977749e-03 5.003516960871685904e-02 8.432013123018283762e-02 2.135397503590268781e-02
-3.818328990437996548e-03 2.465014675409088821e-02 -3.910295262202799667e-03 -1.692152250145003908e-02 -4.703887500736842094e-03 5.838044660197072577e-02 9.839529857227864718e-02 2.489792079799096891e-02
-4.401252582351932764e-03 2.821412009170533655e-02 -4.479120703726722358e-03 -1.933374680562642556e-02 -5.390664377712752441e-03 6.672755534218335893e-02 1.124768185311829788e-01 2.843746590035087576e-02
-4.993875688380733542e-03 3.178888196604712918e-02 -5.050578914533521840e-03 -2.174442736313271160e-02 -6.081269693852834821e-03 7.507653310608618236e-02 1.265647381371008962e-01 3.197257077117041102e-02
-5.596316658799406138e-03 3.537448633323232727e-02 -5.624698287575150349e-03 -2.415347138685743078e-02 -6.775749135124797817e-03 8.342741812805298807e-02 1.406591052804158359e-01 3.550319497166153776e-02
