0.000000000000000000e+00 0.000000000000000000e+00 0.000000000000000000e+00 0.000000000000000000e+00 0.000000000000000000e+00 0.000000000000000000e+00
4.173410221993330304e-04 5.532217768117439309e-03 -5.949558790317403291e-03 2.209132403362057233e-03 1.261570709947723579e-02 7.443460820449175445e-03
7.861628358030354775e-04 1.113069181883136194e-02 -1.191685465463534696e-02 4.404906598161643580e-03 2.525362415169370156e-02 1.487806989672028554e-02
1.104039433026889538e-03 1.679635102335621383e-02 -1.790039045638449830e-02 6.586739600132229810e-03 3.791470057360494389e-02 2.230346079612603033e-02
1.368382281494287317e-03 2.253007135479321785e-02 -2.389845363628948643e-02 8.754009365566851192e-03 5.059994954635788772e-02 2.971924238122659531e-02
1.576426722460632463e-03 2.833266209272065905e-02 -2.990908881518374723e-02 1.090605151674088787e-02 6.331045339343945033e-02 3.712499670625879489e-02
1.725217081719480818e-03 3.420484970192466667e-02 -3.593006678364717155e-02 1.304215575826794295e-02 7.604736945912628221e-02 4.452027672233237199e-02
1.811590372307452304e-03 4.014725902627679782e-02 -4.195884939858787049e-02 1.516156195493538299e-02 8.881193653088390039e-02 5.190460377719572499e-02
1.832158460528319002e-03 4.616039138936953862e-02 -4.799254984990217188e-02 1.726345583920143797e-02 1.016054818517025810e-01 5.927746489539871544e-02
1.783288560288761844e-03 5.224459913892379181e-02 -5.402788769921762491e-02 1.934696431408857928e-02 1.144294287707171703e-01 6.663830982478510800e-02
1.661081916047726838e-03 5.840005611132383090e-02 -6.006113802737762103e-02 2.141115031456412160e-02 1.272853050831298238e-01 7.398654783518521239e-02
