0.000000000000000000e+00 0.000000000000000000e+00 0.000000000000000000e+00 0.000000000000000000e+00 0.000000000000000000e+00 0.000000000000000000e+00
3.770943676707059653e-04 -1.303140081281620122e-05 -4.247268205855759962e-04 8.961847105988925101e-04 1.945901567368307382e-03 1.073359706064011803e-03
7.539724493179126262e-04 -2.608374749476430191e-05 -8.492157799782213941e-04 1.792197296519265452e-03 3.892156040297391206e-03 2.146650855866188631e-03
1.130634273792290641e-03 -3.915708032749777774e-05 -1.273466894440086457e-03 2.688037564268989932e-03 5.838763812436081370e-03 3.219873288513788647e-03
1.507079869985948877e-03 -5.225143972719932615e-05 -1.697480180294636551e-03 3.583705320325535591e-03 7.785725278082911149e-03 4.293026843095160659e-03
1.883309266833631691e-03 -6.536686624674547435e-05 -2.121255653927435914e-03 4.479200371137147946e-03 9.733040832209299831e-03 5.366111358688605525e-03
2.259322493312372528e-03 -7.850340057629952436e-05 -2.544793331786135513e-03 5.374522523122857165e-03 1.168071087046090688e-02 6.439126674360093686e-03
2.635119578440834297e-03 -9.166108354382871749e-05 -2.968093230380211209e-03 6.269671582673683706e-03 1.362873578916134684e-02 7.512072629164660321e-03
3.010700551279523168e-03 -1.048399561158452865e-04 -3.391155366280572143e-03 7.164647356149845409e-03 1.557711598531403945e-02 8.584949062144030946e-03
3.386065440930051320e-03 -1.180400593978286710e-04 -3.813979756119651593e-03 8.059449649880142535e-03 1.752585185660430686e-02 9.657755812328498377e-03
3.761214276534786093e-03 -1.312614346348865962e-04 -4.236566416590667981e-03 8.954078270162701969e-03 1.947494380140206080e-02 1.073049271873349232e-02
