0.000000000000000000e+00 0.000000000000000000e+00 0.000000000000000000e+00 0.000000000000000000e+00
5.149737568551999902e-04 -5.161193578361413566e-04 1.730955332681139531e-03 1.735894656698765658e-03
1.029571032987539742e-03 -1.031877380949576626e-03 3.462319584923200747e-03 3.472268726945157424e-03
1.543791598042830622e-03 -1.547273893036186718e-03 5.194092505042101002e-03 5.209122392363808168e-03
2.057635221475416498e-03 -2.062308717820718774e-03 6.926273839470644192e-03 6.946455835357761947e-03
2.571101672546077972e-03 -2.576981679060137871e-03 8.658863332750437597e-03 8.684269239126496051e-03
3.084190720321468380e-03 -3.091292600543527926e-03 1.039186072751848919e-02 1.042256278767342281e-02
3.596902133673278087e-03 -3.605241306092733539e-03 1.212526576449455759e-02 1.216133666581114062e-02
4.109235681277080034e-03 -4.118827619562696538e-03 1.385907818246796472e-02 1.390059105917139728e-02
4.621191131611097208e-03 -4.632051364841892685e-03 1.559329771828619517e-02 1.564032615420882233e-02
5.132768252955549095e-03 -5.144912365853100168e-03 1.732792410684101322e-02 1.738054213821123295e-02
