0.000000000000000000e+00 0.000000000000000000e+00 0.000000000000000000e+00 0.000000000000000000e+00 0.000000000000000000e+00 0.000000000000000000e+00 0.000000000000000000e+00 0.000000000000000000e+00 0.000000000000000000e+00 0.000000000000000000e+00
6.592885030384604489e-04 1.646945420646266436e-04 -1.656417045953480246e-05 -1.800745419145659938e-04 -5.640994092489738827e-04 2.222665536971525375e-03 1.354013744013858166e-03 1.260091073391153690e-03 1.197897789418564223e-03 1.846113764261311059e-03
1.318561258734172320e-03 3.292476312974481419e-04 -3.330347138384013363e-05 -3.601754802463721971e-04 -1.127172554152354716e-03 4.448515411540493632e-03 2.708876137369740835e-03 2.520070333754707154e-03 2.394760255305086651e-03 3.690448471447687132e-03
1.977825000464849409e-03 4.936579788027027280e-04 -5.022046606442318978e-05 -5.403039879956389761e-04 -1.689211521740631309e-03 6.677588476871972392e-03 4.064601465151237991e-03 3.779937728267660293e-03 3.590573061342589977e-03 5.532965884073226016e-03
2.637086598519983865e-03 6.579242686515260992e-04 -6.731776848739209581e-05 -7.204612597745047899e-04 -2.250208247392483304e-03 8.909924361347680566e-03 5.421204296621667112e-03 5.039693202114879991e-03 4.785321585700740878e-03 7.373626999902673125e-03
3.296353063879702439e-03 8.220451571587265513e-04 -8.459804471106828158e-05 -9.006485124111298984e-04 -2.810154510719223894e-03 1.114556348952591182e-02 6.778699492910866646e-03 6.299336698454977880e-03 5.978990913396520744e-03 9.212392031650524019e-03
3.955631551675430416e-03 9.860192721565061869e-04 -1.020640141738896457e-04 -1.080866985480085111e-03 -3.369041931584486338e-03 1.338454710222176415e-02 8.137102214342377404e-03 7.558868158348978732e-03 7.171565828919199310e-03 1.104922038731330491e-02
4.614929364752890471e-03 1.149845212246931436e-03 -1.197184510411707293e-04 -1.261117941845752398e-03 -3.926861966003711291e-03 1.562691727720357318e-02 9.496427927979779818e-03 8.818287520679870053e-03 8.363030808629408688e-03 1.288407064990723140e-02
5.274253957339227437e-03 1.313521546028561995e-03 -1.375641855926245066e-04 -1.441402668222671471e-03 -4.483605901913776184e-03 1.787271695051512524e-02 1.085669241540646382e-02 1.007759472207590476e-02 9.553370012931201513e-03 1.471690055659588374e-02
5.933612938822288574e-03 1.477046811300386335e-03 -1.556041056550292909e-04 -1.621722475751899602e-03 -5.039264854812254731e-03 2.012198993845695089e-02 1.221791178073936349e-02 1.133678969682782797e-02 1.074256727819985352e-02 1.654766697717271681e-02
6.593014077641595749e-03 1.640419514239576000e-03 -1.738411580746504741e-04 -1.802078700592513617e-03 -5.593829763260623790e-03 2.237478096024460295e-02 1.358010245889168001e-02 1.259587237680186156e-02 1.193060610846379682e-02 1.837632589189137217e-02
