0.000000000000000000e+00 0.000000000000000000e+00 0.000000000000000000e+00 0.000000000000000000e+00 0.000000000000000000e+00 0.000000000000000000e+00 0.000000000000000000e+00 0.000000000000000000e+00 0.000000000000000000e+00 0.000000000000000000e+00
1.309980927302359550e-03 5.195181981229521351e-04 6.136180721982365579e-05 -4.501513212302282155e-04 -1.440709607845724362e-03 3.419035216256622375e-03 4.448960093109560927e-03 4.764524169318612966e-03 4.840155630705487468e-03 3.912165956056961463e-03
2.619922807763147392e-03 1.038996793739695428e-03 1.228697634853501424e-04 -9.001381537037466503e-04 -2.881651207683363827e-03 6.837990407820052421e-03 8.897239614381595441e-03 9.528672037620191868e-03 9.680371196051812052e-03 7.825408870045461734e-03
3.929825305495971907e-03 1.558435811220028593e-03 1.845245498919077624e-04 -1.349960710938527108e-03 -4.322824952036029289e-03 1.025686439817656039e-02 1.334483721065744637e-02 1.429244335726835222e-02 1.452064745626220274e-02 1.173973076402431287e-02
5.239688078751639916e-03 2.077835271822183784e-03 2.463268503689187809e-04 -1.799619207805114611e-03 -5.764230989471676864e-03 1.367565599863586855e-02 1.779175152306865931e-02 1.905583788954293145e-02 1.936098517675449368e-02 1.565513365885378566e-02
6.549510781885491822e-03 2.597195194946430585e-03 3.082773505131920690e-04 -2.249113857514254116e-03 -7.205869466131487738e-03 1.709436401103872974e-02 2.223798118694082435e-02 2.381885540396005974e-02 2.420138512815771248e-02 1.957161957722459641e-02
7.859293065309873663e-03 3.116515598102003078e-03 3.703767374998378440e-04 -2.698444871461089418e-03 -8.647740525717623195e-03 2.051298722766410274e-02 2.668352483173764070e-02 2.858149567844573205e-02 2.904184808634437467e-02 2.348919054359374300e-02
9.169034575447480850e-03 3.635796496875133652e-03 4.326256999902240545e-04 -3.147612459064670978e-03 -1.008984430948070207e-02 2.393152443113641739e-02 3.112838108099931500e-02 3.334375849952420090e-02 3.388237483246143295e-02 2.740784858412608285e-02
1.047873495468312072e-02 4.155037904895164322e-03 4.950249280387495222e-04 -3.596616827603511726e-03 -1.153218095621096409e-02 2.734997439433102528e-02 3.557254855228466489e-02 3.810564366249848123e-02 3.872296615296518668e-02 3.132759572662820180e-02
1.178839384131588966e-02 4.674239833802110861e-03 5.575751129953104152e-04 -4.045458182047035472e-03 -1.297475060222810610e-02 3.076833588027816715e-02 4.001602585710924836e-02 4.286715097163982385e-02 4.356362283965233007e-02 3.524843400048599529e-02
1.309801086951142141e-02 5.193402293213206927e-03 6.202769474075772033e-04 -4.494136724882961086e-03 -1.441755338137497636e-02 3.418660764206715719e-02 4.445881160088569622e-02 4.762828024037624869e-02 4.840434568969434470e-02 3.917036543659831865e-02
