0.000000000000000000e+00 0.000000000000000000e+00 0.000000000000000000e+00 0.000000000000000000e+00 0.000000000000000000e+00 0.000000000000000000e+00 0.000000000000000000e+00 0.000000000000000000e+00 0.000000000000000000e+00 0.000000000000000000e+00
1.790108711269476312e-04 2.036186288329531850e-04 1.202147345049734155e-04 -9.195189983902043594e-05 -8.712127109394342825e-04 3.807768285719279619e-04 5.290688887940073019e-04 1.081554912765034324e-03 1.661789931873429221e-03 3.112940383445801391e-03
3.542940707788535420e-04 4.075872802760484087e-04 2.414917936573667510e-04 -1.832345135316006265e-04 -1.744833047755850811e-03 7.471487330289137150e-04 1.052314750117218280e-03 2.162951724420793514e-03 3.329220131517081436e-03 6.241733278435436343e-03
5.258027332421312018e-04 6.119086475079568493e-04 3.638443324419541138e-04 -2.738378848287954933e-04 -2.620889270685677810e-03 1.098924452571303605e-03 1.569663122016574366e-03 3.244187872039920248e-03 5.002363427825545078e-03 9.386584386610764136e-03
6.934891138509931274e-04 8.165854287001152179e-04 4.872857246210560915e-04 -3.637518518036397157e-04 -3.499410003883503002e-03 1.435909598884488412e-03 2.081038283799961728e-03 4.325260719255558800e-03 6.681293860537590446e-03 1.254770295016971807e-02
8.573045685194582120e-04 1.021620326252487693e-03 6.118295672481815183e-04 -4.529660417226632064e-04 -4.380424240503651666e-03 1.757906593330794921e-03 2.586363229686910927e-03 5.406167554064198952e-03 8.366086705125909059e-03 1.572530182711889823e-02
1.017199532707426012e-03 1.227016045986156116e-03 7.374896852902311636e-04 -5.414698657667662640e-04 -5.263961347839227201e-03 2.064714602659698667e-03 3.085559641815309971e-03 6.486905586553560338e-03 1.005681849828842130e-02 1.891959756842158391e-02
1.173123499809996650e-03 1.432775296294234871e-03 8.642801363651553184e-04 -6.292525135983444758e-04 -6.150051072521285113e-03 2.356129473187029266e-03 3.578547862566966269e-03 7.567471946559340551e-03 1.175356706406770028e-02 2.213081049709154924e-02
1.325024998945745084e-03 1.638900787244716457e-03 9.922152155943566709e-04 -7.163029477690499146e-04 -7.038723545771708411e-03 2.631943663410614073e-03 4.065246866208818873e-03 8.647863681243704234e-03 1.345641154060430410e-02 2.535916478929690562e-02
1.472851572131308540e-03 1.845395229636327206e-03 1.121309460574676075e-03 -8.026098979646075372e-04 -7.930009288716930588e-03 2.891946175012565477e-03 4.545574229819150831e-03 9.728077752589421243e-03 1.516543240755323547e-02 2.860488855752363335e-02
1.616549750816170848e-03 2.052261334005195132e-03 1.251577656473734342e-03 -8.881618550770156457e-04 -8.823939217754319178e-03 3.135922482211635394e-03 5.019446103482399189e-03 1.080811103482008650e-02 1.688071151417333896e-02 3.186821393586775075e-02
