0.000000000000000000e+00 0.000000000000000000e+00 0.000000000000000000e+00 0.000000000000000000e+00 0.000000000000000000e+00 0.000000000000000000e+00
5.788315526445173085e-04 -3.370218533806010862e-05 -5.564729096233236253e-04 1.735731606691791329e-03 1.320029959182612584e-03 1.711843225763454374e-03
1.157248726006653494e-03 -6.744698925153263711e-05 -1.112542591238344526e-03 3.471678754760511212e-03 2.640188781332607031e-03 3.423965087868892018e-03
1.735251362007422240e-03 -1.012344774828662070e-04 -1.668208882944096543e-03 5.207840804239000955e-03 3.960476744719247308e-03 5.136365235830876036e-03
2.312839302842973049e-03 -1.350647159071246043e-04 -2.223471622967849483e-03 6.944217113568140927e-03 5.280894128072748106e-03 6.849043318346541807e-03
2.890012390989211456e-03 -1.689377705340678107e-04 -2.778330649668406174e-03 8.680807039609814146e-03 6.601441210589002392e-03 8.561998983310517564e-03
3.466770469203065384e-03 -2.028537075084452127e-04 -3.332785801535761809e-03 1.041760993764627094e-02 7.922118271933120681e-03 1.027523187781333516e-02
4.043113380523718527e-03 -2.368125931104954861e-04 -3.886836917191614175e-03 1.215462516137368922e-02 9.242925592240425897e-03 1.198874164814011170e-02
4.619040968272222422e-03 -2.708144937565275527e-04 -4.440483835389485295e-03 1.389185206289952727e-02 1.056386345211750982e-02 1.370252793976757359e-02
5.194553076053069415e-03 -3.048594759991538733e-04 -4.993726395014611713e-03 1.562928999273880196e-02 1.188493213264390537e-02 1.541659039736434193e-02
5.769649547755147621e-03 -3.389476065282269273e-04 -5.546564435084997899e-03 1.736693829980964776e-02 1.320613191537283772e-02 1.713092866478693743e-02
