0.000000000000000000e+00 0.000000000000000000e+00 0.000000000000000000e+00 0.000000000000000000e+00 0.000000000000000000e+00 0.000000000000000000e+00 0.000000000000000000e+00 0.000000000000000000e+00
1.674312353512845365e-03 1.238870387794313143e-05 2.705394671225396300e-04 -1.957240524513343630e-03 3.791139130855534101e-03 7.800997286185420466e-03 8.939950688566782044e-03 3.112846890594812149e-03
3.349910486175796016e-03 2.312544997800248386e-05 5.429056414709557740e-04 -3.915941577624562804e-03 7.579841395355747628e-03 1.560407619407068805e-02 1.788248875515174863e-02 6.223461647827268836e-03
5.026791876100564563e-03 3.219141151210931813e-05 8.171153171112758087e-04 -5.876098604723755184e-03 1.136609169507909155e-02 2.340924903213243563e-02 2.682762762465726314e-02 9.331833636738862472e-03
6.704953922730202617e-03 3.956746874109358381e-05 1.093185543379963411e-03 -7.837706934851203233e-03 1.514987477643690329e-02 3.121652822340038533e-02 3.577538086683944990e-02 1.243795211813345826e-02
8.384393945586760336e-03 4.523420288418157631e-05 1.371133630192844163e-03 -9.800761778663503315e-03 1.893117522797134120e-02 3.902592630722481054e-02 4.472576219897245187e-02 1.554180624684427942e-02
1.006510918302843706e-02 4.917188987978160508e-05 1.650977153439863766e-03 -1.176525822634790289e-02 2.270997747760034741e-02 4.683745594105331173e-02 5.367878548860335192e-02 1.864338506995844719e-02
1.174709679102001712e-02 5.136049399686324138e-05 1.932733960465445738e-03 -1.373119124548207760e-02 2.648626578980218041e-02 5.465112990221888262e-02 6.263446475640038758e-02 2.174267752499624284e-02
1.343035384191984885e-02 5.177966128694713732e-05 2.216422175629718244e-03 -1.569855567883622280e-02 3.026002426274383705e-02 6.246696108973605333e-02 7.159281417909944822e-02 2.483967243804081904e-02
1.511487732328824218e-02 5.040871287797805272e-05 2.502060205947346377e-03 -1.766734624211319452e-02 3.403123682534598543e-02 7.028496252610698380e-02 8.055384809255300427e-02 2.793435852181698487e-02
1.680066413672180736e-02 4.722663810054119476e-05 2.789666746801124086e-03 -1.963755752162323412e-02 3.779988723428930747e-02 7.810514735913304252e-02 8.951758099488475728e-02 3.102672437371843672e-02
