0.000000000000000000e+00 0.000000000000000000e+00 0.000000000000000000e+00 0.000000000000000000e+00
5.172074007158732403e-03 -5.172074007158706382e-03 1.298051171671504855e-02 1.205962672760288977e-02
1.035253496213815391e-02 -1.035253496213814697e-02 2.596267257863186378e-02 2.411760431000391919e-02
1.554140899174674684e-02 -1.554140899174676418e-02 3.894648730765742223e-02 3.617392802529634938e-02
2.073872233204592658e-02 -2.073872233204585372e-02 5.193196062729354967e-02 4.822859314997839097e-02
2.594450132722400659e-02 -2.594450132722397190e-02 6.491909726563221961e-02 6.028159495595748762e-02
3.115877242948655174e-02 -3.115877242948641296e-02 7.790790195852988209e-02 7.233292870737802194e-02
3.638156220009886033e-02 -3.638156220009872155e-02 9.089837945294426680e-02 8.438258965728118177e-02
4.161289731173244133e-02 -4.161289731173235806e-02 1.038905345104331329e-01 9.643057304411081776e-02
4.685280455228052476e-02 -4.685280455228030272e-02 1.168843719108014073e-01 1.084768740880599214e-01
5.210131083032432109e-02 -5.210131083032421007e-02 1.298798964558978974e-01 1.205214879872816697e-01
