0.000000000000000000e+00 0.000000000000000000e+00 0.000000000000000000e+00 0.000000000000000000e+00 0.000000000000000000e+00 0.000000000000000000e+00
1.680587270927283525e-03 2.092455744162353276e-03 -3.773043015089604709e-03 1.679996704092717513e-03 1.025193598048534417e-02 1.175810342703519779e-02
3.359774739006283085e-03 4.190422919996786288e-03 -7.550197659002961387e-03 3.356138794935542135e-03 2.050068593678233339e-02 2.352324749150912567e-02
5.037558976057659316e-03 6.293920108376457705e-03 -1.133147908443391493e-02 5.028428088576142665e-03 3.074624010265153765e-02 3.529544014361223059e-02
6.713936499221062268e-03 8.402966022942524177e-03 -1.511690252216331583e-02 6.696866273369235338e-03 4.098858891690258105e-02 4.707468925618159272e-02
8.388903772346266441e-03 1.051757951160262397e-02 -1.890648328394861286e-02 8.361454906443200816e-03 5.122772302920662602e-02 5.886100262241683589e-02
1.006245720779119605e-02 1.263777955859266174e-02 -2.270023676638352125e-02 1.002219541026911839e-02 6.146363330563106575e-02 7.065438795377985970e-02
1.173459316865618426e-02 1.476358528717157219e-02 -2.649817845582744247e-02 1.167908906933285730e-02 7.169631083390963500e-02 8.245485287805097430e-02
1.340530797148524120e-02 1.689501596302667510e-02 -3.030032393451145140e-02 1.333213702691175492e-02 8.192574692845787376e-02 9.426240493753712535e-02
1.507459788946651641e-02 1.903209099846910751e-02 -3.410668888793506881e-02 1.498134028195328635e-02 9.215193313516271967e-02 1.060770515874040754e-01
1.674245915616314265e-02 2.117482995751238800e-02 -3.791728911367489574e-02 1.662669968605232779e-02 1.023748612359707683e-01 1.178988001941105729e-01
