0.000000000000000000e+00 0.000000000000000000e+00 0.000000000000000000e+00 0.000000000000000000e+00 0.000000000000000000e+00 0.000000000000000000e+00 0.000000000000000000e+00 0.000000000000000000e+00 0.000000000000000000e+00 0.000000000000000000e+00
1.635274383134795086e-03 3.515372855896889068e-04 -2.276880364351584717e-04 -6.536125078741360055e-04 -1.105511121345902721e-03 4.620624490154645429e-03 5.363991438781210395e-03 4.727073071414061335e-03 3.816669841101025164e-03 2.629290823463258358e-03
3.271493271610624066e-03 7.023453062939237620e-04 -4.559828838255500314e-04 -1.307614931062162393e-03 -2.210240759909261419e-03 9.244977884812294322e-03 1.072968212295601423e-02 9.453751708167076884e-03 7.630980360496081652e-03 5.255907247573092002e-03
4.908659714177230488e-03 1.052420646981880054e-03 -6.848862131131699081e-04 -1.962008546782982067e-03 -3.314185598117294282e-03 1.387307249281196850e-02 1.609707769820286488e-02 1.418003536663914668e-02 1.144292487078066300e-02 7.879838554657838876e-03
6.546776766053741953e-03 1.401759865998033951e-03 -9.143996977834046094e-04 -2.616794631037743304e-03 -4.417342300047043951e-03 1.850492066782024811e-02 2.146618384038299909e-02 1.890592351174500904e-02 1.525249665078008687e-02 1.050107397144857055e-02
8.185847492002221518e-03 1.750359497221640973e-03 -1.144525015299747116e-03 -3.271974458035582962e-03 -5.519707512667051605e-03 2.314053481380832014e-02 2.683700625391718941e-02 2.363141561598496726e-02 1.905968894689350282e-02 1.311960267065646370e-02
9.825874966299587288e-03 2.098216049883386454e-03 -1.375263847090421945e-03 -3.927549300097496129e-03 -6.621277865735734035e-03 2.777992738528428651e-02 3.220955067203307154e-02 2.835651115961369817e-02 2.286449497279677279e-02 1.573541377061188698e-02
1.146686227270912045e-02 2.445326008380778113e-03 -1.606617878534494139e-03 -4.583520427561540642e-03 -7.722049971696783727e-03 3.242311088753142834e-02 3.758382285701850067e-02 3.308120963081618432e-02 2.666690790914497816e-02 1.834849633490599763e-02
1.310881250445231072e-02 2.791685832092365843e-03 -1.838588798948018362e-03 -5.239889108685667415e-03 -8.822020425576313635e-03 3.707009787684152624e-02 4.295982860047611179e-02 3.780551052588065897e-02 3.046692090326907562e-02 2.095883937202412672e-02
1.475172876417849693e-02 3.137291955192693556e-03 -2.071178301569514928e-03 -5.896656609551615032e-03 -9.921185804878151007e-03 4.172090096075464077e-02 4.833757372358455512e-02 4.252941334937279660e-02 3.426452706886953803e-02 2.356643183498166247e-02
1.639561416393614524e-02 3.482140786465518032e-03 -2.304388083545186490e-03 -6.553824193968053186e-03 -1.101954266947930729e-02 4.637553279829705055e-02 5.371706407735865607e-02 4.725291761431350129e-02 3.805971948570699426e-02 2.617126262095536768e-02
