0.000000000000000000e+00 0.000000000000000000e+00 0.000000000000000000e+00 0.000000000000000000e+00 0.000000000000000000e+00 0.000000000000000000e+00
4.938990638012769876e-04 5.545220064975282008e-06 -5.259615862484387115e-04 1.632876121304198142e-03 1.050221038218880805e-03 1.758880722629487924e-03
9.873051172306400794e-04 1.113686099304700980e-05 -1.051698683564650195e-03 3.265574210339799652e-03 2.100364862550586909e-03 3.518911937408857136e-03
1.480216324775169559e-03 1.677548174670079377e-05 -1.577212651164659231e-03 4.898085922618024453e-03 3.150431470369694561e-03 5.280102188855770491e-03
1.972630824241013072e-03 2.246165044379688048e-05 -2.102504873698107183e-03 6.530402774624292916e-03 4.200420858914232988e-03 7.042460161094377807e-03
2.464546726132166733e-03 2.819594457081848731e-05 -2.627576761853463953e-03 8.162516140669182768e-03 5.250333025288952613e-03 8.805994681065911281e-03
2.955962113081589578e-03 3.397895117860693298e-05 -3.152429752896932294e-03 9.794417249939105577e-03 6.300167966460865944e-03 1.057071472150085921e-02
3.446875039268501931e-03 3.981126707986199918e-05 -3.677065311224390638e-03 1.142609718347399085e-02 7.349925679254171347e-03 1.233662940396929204e-02
3.937283529820007934e-03 4.569349905657695189e-05 -4.201484928927455911e-03 1.305754687106540704e-02 8.399606160348134509e-03 1.410374800200394491e-02
4.427185580197980086e-03 5.162626406710128487e-05 -4.725690126374110234e-03 1.468875708808139308e-02 9.449209406268406150e-03 1.587207994430709160e-02
4.916579155570460942e-03 5.761018946218989331e-05 -5.249682452801832794e-03 1.631971845220797981e-02 1.049873541338569236e-02 1.764163481803330408e-02
