0.000000000000000000e+00 0.000000000000000000e+00 0.000000000000000000e+00 0.000000000000000000e+00 0.000000000000000000e+00 0.000000000000000000e+00 0.000000000000000000e+00 0.000000000000000000e+00 0.000000000000000000e+00 0.000000000000000000e+00
4.707046444870253369e-04 1.535670783725211620e-04 1.671556974222005517e-05 -1.380362361152025219e-04 -5.670746639206173615e-04 1.536184279007046967e-03 1.003572871742188085e-03 1.068250620661385106e-03 1.161055353814969540e-03 1.916057926318421581e-03
9.406141765132762077e-04 3.071604053857047750e-04 3.357605031299104256e-05 -2.759596046029361757e-04 -1.134191615890940783e-03 3.070809878640847011e-03 2.006295841297729785e-03 2.136418724206401616e-03 2.322825970929506649e-03 3.834690750323038917e-03
1.409723156009396253e-03 4.607807719637616755e-04 5.058320434775522923e-05 -4.137692014127029513e-04 -1.701355490236440950e-03 4.603850360482887941e-03 3.008159009002566320e-03 3.204504261914519533e-03 3.485321710913135643e-03 5.755925367365211445e-03
1.878026055184052511e-03 6.144289811123155014e-04 6.773882356033789423e-05 -5.514641066446094751e-04 -2.268570999075755421e-03 6.135278845905449072e-03 4.009152310793412909e-03 4.272507183680134511e-03 4.648552596805399610e-03 7.679789120382010149e-03
2.345517256548796618e-03 7.681058482071850910e-04 8.504472939962313288e-05 -6.890433842020699754e-04 -2.835842934127245918e-03 7.665068006353129536e-03 5.009265514545949843e-03 5.340427437992303905e-03 5.812528818807458433e-03 9.606309810016144812e-03
2.812191051004432358e-03 9.218122012375105315e-04 1.025027736727250220e-04 -8.265060814362977732e-04 -3.403176168332704490e-03 9.193190053965202488e-03 6.008488216555742285e-03 6.408264971895895681e-03 6.977260737775378870e-03 1.153551570423016863e-02
3.278041635875519975e-03 1.075548881053835530e-03 1.201148391827784655e-04 -9.638512287827969045e-04 -3.970575657520162074e-03 1.071961673195824527e-02 7.006809837925577142e-03 7.476019730947289221e-03 8.142758888801945177e-03 1.346743554816959287e-02
3.743063112896094849e-03 1.229316741622854319e-03 1.378828403807375795e-04 -1.101077839387598276e-03 -4.538046442107666022e-03 1.224431930476877622e-02 8.004219620866134463e-03 8.543691659169058705e-03 9.309033984889235683e-03 1.540209857427326037e-02
4.207249486141613655e-03 1.383116650287394018e-03 1.558087240387279085e-04 -1.238184908723932937e-03 -5.105593648849892502e-03 1.376726854794557697e-02 9.000706624898536373e-03 9.611280699004394121e-03 1.047609692071250001e-02 1.733953451264519385e-02
4.670594659907330304e-03 1.536949488033118602e-03 1.738944699342641765e-04 -1.375171414197795105e-03 -5.673222492627047996e-03 1.528843473778641014e-02 9.996259722960008226e-03 1.067878679127113629e-02 1.164395877648407088e-02 1.927977360168790788e-02
