0.000000000000000000e+00 0.000000000000000000e+00 0.000000000000000000e+00 0.000000000000000000e+00 0.000000000000000000e+00 0.000000000000000000e+00
3.635383327881169541e-03 -1.432509568884640996e-03 -2.202873758996453084e-03 6.444740635667128327e-03 1.240290771537922061e-02 6.633199720766998382e-03
7.276047522150354968e-03 -2.869667813213393551e-03 -4.406379708936696005e-03 1.288754297758688307e-02 2.480971693681097850e-02 1.326443622922897705e-02
1.092201191239926782e-02 -4.311491803693645250e-03 -6.610520108705359756e-03 1.932840715387919989e-02 3.722043525695074850e-02 1.989370180461052379e-02
1.457329579489318599e-02 -5.757998460943254335e-03 -8.815297333949562164e-03 2.576733330784563084e-02 4.963507028924398629e-02 2.652098869016451116e-02
1.822991841837003427e-02 -7.209204536101163768e-03 -1.102071388226841253e-02 3.220432159555169233e-02 6.205362967026270549e-02 3.314628909325316453e-02
2.189189896878315778e-02 -8.665126590070631671e-03 -1.322677237871191028e-02 3.863937218319323658e-02 7.447612106219857198e-02 3.976959518548915662e-02
2.555925655292937831e-02 -1.012578097132996006e-02 -1.543347558159877467e-02 4.507248524423281694e-02 8.690255215552723789e-02 4.639089910293458380e-02
2.923201018090300710e-02 -1.159118379224136422e-02 -1.764082638866096980e-02 5.150366095628000629e-02 9.933293067185706982e-02 5.301019294637083351e-02
3.291017874731515247e-02 -1.306135090379615012e-02 -1.984882784351808122e-02 5.793289949770168146e-02 1.117672643669853638e-01 5.962746878163459330e-02
3.659378101121791432e-02 -1.453629786873419580e-02 -2.205748314248279218e-02 6.436020104393160024e-02 1.242055610341753491e-01 6.624271864002817534e-02
