0.000000000000000000e+00 0.000000000000000000e+00 0.000000000000000000e+00 0.000000000000000000e+00 0.000000000000000000e+00 0.000000000000000000e+00
3.624522993581887694e-04 7.722814241323234337e-05 -7.061869066090579322e-04 1.164960915774892157e-03 9.916720162648651887e-04 2.474877561384820034e-03
7.246139604265922421e-04 1.544138635758648980e-04 -1.411789284510150348e-03 2.329767642988395549e-03 1.983152649422116089e-03 4.951313353606975887e-03
1.086484948262235418e-03 2.315570236533309137e-04 -2.116806165673254785e-03 3.494419571689803047e-03 2.974441681204234057e-03 7.429309177562444175e-03
1.448065227877154545e-03 3.086574824275042450e-04 -2.821236579956534155e-03 4.658916090461892243e-03 3.965538892840026960e-03 9.908866837850676540e-03
1.809354764236464908e-03 3.857150992924517725e-04 -3.525079555102725477e-03 5.823256586407803137e-03 4.956444065054291769e-03 1.238998814283897437e-02
2.170353522257544368e-03 4.627297332529105322e-04 -4.228334116731686208e-03 6.987440445148365362e-03 5.947156978068574365e-03 1.487267490467843872e-02
2.531061466809177065e-03 5.397012429230189012e-04 -4.930999288333304427e-03 8.151467050810840692e-03 6.937677411595097147e-03 1.735692893931854372e-02
2.891478562710535997e-03 6.166294865241633448e-04 -5.633074091259669160e-03 9.315335786027740400e-03 7.928005144837669757e-03 1.984275206652215753e-02
3.251604774731124692e-03 6.935143218840830823e-04 -6.334557544717435429e-03 1.047904603192729468e-02 8.918139956488400910e-03 2.233014610987950344e-02
3.611440067588941871e-03 7.703556064346071949e-04 -7.035448665760805562e-03 1.164259716812767430e-02 9.908081624725511780e-03 2.481911289682519825e-02
