0.000000000000000000e+00 0.000000000000000000e+00 0.000000000000000000e+00 0.000000000000000000e+00 0.000000000000000000e+00 0.000000000000000000e+00
3.872434000208437553e-03 -6.898974772857615571e-04 -3.182536522922774658e-03 4.108241265721708849e-03 1.643250989840799176e-02 3.043319558792246041e-03
7.728370989281046002e-03 -1.388259641609723878e-03 -6.340111347671709835e-03 8.208764630369871224e-03 3.288102334618804579e-02 6.078353469286527054e-03
1.156653722416399119e-02 -2.095172851196537046e-03 -9.471364372968233900e-03 1.230145087474603105e-02 4.934582084515731770e-02 9.104940448863381094e-03
1.538559415766124934e-02 -2.810715239028186221e-03 -1.257487891863418028e-02 1.638617953914173891e-02 6.582718811953870708e-02 1.212291523300846469e-02
1.918413526949449763e-02 -3.534955371951206161e-03 -1.564917989754443725e-02 2.046282906751883263e-02 8.232541601909547369e-02 1.513210852799709571e-02
2.296068276634218724e-02 -4.267950755998024120e-03 -1.869273201034579029e-02 2.453127697419767161e-02 9.884080039380624405e-02 1.813234696952930464e-02
2.671368415069170360e-02 -5.009746173514111750e-03 -2.170393797717937168e-02 2.859140003552876688e-02 1.153736419369160576e-01 2.112345308801077959e-02
3.044150865983338491e-02 -5.760371837305313866e-03 -2.468113682253013016e-02 3.264307450918530612e-02 1.319242459930435318e-01 2.410524528114871279e-02
3.414244357832175308e-02 -6.519841346998570680e-03 -2.762260223132553122e-02 3.668617638386215130e-02 1.484929223278962651e-01 2.707753779454175058e-02
3.781469042985017431e-02 -7.288149433356625601e-03 -3.052654099649614733e-02 4.072058166227689180e-02 1.650799848560715322e-01 3.004014071087371049e-02
