0.000000000000000000e+00 0.000000000000000000e+00 0.000000000000000000e+00 0.000000000000000000e+00
5.347972742734347432e-03 -5.347972742734321411e-03 1.108024498377594390e-02 1.186851281122056935e-02
1.070640936267703604e-02 -1.070640936267702736e-02 2.216023301457207065e-02 2.373728257542046666e-02
1.607535162295634090e-02 -1.607535162295629233e-02 3.323996623397980354e-02 3.560630715100932681e-02
2.145484152105305714e-02 -2.145484152105297387e-02 4.431944682934765845e-02 4.747558435063788801e-02
2.684492127974431527e-02 -2.684492127974422854e-02 5.539867703267881832e-02 5.934511194230301934e-02
3.224563333760470385e-02 -3.224563333760466916e-02 6.647765911920891502e-02 7.121488765076915139e-02
3.765702033904932272e-02 -3.765702033904921864e-02 7.755639540564497614e-02 8.308490915932947862e-02
4.307912512389922011e-02 -4.307912512389913684e-02 8.863488824805065835e-02 9.495517411192011537e-02
4.851199071644547028e-02 -4.851199071644549804e-02 9.971314003935595471e-02 1.068256801156115543e-01
5.395566031398149609e-02 -5.395566031398128792e-02 1.107911532064732307e-01 1.186964247434902364e-01
