0.000000000000000000e+00 0.000000000000000000e+00 0.000000000000000000e+00 0.000000000000000000e+00 0.000000000000000000e+00 0.000000000000000000e+00 0.000000000000000000e+00 0.000000000000000000e+00 0.000000000000000000e+00 0.000000000000000000e+00
1.266368322569953742e-03 -2.982666211621697082e-04 2.435821843780998646e-04 4.163629456869628030e-04 -1.628046831069839429e-03 2.989252901920424598e-03 4.813301925706378603e-03 5.457492580149011716e-03 6.287072661110049837e-03 4.281566842442068900e-03
2.533794595610298298e-03 -5.981886641209101067e-04 4.875246377429758634e-04 8.350046057562650033e-04 -3.258135174543494786e-03 5.977797436470161201e-03 9.627212785845209661e-03 1.091506122218080348e-02 1.257549737692882294e-02 8.561804984919086509e-03
3.802282237305303590e-03 -8.997739207146249630e-04 7.318273649011368658e-04 1.255939361819830794e-03 -4.890275042822338908e-03 8.965631204378427324e-03 1.444173500869300360e-02 1.637270531313500879e-02 1.886528174444732087e-02 1.284070743068244438e-02
5.071834683926952289e-03 -1.203030239228539220e-03 9.764903427754642595e-04 1.679181749177087631e-03 -6.524476536114790989e-03 1.195275178839401778e-02 1.925687103337254957e-02 2.183042422495991286e-02 2.515643342420703643e-02 1.711826712536995004e-02
6.342455390595926577e-03 -1.507965525835816296e-03 1.221513520512831213e-03 2.104746458296945320e-03 -8.160749842984444530e-03 1.493915675627036262e-02 2.407262331268797753e-02 2.728821731427458902e-02 3.144896014371831305e-02 2.139447696429325890e-02
7.614147831370448108e-03 -1.814587745185201190e-03 1.466896818559906140e-03 2.532648337350012699e-03 -9.799105241458053867e-03 1.792484366058728906e-02 2.888899431328648473e-02 3.274608392203738616e-02 3.774286969838667322e-02 2.566932979186123745e-02
8.886915499334435350e-03 -2.122904920994462229e-03 1.712640127711732331e-03 2.962902394792371868e-03 -1.143955310015262739e-02 2.090981003857312129e-02 3.370598651582060179e-02 3.820402337320404074e-02 4.403816995245684457e-02 2.994281840099117381e-02
1.016076190668563015e-02 -2.432925136648421156e-03 1.958743308130042084e-03 3.395523802001833118e-03 -1.308210387942070410e-02 2.389405341192485030e-02 3.852360241511344069e-02 4.366203497637852204e-02 5.033486883997603106e-02 3.421493553251111347e-02
1.143569058482419784e-02 -2.744656535802755294e-03 2.205206188333774710e-03 3.830527895966081078e-03 -1.472676813251293237e-02 2.687757128662551093e-02 4.334184452032316393e-02 4.912011802345531142e-02 5.663297436577361538e-02 3.848567387455462119e-02
1.271170508444005587e-02 -3.058107322992248845e-03 2.452028564158215129e-03 4.267930182025468124e-03 -1.637355650676033600e-02 2.986036115276244698e-02 4.816071535511180779e-02 5.457827178925112738e-02 6.293249460646134497e-02 4.275502606194264699e-02
