0.000000000000000000e+00 0.000000000000000000e+00 0.000000000000000000e+00 0.000000000000000000e+00 0.000000000000000000e+00 0.000000000000000000e+00
5.950710797391393046e-04 -5.674290161780914639e-06 -5.625626308235535077e-04 1.990116926319691632e-03 1.191707862884271163e-03 1.861112777899561225e-03
1.189837585209901818e-03 -1.140339575769781001e-05 -1.124504660494070806e-03 3.981643824507892504e-03 2.383314717489732216e-03 3.722070827143335661e-03
1.784301294688726836e-03 -1.718806087323768302e-05 -1.685823618028745073e-03 5.974592102686540618e-03 3.574820557715175512e-03 5.582863029873850330e-03
2.378464024530797805e-03 -2.302904330580522334e-05 -2.246516992498065989e-03 7.968973378725872567e-03 4.766225377264335893e-03 7.443478059231106031e-03
2.972327630163907903e-03 -2.892711491404248726e-05 -2.806582232003753622e-03 9.964799485568496748e-03 5.957529169652654374e-03 9.303904374120413462e-03
3.565894006999858167e-03 -3.488306194778985900e-05 -3.366016742717106019e-03 1.196208247627397574e-02 7.148731928198924154e-03 1.116413021420414008e-02
4.159165091371222478e-03 -4.089768538697198801e-05 -3.924817887891549929e-03 1.396083462920730961e-02 8.339833646019501404e-03 1.302414359475181395e-02
4.752142861495475649e-03 -4.697180128915321524e-05 -4.482982986846266969e-03 1.596106845337423238e-02 9.530834316018978528e-03 1.488393230134784674e-02
5.344829338464662273e-03 -5.310624114662902174e-05 -5.040509313920825407e-03 1.796279669391175754e-02 1.072173393088499821e-02 1.674348388444270655e-02
5.937226587265554203e-03 -5.930185225591138524e-05 -5.597394097400126486e-03 1.996603233773007122e-02 1.191253248307903856e-02 1.860278565375447432e-02
