0.000000000000000000e+00 0.000000000000000000e+00 0.000000000000000000e+00 0.000000000000000000e+00 0.000000000000000000e+00 0.000000000000000000e+00 0.000000000000000000e+00 0.000000000000000000e+00
6.771612493487025103e-04 -1.843211287522938599e-04 -1.174033813597480212e-04 -3.852993444276902788e-04 1.356295110363760865e-03 -2.013954183728614662e-04 1.041417904987495310e-03 7.350409911530235429e-04
1.354088914709000637e-03 -3.685687388384980309e-04 -2.348131475670206720e-04 -7.704996682946586633e-04 2.712207952829812779e-03 -4.030158915263625571e-04 2.082549593269381050e-03 1.469960360132720276e-03
2.030782966039264715e-03 -5.527427801298994293e-04 -3.522292494311664410e-04 -1.155600963049288653e-03 4.067737911084225513e-03 -6.048613203588188401e-04 3.123394885132465409e-03 2.204758015567286414e-03
2.707243373380915398e-03 -7.368432025765118184e-04 -4.696516377159866461e-04 -1.540603220143791849e-03 5.422884368519021066e-03 -8.069316056630376158e-04 4.163953600863141979e-03 2.939433866071816236e-03
3.383470106865291323e-03 -9.208699562094327558e-04 -5.870802631395100968e-04 -1.925506431035105400e-03 6.777646708248071319e-03 -1.009226648122735605e-03 5.204225560755548589e-03 3.673987820247236972e-03
4.059463136713643144e-03 -1.104822991141397349e-03 -7.045150763744117452e-04 -2.310310587184613747e-03 8.132024313108741909e-03 -1.211746348312446684e-03 6.244210585113279914e-03 4.408419786682534446e-03
4.735222433237241957e-03 -1.288702257565849801e-03 -8.219560280478852921e-04 -2.695015680058286418e-03 9.486016565659472280e-03 -1.414490606701106039e-03 7.283908494248194851e-03 5.142729673953610331e-03
5.410747966835306733e-03 -1.472507705757086088e-03 -9.394030687411638074e-04 -3.079621701126869504e-03 1.083962284818084515e-02 -1.617459323647956436e-03 8.323319108481648174e-03 5.876917390623900145e-03
6.086039707995967094e-03 -1.656239286071093351e-03 -1.056856148990136966e-03 -3.464128641865348978e-03 1.219284254267495593e-02 -1.820652399407632046e-03 9.362442248143129642e-03 6.610982845244283909e-03
6.761097627295033392e-03 -1.839896948944006426e-03 -1.174315219284663772e-03 -3.848536493753299155e-03 1.354567503086427302e-02 -2.024069734128049018e-03 1.040127773357100993e-02 7.344925946352228764e-03
