0.000000000000000000e+00 0.000000000000000000e+00 0.000000000000000000e+00 0.000000000000000000e+00 0.000000000000000000e+00 0.000000000000000000e+00 0.000000000000000000e+00 0.000000000000000000e+00 0.000000000000000000e+00 0.000000000000000000e+00
1.840425595314899290e-03 1.390220956017167511e-03 -7.703365380828635224e-05 -1.389264078975837018e-03 -1.764348821013310507e-03 3.756007428935354692e-03 5.760545856829647760e-03 6.850253791282383958e-03 5.532782559135213801e-03 3.607099362232730685e-03
3.680963475778786798e-03 2.781781176039847293e-03 -1.542071675756597924e-04 -2.779828136405128759e-03 -3.528709350347481594e-03 7.511505285589189368e-03 1.152108387144964476e-02 1.370171929593201783e-02 1.106539114086705668e-02 7.213678393759953740e-03
5.521613184186365680e-03 4.174683504216587099e-03 -2.315205973433832323e-04 -4.171695600704078064e-03 -5.293080492908924968e-03 1.126649248269439088e-02 1.728161498889191003e-02 2.055439652849593707e-02 1.659782707526461995e-02 1.081973590142444770e-02
7.362374258038345554e-03 5.568930767185091210e-03 -3.089739902069632300e-04 -5.564869898457854187e-03 -7.057461139155688824e-03 1.502096791714306080e-02 2.304214016225229061e-02 2.740828551725206508e-02 2.213009169567446005e-02 1.442527067361277712e-02
9.203246231542085848e-03 6.964525774197086704e-03 -3.865673868406124813e-04 -6.959354452479077704e-03 -8.821850169059694199e-03 1.877493047263685197e-02 2.880266035385820392e-02 3.426338630132651913e-02 2.766218634256546391e-02 1.803028148470093434e-02
1.104422863567601325e-02 8.361471316013894400e-03 -4.643008212873618590e-04 -8.355152680992263686e-03 -1.058624645209331298e-02 2.252837901926564926e-02 3.456317653516757099e-02 4.111969893198960668e-02 3.319411236294025902e-02 2.163476709486798419e-02
1.288532099825913033e-02 9.759770163772208545e-03 -5.421743207426762100e-04 -9.752267996797375771e-03 -1.235064884721667755e-02 2.628131241307746224e-02 4.032368968665822617e-02 4.797722347399786813e-02 3.872587110971906915e-02 2.523872624991121971e-02
1.472652284402567804e-02 1.115942506781987531e-02 -6.201879053311701827e-04 -1.115070380641326048e-02 -1.411505620286800447e-02 3.003372949564224806e-02 4.608420079770209066e-02 5.483596000698529732e-02 4.425746394109316556e-02 2.884215768106364319e-02
1.656783369470472139e-02 1.256043875652175512e-02 -6.983415878764752567e-04 -1.255046350920189895e-02 -1.587946735695608749e-02 3.378562909360807720e-02 5.184471086643147042e-02 6.169590862690201016e-02 4.978889221984647562e-02 3.244506010480997793e-02
1.840925306910490972e-02 1.396281393503541642e-02 -7.766353736640982733e-04 -1.395155049647041692e-02 -1.764388113685429194e-02 3.753701001824924499e-02 5.760522089959164982e-02 6.855706944750458720e-02 5.532015731264733338e-02 3.604743222270680864e-02
