0.000000000000000000e+00 0.000000000000000000e+00 0.000000000000000000e+00 0.000000000000000000e+00 0.000000000000000000e+00 0.000000000000000000e+00 0.000000000000000000e+00 0.000000000000000000e+00 0.000000000000000000e+00 0.000000000000000000e+00
5.869566407448846904e-04 3.362178306603182901e-04 -1.946375395979264947e-05 -3.287475811336993238e-04 -5.612116004392881784e-04 1.669194621915719157e-03 1.174931066633672907e-03 1.414134718106615889e-03 1.117287968002725080e-03 1.606093276904107777e-03
1.173510199888448029e-03 6.725410533472734546e-04 -3.894952950034543467e-05 -6.575808454818350994e-04 -1.122039485399481049e-03 3.338466292929199997e-03 2.349861417719762390e-03 2.828492716719337250e-03 2.234531557476423201e-03 3.212260114232544633e-03
1.759660569435239109e-03 1.008969786557650360e-03 -5.845736558332295901e-05 -9.864998814547141798e-04 -1.682483567104292154e-03 5.007814141902950517e-03 3.524791173096763260e-03 4.243074366449431888e-03 3.351730818623583231e-03 4.818499827779392300e-03
2.345407641796662130e-03 1.345504148921560384e-03 -7.798730125980667604e-05 -1.315504777542309727e-03 -2.242543758084387853e-03 6.677237295880478034e-03 4.699720452747488918e-03 5.657880038476574037e-03 4.468885801644261087e-03 6.424811732104405634e-03
2.930751309795978036e-03 1.682144259205687947e-03 -9.753937567148109468e-05 -1.644595622317268028e-03 -2.802219971181516608e-03 8.346734880107630622e-03 5.874649376804061927e-03 7.072910104557360994e-03 5.585996556744027806e-03 8.031195140550298484e-03
3.515691466670245457e-03 2.018890236314218375e-03 -1.171136280509610389e-04 -1.973772504434990246e-03 -3.361512119549321491e-03 1.001630601802853959e-02 7.049578065550354128e-03 8.488164937025513904e-03 6.703063134132459036e-03 9.637649365239793139e-03
4.100228006070707337e-03 2.355742199288301218e-03 -1.367100977218856615e-04 -2.303035512633842645e-03 -3.920420116653431687e-03 1.168594983128305904e-02 8.224506639420710308e-03 9.903644908795486423e-03 7.820085584022801531e-03 1.124417371707531893e-02
4.684360822063651786e-03 2.692700267307498747e-03 -1.563288240997950625e-04 -2.632384735735375167e-03 -4.478943876272102609e-03 1.335566543970259645e-02 9.399435219000981667e-03 1.131935039336322626e-02 8.937063956632287573e-03 1.285076750573567461e-02
5.268089809132151143e-03 3.029764559689508609e-03 -1.759698466912561644e-04 -2.961820262644749690e-03 -5.037083312496505594e-03 1.502545196130830422e-02 1.057436392502806091e-02 1.273528176480646402e-02 1.005399830218165966e-02 1.445743003967434916e-02
5.851414862176235014e-03 3.366935195890916922e-03 -1.956332050958966889e-04 -3.291342182350200530e-03 -5.594838339732050199e-03 1.669530851230512786e-02 1.174929287839072967e-02 1.415143939778882795e-02 1.117088867089368991e-02 1.606416062611799866e-02
