0.000000000000000000e+00 0.000000000000000000e+00 0.000000000000000000e+00 0.000000000000000000e+00 0.000000000000000000e+00 0.000000000000000000e+00 0.000000000000000000e+00 0.000000000000000000e+00 0.000000000000000000e+00 0.000000000000000000e+00
1.144447827727109769e-03 8.387456756679583306e-04 4.269421649684918625e-04 -2.817197701625308542e-04 -2.128415880690535944e-03 2.513922182575917090e-03 4.177196760426443375e-03 5.747031790657818398e-03 7.081689028187817050e-03 6.153842353243651857e-03
2.282791423510653357e-03 1.680565073516274415e-03 8.589995767354706262e-04 -5.592786667912376429e-04 -4.263077389096368505e-03 5.005865984954826001e-03 8.336661364039649538e-03 1.149339752805800773e-02 1.418011826480515374e-02 1.233132107462832881e-02
3.414932329691418127e-03 2.525502416305921809e-03 1.296250112469883977e-03 -8.326085344512716311e-04 -6.404076305765791025e-03 7.475484421548900943e-03 1.247812750182877330e-02 1.723909112117201492e-02 2.129554860280744033e-02 1.853279467051810112e-02
4.540770044342472798e-03 3.373602665798626585e-03 1.738773216001908081e-03 -1.101639692357921389e-03 -8.551506215148413359e-03 9.922423476360138495e-03 1.660132340341501783e-02 2.298410629557445448e-02 2.842824625733015448e-02 2.475862898657905584e-02
5.660201983653565840e-03 4.224911536469456129e-03 2.186649929238559074e-03 -1.366300894356747711e-03 -1.070546253596978137e-02 1.234632198371175479e-02 2.070597174538600649e-02 2.872843658911371223e-02 3.557848285416609357e-02 3.100919734826165786e-02
6.773123427719498525e-03 5.079475510629370347e-03 2.639962932283347781e-03 -1.626519285677523402e-03 -1.286604256550963679e-02 1.474681144803743384e-02 2.479178950893482641e-02 3.447207534519226152e-02 4.274653556757584266e-02 3.728488075227208431e-02
7.879427464622864100e-03 5.937341853889152588e-03 3.098796584765712864e-03 -1.882220358275016412e-03 -1.503334552513442904e-02 1.712351585821578551e-02 2.885848783312286447e-02 4.021501570577700607e-02 4.993268726232419352e-02 4.358606806393990063e-02
8.979004932751834603e-03 6.798558630975048804e-03 3.563236968417103027e-03 -2.133327904714607884e-03 -1.720747260712476162e-02 1.947605149625835155e-02 3.290577186359844308e-02 4.595725060411782331e-02 5.713722664008753782e-02 4.991315622067862140e-02
1.007174436128712748e-02 7.663174721901421481e-03 4.033371930943326772e-03 -2.379763970539073171e-03 -1.938852702283769963e-02 2.180402674015314776e-02 3.693334059661079749e-02 5.169877275717399412e-02 6.436044839039227472e-02 5.626655044176494258e-02
1.115753190878788007e-02 8.531239838508819159e-03 4.509291131235495034e-03 -2.621448805063053295e-03 -2.157661405224901505e-02 2.410704186064969307e-02 4.094088671814855029e-02 5.743957465772220328e-02 7.160265334624557609e-02 6.264666444467607842e-02
