0.000000000000000000e+00 0.000000000000000000e+00 0.000000000000000000e+00 0.000000000000000000e+00
1.868352561907293471e-02 -1.868352561907465556e-02 1.370448435347750016e-02 1.144679766089194174e-02
3.465695483765428991e-02 -3.465695483778757913e-02 2.740614408974002131e-02 2.289641993937525932e-02
4.330883378408622447e-02 -4.330883378826985708e-02 4.110081374641753188e-02 3.435303228932531233e-02
3.982332148327719090e-02 -3.982332149934385973e-02 5.477945469237725795e-02 4.582567336333515096e-02
2.598244631199927990e-02 -2.598244631199742027e-02 6.842904744333079547e-02 5.732736262831215207e-02
6.935717444686597538e-03 -6.935717445540473536e-03 8.203740836915453249e-02 6.887028371816332484e-02
-1.405321453931310770e-02 1.405321453933530695e-02 9.562198934239636572e-02 8.043698475789200220e-02
-3.532049522630055505e-02 3.532049522671759645e-02 1.092108319935134603e-01 9.199942411997492908e-02
-5.614682113160611443e-02 5.614682113136010289e-02 1.228120528047288579e-01 1.035494853245250285e-01
-7.628709687404452988e-02 7.628709687404555684e-02 1.364237362860791225e-01 1.150890838572143082e-01
