0.000000000000000000e+00 0.000000000000000000e+00 0.000000000000000000e+00 0.000000000000000000e+00 0.000000000000000000e+00 0.000000000000000000e+00 0.000000000000000000e+00 0.000000000000000000e+00
9.904975480074279699e-04 -1.024181503115913878e-04 -1.378435220664011652e-04 -1.080030635273160328e-04 3.703423809771792547e-03 1.517930288613804314e-03 5.571638335125264196e-04 1.849486872532177056e-04
1.979798818087562598e-03 -2.049449332656363022e-04 -2.753313554990495472e-04 -2.156192897408003729e-04 7.410915607832559149e-03 3.035526901642588912e-03 1.113852269167607935e-03 3.687932423502875341e-04
2.967900023229139844e-03 -3.075802209247071911e-04 -4.124626892238158191e-04 -3.228481563003300289e-04 1.112248349990103101e-02 4.552788539485051571e-03 1.670064684159819910e-03 5.515319363613888862e-04
3.954797362888565898e-03 -4.103238847919790850e-04 -5.492367088615063156e-04 -4.296891376014916417e-04 1.483813561949087062e-02 6.069713897433236249e-03 2.225800453124497126e-03 7.331630327109729282e-04
4.940487022945279708e-03 -5.131757958273508967e-04 -6.856525966799404022e-04 -5.361417047485740215e-04 1.855788012831430245e-02 7.586301665650052595e-03 2.781058948103616330e-03 9.136847870753411023e-04
5.924965175631643696e-03 -6.161358244490007909e-04 -8.217095315702645881e-04 -6.422053255294769315e-04 2.228172521645995288e-02 9.102550529137307805e-03 3.335839538520920730e-03 1.093095447317227187e-03
6.908227979461706476e-03 -7.192038405327703032e-04 -9.574066890195764758e-04 -7.478794643897557215e-04 2.600967910257079296e-02 1.061845916770640628e-02 3.890141591160829661e-03 1.271393253420594407e-03
7.890271579160558837e-03 -8.223797134140408771e-04 -1.092743241086025678e-03 -8.531635824060704093e-04 2.974175003402136988e-02 1.213402625594558505e-02 4.443964470144903811e-03 1.448576437423804240e-03
8.871092105592269864e-03 -9.256633118880314235e-04 -1.227718356371484010e-03 -9.580571372598169081e-04 3.347794628710051845e-02 1.364925046318852912e-02 4.997307536909820734e-03 1.624643223353830056e-03
9.850685675687240184e-03 -1.029054504210864633e-03 -1.362331199995849354e-03 -1.062559583210586408e-03 3.721827616719272647e-02 1.516413045348339282e-02 5.550170150182481138e-03 1.799591827156840108e-03
