0.000000000000000000e+00 0.000000000000000000e+00 0.000000000000000000e+00 0.000000000000000000e+00 0.000000000000000000e+00 0.000000000000000000e+00 0.000000000000000000e+00 0.000000000000000000e+00
1.456810136502062697e-03 7.851292507857089015e-04 2.188311317232315037e-05 -2.263822491048175182e-03 3.282090932628276350e-03 5.920027936750652323e-03 7.776808153664223344e-03 6.444917507395687625e-03
2.909154242406592795e-03 1.574896825741212278e-03 4.904016190457957810e-05 -4.533091220356992579e-03 6.546317688360723738e-03 1.182909879171822540e-02 1.556331176596707951e-02 1.290896079923535555e-02
4.356957985947323628e-03 2.369369826974640752e-03 8.155065340561702398e-05 -6.807878456337933433e-03 9.792414215270286992e-03 1.772706070499781641e-02 2.335965543107103998e-02 1.939240320876908091e-02
5.800145571929809542e-03 3.168616559798949350e-03 1.194957001743692285e-04 -9.088257821607065995e-03 1.302010933031651739e-02 2.361375886652898951e-02 3.116598651307398229e-02 2.589552336499846563e-02
7.238639715232348879e-03 3.972706556604401786e-03 1.629580556407097527e-04 -1.137430431686328042e-02 1.622912662986920190e-02 2.948903546724625235e-02 3.898245519929711272e-02 3.241860529329731316e-02
8.672361604097707580e-03 4.781710604232393934e-03 2.120221552390068949e-04 -1.366609435262378623e-02 1.941918436366597486e-02 3.535272962577303696e-02 4.680921456810978321e-02 3.896193854693376368e-02
1.010123086232895748e-02 5.595700772079071142e-03 2.667741586993073346e-04 -1.596370578181758454e-02 2.258999530509847586e-02 4.120467731295641978e-02 5.464642065872175880e-02 4.552581834245938985e-02
1.152516551035309700e-02 6.414750440951122283e-03 3.273019936051024944e-04 -1.826721793326126914e-02 2.574126661771457270e-02 4.704471127416808701e-02 6.249423254299058678e-02 5.211054569909403383e-02
1.294408192511138297e-02 7.238934332697161307e-03 3.936954002561561853e-04 -2.057671164604349748e-02 2.887269971780405745e-02 5.287266094929354843e-02 7.035281239932586472e-02 5.871642758225349701e-02
1.435789479873516780e-02 8.068328540639310709e-03 4.660459778836254213e-04 -2.289226930484861144e-02 3.198399013292406445e-02 5.868835239032873380e-02 7.822232558875409636e-02 6.534377705135586967e-02
