0.000000000000000000e+00 0.000000000000000000e+00 0.000000000000000000e+00 0.000000000000000000e+00
5.396558601045997345e-04 -5.953975942684975892e-04 1.780174259951555326e-03 2.002563557060952227e-03
1.078821574407625621e-03 -1.190419685035773618e-03 3.560421669399496149e-03 4.006164878908925232e-03
1.617496710572593772e-03 -1.785066119301453782e-03 5.340740084031134552e-03 6.010806221585644413e-03
2.155680835333092724e-03 -2.379336744272259833e-03 7.121127347043004242e-03 8.016489853176194530e-03
2.693373514475821962e-03 -2.973231407380801626e-03 8.901581289018906454e-03 1.002321805396170530e-02
3.230574312834365129e-03 -3.566749956287750944e-03 1.068209972784050707e-02 1.203099311650542014e-02
3.767282794282450411e-03 -4.159892238882801664e-03 1.246268046859993518e-02 1.403981734574499818e-02
4.303498521726514640e-03 -4.752658103286444384e-03 1.424332130351147613e-02 1.604969305907792340e-02
4.839221057099141708e-03 -5.345047397851362438e-03 1.602402001182206409e-02 1.806062258645375895e-02
5.374449961351887746e-03 -5.937059971163678729e-03 1.780477435971997494e-02 2.007260827046522880e-02
