0.000000000000000000e+00 0.000000000000000000e+00 0.000000000000000000e+00 0.000000000000000000e+00 0.000000000000000000e+00 0.000000000000000000e+00
4.521326859266068011e-03 -1.641712769930078926e-03 -2.879614089336173400e-03 7.573068384443399498e-03 1.307531392394928500e-02 5.399630875648454668e-03
9.045845057351379129e-03 -3.304975912167557994e-03 -5.740869145184186728e-03 1.513490587377655516e-02 2.617271179383297980e-02 1.078840870047206683e-02
1.357264081021460761e-02 -4.990170764498707764e-03 -8.582470045716434140e-03 2.268520536676009447e-02 3.929281528332807111e-02 1.616601890203477748e-02
1.810072263532734246e-02 -6.697673480443584564e-03 -1.140304915488451858e-02 3.022364700713254040e-02 5.243627235982882551e-02 2.153213336920255933e-02
2.262901470526750003e-02 -8.427852758505032654e-03 -1.420116194676347005e-02 3.774989740924894477e-02 6.560375881514077245e-02 2.688640969581499590e-02
2.715634958034086194e-02 -1.018106723026150975e-02 -1.697528235008049016e-02 4.526360882236353522e-02 7.879597990808925867e-02 3.222849037379301590e-02
3.168146026391608500e-02 -1.195766246813310084e-02 -1.972379779578421408e-02 5.276441822697269107e-02 9.201367212929535688e-02 3.755800193201859483e-02
3.620297152254296769e-02 -1.375796757286591038e-02 -2.244500394967838264e-02 6.025194635508338004e-02 1.052576051001907625e-01 4.287455401705360380e-02
4.071939041322592684e-02 -1.558229130204218972e-02 -2.513709911118534174e-02 6.772579662405557588e-02 1.185285836208982702e-01 4.817773841141478885e-02
4.522909596355668971e-02 -1.743091770545452182e-02 -2.779817825810377424e-02 7.518555397045005584e-02 1.318274498852399501e-01 5.346712798471961459e-02
