0.000000000000000000e+00 0.000000000000000000e+00 0.000000000000000000e+00 0.000000000000000000e+00
3.414432934894887648e-04 -5.380275427286661033e-04 1.074667709173206124e-03 1.850135626436137702e-03
6.818991302019152467e-04 -1.076465195523953122e-03 2.146239357128252624e-03 3.704123474994972746e-03
1.021359674818810969e-03 -1.615319339888840206e-03 3.214677759734801098e-03 5.562001765276722645e-03
1.359816978460320382e-03 -2.154596443126699339e-03 4.279945210076596153e-03 7.423809261108415235e-03
1.697262976802091199e-03 -2.694303059870106591e-03 5.342003469718042789e-03 9.289585280260454977e-03
2.033689487927842644e-03 -3.234445833531918255e-03 6.400813759344982715e-03 1.115936970436983908e-02
2.369088210133736029e-03 -3.775031497784422929e-03 7.456336749207218006e-03 1.303320298907867207e-02
2.703450719683765744e-03 -4.316066878069706701e-03 8.508532549357569058e-03 1.491112617439077637e-02
3.036768468514168019e-03 -4.857558893139439678e-03 9.557360699685086766e-03 1.679318089525455929e-02
3.369032781886538257e-03 -5.399514556624719630e-03 1.060278015973156567e-02 1.867940939237345416e-02
