0.000000000000000000e+00 0.000000000000000000e+00 0.000000000000000000e+00 0.000000000000000000e+00
5.504817106095728080e-03 -5.504817106095685579e-03 9.478318054003134763e-03 1.725957147397671337e-02
1.101870581284834436e-02 -1.101870581284828884e-02 1.894146548632236540e-02 3.453431356963706372e-02
1.654170037781016456e-02 -1.654170037781012986e-02 2.838938351712206806e-02 5.182428506681743124e-02
2.207383548925075795e-02 -2.207383548925065733e-02 3.782201286385478145e-02 6.912954524806429191e-02
2.761514629661989545e-02 -2.761514629661978096e-02 4.723929373605467025e-02 8.645015390384420961e-02
3.316566844759193805e-02 -3.316566844759183397e-02 5.664116583022322376e-02 1.037861713376554557e-01
3.872543813238581156e-02 -3.872543813238577687e-02 6.602756832497611028e-02 1.211376583708825422e-01
4.429449213602141416e-02 -4.429449213602131702e-02 7.539843987663819025e-02 1.385046763472001230e-01
4.987286789910345963e-02 -4.987286789910335555e-02 8.475371861551797559e-02 1.558872871363004009e-01
5.546060358760718928e-02 -5.546060358760703662e-02 9.409334214312528588e-02 1.732855531366723767e-01
