0.000000000000000000e+00 0.000000000000000000e+00 0.000000000000000000e+00 0.000000000000000000e+00 0.000000000000000000e+00 0.000000000000000000e+00
4.851532994686856299e-04 3.329598326566592879e-05 -6.867552876345213919e-04 1.554199500241235836e-03 1.143584332936043542e-03 2.357273099894070453e-03
9.697034931956138339e-04 6.663044151755544403e-05 -1.373153259014459841e-03 3.107588688397054742e-03 2.287062254908116612e-03 4.716615423375506919e-03
1.453649930832688706e-03 1.000034497129066144e-04 -2.059193510611172229e-03 4.660162298152947455e-03 3.430433685983655390e-03 7.078032865100817098e-03
1.936991959664071620e-03 1.334150831558141665e-04 -2.744875636982448044e-03 6.211915037341546666e-03 4.573698545640498235e-03 9.441531348542205049e-03
2.419728924573324481e-03 1.668654175056278710e-04 -3.430199230811656341e-03 7.762841587686785880e-03 5.716856752774689999e-03 1.180711682633611009e-02
2.901860168022348235e-03 2.003545287791190152e-04 -4.115163882891127202e-03 9.312936604642361310e-03 6.859908225696400436e-03 1.417479528047035746e-02
3.383385030032499963e-03 2.338824933529947770e-04 -4.799769182105900409e-03 1.086219471723242486e-02 8.002852882124536146e-03 1.654457272247599267e-02
3.864302848163372016e-03 2.674493879664948748e-04 -5.484014715416905134e-03 1.241061052788707333e-02 9.145690639180879822e-03 1.891645519361771777e-02
4.344612957492585519e-03 3.010552897238417025e-04 -6.167900067844622747e-03 1.395817861228132797e-02 1.028842141338643865e-02 2.129044876508676826e-02
4.824314690595223921e-03 3.347002760962965455e-04 -6.851424822451259063e-03 1.550489351916737105e-02 1.143104512065632253e-02 2.366655953819685881e-02
