0.000000000000000000e+00 0.000000000000000000e+00 0.000000000000000000e+00 0.000000000000000000e+00
5.390362710335166660e-03 -5.390362710335147578e-03 8.468481605438442361e-03 1.379981871880266164e-02
1.079100261575681799e-02 -1.079100261575676942e-02 1.693663895975569544e-02 2.759996168872594358e-02
1.620196307048096807e-02 -1.620196307048096807e-02 2.540449101225085785e-02 4.140040996047248539e-02
2.162328761090575452e-02 -2.162328761090570248e-02 3.387205688699734818e-02 5.520114440996664457e-02
2.705501994640724384e-02 -2.705501994640720567e-02 4.233935588549467277e-02 6.900214573571053500e-02
3.249720395074649770e-02 -3.249720395074656709e-02 5.080640748897029962e-02 8.280339445647569296e-02
3.794988365429598220e-02 -3.794988365429592669e-02 5.927323136033942064e-02 9.660487090934763432e-02
4.341310323732307241e-02 -4.341310323732298221e-02 6.773984734581574296e-02 1.104065552481125617e-01
4.888690702460758708e-02 -4.888690702460760096e-02 7.620627547617903064e-02 1.242084274419900936e-01
5.437133948171112008e-02 -5.437133948171112008e-02 8.467253596771652513e-02 1.380104672746938210e-01
