0.000000000000000000e+00 0.000000000000000000e+00 0.000000000000000000e+00 0.000000000000000000e+00 0.000000000000000000e+00 0.000000000000000000e+00
1.255611353645317251e-03 4.193699076007964197e-03 -5.449310429653786252e-03 2.833624232649221367e-03 1.269067988587342655e-02 6.612551702535548331e-03
2.472282420809377053e-03 8.436162434890445358e-03 -1.090844485570069064e-02 5.655351702471489266e-03 2.540228135104580232e-02 1.321607858859909224e-02
3.648050099975653961e-03 1.272797326755113409e-02 -1.637602336752810861e-02 8.464729316006031068e-03 3.813553995369611122e-02 1.981029819347274873e-02
4.780832833560362712e-03 1.706967003842013025e-02 -2.185050287198216784e-02 1.126127712957693434e-02 5.089123382588722072e-02 2.639491232876864379e-02
5.868421897023689236e-03 2.146173698015097983e-02 -2.733015887717676895e-02 1.404448635782238990e-02 6.367018684918661353e-02 3.296960589828233645e-02
6.908471977133383984e-03 2.590459318311790632e-02 -3.281306516025379177e-02 1.681381721993619946e-02 7.647327208982560021e-02 3.953404561658770827e-02
7.898490985453993779e-03 3.039858009306097009e-02 -3.829707107851794412e-02 1.956869661138324265e-02 8.930141551242862241e-02 4.608787862359613186e-02
8.835829051444081539e-03 3.494394721082514504e-02 -4.377977626227271685e-02 2.230851558833837900e-02 1.021555999921236052e-01 5.263073098800428312e-02
9.717666638467729878e-03 3.954083576882064244e-02 -4.925850240729254259e-02 2.503262665164625311e-02 1.150368696457627349e-01 5.916220609211536585e-02
1.054100172568731182e-02 4.418926014046314216e-02 -5.473026186615533029e-02 2.774034081661631498e-02 1.279463345042467504e-01 6.568188288971978095e-02
