0.000000000000000000e+00 0.000000000000000000e+00 0.000000000000000000e+00 0.000000000000000000e+00 0.000000000000000000e+00 0.000000000000000000e+00 0.000000000000000000e+00 0.000000000000000000e+00
8.373656879287946753e-05 1.545572882982420139e-04 -3.396371800098477406e-04 -3.706827572658153206e-04 2.288557370044607461e-04 9.536317477815403881e-04 6.827342926008283857e-04 1.883237062811067390e-03
1.674529220376357042e-04 3.090547096085486376e-04 -6.792587127742641655e-04 -7.410337218194002493e-04 4.577049605268957810e-04 1.907176488744962480e-03 1.365358376922010640e-03 3.767124778393029453e-03
2.511490606679028749e-04 4.634922355595118108e-04 -1.018864575810967451e-03 -1.111052398667918733e-03 6.865476701904001632e-04 2.860634189735454698e-03 2.047872205196227691e-03 5.651663849155615961e-03
3.348249856185939069e-04 6.178698377930188276e-04 -1.358454746696153952e-03 -1.480738291474963629e-03 9.153838656202632675e-04 3.814004817617721969e-03 2.730275729640498084e-03 7.536854979398942972e-03
4.184806978255322676e-04 7.721874879641265959e-04 -1.698029203066299441e-03 -1.850090902546406733e-03 1.144213546442943890e-03 4.767288339280350944e-03 3.412568902456334426e-03 9.422698875353158199e-03
5.021161982251049925e-04 9.264451577418680948e-04 -2.037587922618447345e-03 -2.219109732823801133e-03 1.373036712289206788e-03 5.720484721634551233e-03 4.094751675830880615e-03 1.130919624518821748e-02
5.857314877551735239e-04 1.080642818808518965e-03 -2.377130883110810475e-03 -2.587794281878140652e-03 1.601853362790556581e-03 6.673593931614722231e-03 4.776824001936681545e-03 1.319634779902377660e-02
6.693265673546552625e-04 1.234780442859638927e-03 -2.716658062362747178e-03 -2.956144047903587306e-03 1.830663497581577889e-03 7.626615936179302266e-03 5.458785832930058979e-03 1.508415424893691167e-02
7.529014379629348462e-04 1.388858001604585798e-03 -3.056169438255161401e-03 -3.324158527710051672e-03 2.059467116298749866e-03 8.579550702309037338e-03 6.140637120953775646e-03 1.697261630897524062e-02
8.364561005207529244e-04 1.542875466765767289e-03 -3.395664988730814730e-03 -3.691837216717763857e-03 2.288264218581075038e-03 9.532398197008790444e-03 6.822377818133948738e-03 1.886173469516299814e-02
