0.000000000000000000e+00 0.000000000000000000e+00 0.000000000000000000e+00 0.000000000000000000e+00 0.000000000000000000e+00 0.000000000000000000e+00 0.000000000000000000e+00 0.000000000000000000e+00 0.000000000000000000e+00 0.000000000000000000e+00
6.052931222550947399e-04 1.491212178567237880e-04 -7.791941483181108048e-06 -1.561149469359343720e-04 -5.590692125439546958e-04 2.034334094261334037e-03 1.191734407065701308e-03 1.139273242583898607e-03 1.119738437102359629e-03 1.850294126488604253e-03
1.210157657141587790e-03 2.981805518247853510e-04 -1.559276582654207011e-05 -3.121780477765241971e-04 -1.117656008201506172e-03 4.069581878631331820e-03 2.383485475423457404e-03 2.278450874474990256e-03 2.239312923934916669e-03 3.700855312503388474e-03
1.814593332041494105e-03 4.471779755027940396e-04 -2.340249339964836503e-05 -4.681892987180193274e-04 -1.675760045398000343e-03 6.105744691469810852e-03 3.575253539231632027e-03 3.417532887194337995e-03 3.358723140827111348e-03 5.551682359610616950e-03
2.418599874227691116e-03 5.961134623020165500e-04 -3.122114468566425187e-05 -6.241486958903095031e-04 -2.233380982140889103e-03 8.142823877385187495e-03 4.767038934418600139e-03 4.556519272211322254e-03 4.477968766448367152e-03 7.402774062551277512e-03
3.022177010875644592e-03 7.449869854436984296e-04 -3.904874028301680842e-05 -7.800562353566948539e-04 -2.790518476011342834e-03 1.018082078732544631e-02 5.958841998716229819e-03 5.695410020948568977e-03 5.597049477794452214e-03 9.254129209173159523e-03
3.625324469063721106e-03 8.937985179573887948e-04 -4.688530090670219323e-05 -9.359119131144297624e-04 -3.347172184160995302e-03 1.221973677862113646e-02 7.150663071671136718e-03 6.834205124784932701e-03 6.715964950174977376e-03 1.110574658038684763e-02
4.228041975773470795e-03 1.042548032679386887e-03 -5.473084738947498834e-05 -1.091715725093510454e-03 -3.903341763309370414e-03 1.425957321503369332e-02 8.342502494658034923e-03 7.972904575051571741e-03 7.834714857200636429e-03 1.295762495011740754e-02
4.830329257889138389e-03 1.191235502251569017e-03 -6.258540068217230792e-05 -1.247467667156758808e-03 -4.459026869740866615e-03 1.630033146679764344e-02 9.534360610890350862e-03 9.111508363034058477e-03 8.953298870772036233e-03 1.480976308526004218e-02
5.432186042198912206e-03 1.339860899119783193e-03 -7.044898185489654086e-05 -1.403167735099095613e-03 -5.014227159301718091e-03 1.834201291066800757e-02 1.072623776543639440e-02 1.025001647996977294e-02 1.007171666106704451e-02 1.666215974563231561e-02
6.033612055394142228e-03 1.488424195532016703e-03 -7.832161209816315499e-05 -1.558815924646974075e-03 -5.568942287396843639e-03 2.038461892996720065e-02 1.191813430522816603e-02 1.138842891704951524e-02 1.118996789652915852e-02 1.851481368392685067e-02
