0.000000000000000000e+00 0.000000000000000000e+00 0.000000000000000000e+00 0.000000000000000000e+00 0.000000000000000000e+00 0.000000000000000000e+00 0.000000000000000000e+00 0.000000000000000000e+00
6.517589480757918132e-04 1.069275376583689996e-04 -1.429776615973631267e-04 -5.189809847160807522e-04 2.193170419296104710e-03 1.258507768981002644e-03 1.113244665157196896e-03 1.664452311878048853e-03
1.303124143512204196e-03 2.138532816541375268e-04 -2.859836390087500645e-04 -1.037471006428436655e-03 4.387791566901001229e-03 2.517079596000216819e-03 2.226262891370295403e-03 3.328719724911661463e-03
1.954095118298377915e-03 3.207773011724601893e-04 -4.290180190635132238e-04 -1.555469750734633175e-03 6.583866267284139116e-03 3.775715899183655720e-03 3.339054301046995212e-03 4.992799856526938806e-03
2.604671402960971691e-03 4.276996654687907759e-04 -5.720808886885243383e-04 -2.072976903016270946e-03 8.781397355298321827e-03 5.034417098197789542e-03 4.451618515059909721e-03 6.656690314435520853e-03
3.254852526576903528e-03 5.346204438676391236e-04 -7.151723349098983466e-04 -2.589992148433130532e-03 1.098038767629278684e-02 6.293183614271397573e-03 5.563955152737673840e-03 8.320388696571050582e-03
3.904638016765133758e-03 6.415397057631758724e-04 -8.582924448537628502e-04 -3.106515171922000738e-03 1.318084008616598850e-02 7.552015870204684816e-03 6.676063831860272815e-03 9.983892591043732473e-03
4.554027399677973431e-03 7.484575206178174182e-04 -1.001441305745872680e-03 -3.622545658194735278e-03 1.538275745141944040e-02 8.810914290374765451e-03 7.787944168647174988e-03 1.164719957609229237e-02
5.203020199992481817e-03 8.553739579628910714e-04 -1.144619004911090563e-03 -4.138083291737060590e-03 1.758614264921021936e-02 1.006987930074378090e-02 8.899595777751258957e-03 1.331030722003835771e-02
5.851615940901767204e-03 9.622890873973714192e-04 -1.287825629774120911e-03 -4.653127756806377940e-03 1.979099856740732313e-02 1.132891132886644503e-02 1.001101827224872010e-02 1.497321308123965994e-02
6.499814144106863187e-03 1.069202978588511222e-03 -1.431061267858304079e-03 -5.167678737430578609e-03 2.199732810464236424e-02 1.258801080389710877e-02 1.112221126363209522e-02 1.663591470804115860e-02
