0.000000000000000000e+00 0.000000000000000000e+00 0.000000000000000000e+00 0.000000000000000000e+00 0.000000000000000000e+00 0.000000000000000000e+00 0.000000000000000000e+00 0.000000000000000000e+00
8.080543079914453888e-04 4.480666718803417298e-04 2.077549511652535593e-03 -3.333670491524337240e-03 1.163907842265776704e-03 5.958563298815519257e-03 1.110243305139605591e-02 6.837448795969358444e-03
1.614645572831319761e-03 8.924919250414305302e-04 4.171118018139784514e-03 -6.678255516012490678e-03 2.326870924663145077e-03 1.191648579948057993e-02 2.221087443454639390e-02 1.367047481820269153e-02
2.419757079906039929e-03 1.333189323332691816e-03 6.280920139168076101e-03 -1.003386654240664283e-02 3.488884096133243982e-03 1.787374293937997460e-02 3.332540090651136405e-02 2.049903102331433746e-02
3.223371876754462483e-03 1.770069909029135151e-03 8.407175491423911351e-03 -1.340061727720762499e-02 4.649942146411348981e-03 2.383030930753084198e-02 4.444609106230890810e-02 2.732306943753463196e-02
4.025472766155291544e-03 2.203042103802660585e-03 1.055010887293611477e-02 -1.677862374289397496e-02 5.810039804484668467e-03 2.978615861021213784e-02 5.557302540458884665e-02 3.414254112294612398e-02
4.826042298917731718e-03 2.632011604888022990e-03 1.270995045692087724e-02 -2.016800436072666014e-02 6.969171736992729564e-03 3.574126363483704633e-02 6.670628641672311787e-02 4.095739614212563079e-02
5.625062766368897280e-03 3.056881276195311421e-03 1.488693599568034244e-02 -2.356888003824436639e-02 8.127332546563828183e-03 4.169559621195696730e-02 7.784595863949790584e-02 4.776758352110636874e-02
6.422516192530950893e-03 3.477551034101696026e-03 1.708130703514615725e-02 -2.698137426177872264e-02 9.284516770094711560e-03 4.764912717528179548e-02 8.899212875162477998e-02 5.457305121057003106e-02
7.218384325986313028e-03 3.893917727647321081e-03 1.929331114069932421e-02 -3.040561319433291929e-02 1.044071887697094018e-02 5.360182631958977650e-02 1.001448856542954818e-01 6.137374604516095122e-02
8.012648631425315499e-03 4.305875012840973751e-03 2.152320213492663059e-02 -3.384172577919274810e-02 1.159593326723359560e-02 5.955366235638660105e-02 1.113043205600306451e-01 6.816961370081373039e-02
