0.000000000000000000e+00 0.000000000000000000e+00 0.000000000000000000e+00 0.000000000000000000e+00 0.000000000000000000e+00 0.000000000000000000e+00 0.000000000000000000e+00 0.000000000000000000e+00 0.000000000000000000e+00 0.000000000000000000e+00
1.345929424261123677e-03 1.772153972527122472e-03 -5.038595958767300674e-04 -1.072369564155268608e-03 -1.541854236756155750e-03 2.189085923424488687e-03 5.957385248790118652e-03 8.381131555455743898e-03 5.620138891658023675e-03 3.605347737245176865e-03
2.691294262341431456e-03 3.546077994271517025e-03 -1.008742478254584778e-03 -2.145048574685062652e-03 -3.083581203673233830e-03 4.376698241718105648e-03 1.191507314353163448e-02 1.676471015809630552e-02 1.123949290617565384e-02 7.210204263625870705e-03
4.036092781966937187e-03 5.321774398041971381e-03 -1.514648442463117743e-03 -3.218038151310502644e-03 -4.625180586235127719e-03 6.562835501323810959e-03 1.787306492232984198e-02 2.515073705143112959e-02 1.685806203409659018e-02 1.081456856053979697e-02
5.380323237892298098e-03 7.099245457956301041e-03 -2.021577198471443369e-03 -4.291339422858487726e-03 -6.166652074518450335e-03 8.747496232922815154e-03 2.383136182056000071e-02 3.353921349557420495e-02 2.247584627155247219e-02 1.441843960568534380e-02
6.723983871761533837e-03 8.878493386849040103e-03 -2.529528368384909454e-03 -5.364953526845541582e-03 -7.707995363379866599e-03 1.093067895127526439e-02 2.978996506942889477e-02 4.193014076928502920e-02 2.809284561966832183e-02 1.802181637321084717e-02
8.067072911975789809e-03 1.065952033362000534e-02 -3.038501483924911303e-03 -6.438881609025611658e-03 -9.249210152644880140e-03 1.311238215506905364e-02 3.574887589446075487e-02 5.032352017209892892e-02 3.370906008394680686e-02 2.162469783386680722e-02
9.409588573570475817e-03 1.244232838052330113e-02 -3.548495983896257037e-03 -7.513124822900998576e-03 -1.079029614729608809e-02 1.529260432677681525e-02 4.170809551390188691e-02 5.871935302654881367e-02 3.932448967362712350e-02 2.522708295516131599e-02
1.075152905810227745e-02 1.422691954039846142e-02 -4.059511211646691514e-03 -8.587684329193004396e-03 -1.233125305766052428e-02 1.747134393252354131e-02 4.766762513704534548e-02 6.711764068047965104e-02 4.493913440102392798e-02 2.882897070151697189e-02
1.209289255354749001e-02 1.601329575384455653e-02 -4.571546412525499120e-03 -9.662561295270162554e-03 -1.387208059959591129e-02 1.964859942196130194e-02 5.362746596247090769e-02 7.551838450945833059e-02 5.055299428084161772e-02 3.243036003443160176e-02
1.343367723421296477e-02 1.780145888633785992e-02 -5.084600731344293169e-03 -1.073775689453187326e-02 -1.541277849467417166e-02 2.182436922815833222e-02 5.958761917619778692e-02 8.392158591927662004e-02 5.616606932946836134e-02 3.603124991263607912e-02
