0.000000000000000000e+00 0.000000000000000000e+00 0.000000000000000000e+00 0.000000000000000000e+00 0.000000000000000000e+00 0.000000000000000000e+00 0.000000000000000000e+00 0.000000000000000000e+00 0.000000000000000000e+00 0.000000000000000000e+00
4.214728046681880851e-04 7.351165505661513312e-05 -5.140144118877171861e-05 -3.431964915225250182e-05 -3.505696915927235843e-04 1.029445803152292211e-03 1.836564973745666296e-03 3.340220233562836579e-04 1.944974431277669315e-03 6.322120458635364362e-04
8.428236240054268972e-04 1.470231689713380929e-04 -1.028028621788087304e-04 -6.863081726119537587e-05 -7.010317136986032177e-04 2.058902876154796325e-03 3.673287838483329550e-03 6.678754775866266704e-04 3.890216566476335184e-03 1.264306500062180229e-03
1.264052481012822556e-03 2.205345179008119845e-04 -1.542042527600231603e-04 -1.029334912294482032e-04 -1.051386081022599511e-03 3.088371205941829040e-03 5.510168667030178671e-03 1.001560388869853716e-03 5.835726626714911151e-03 1.896283328702820081e-03
1.685159398731814369e-03 2.940456779641956826e-04 -2.056056027197581705e-04 -1.372276579455078286e-04 -1.401632808297333024e-03 4.117850779454835033e-03 7.347207532201882954e-03 1.335076783438606885e-03 7.781504833402666174e-03 2.528142497922211858e-03
2.106144400245398354e-03 3.675566252431697952e-04 -2.570069018426912361e-04 -1.715133042825181639e-04 -1.751771910283427686e-03 5.147341583648074904e-03 9.184404506837913831e-03 1.668424687582760425e-03 9.727551408267223060e-03 3.159883973888306420e-03
2.527007508679043283e-03 4.410673357811077363e-04 -3.084081399113512549e-04 -2.057904170990925894e-04 -2.101803401770693715e-03 6.176843605487652641e-03 1.102175966380023429e-02 2.001604127647303027e-03 1.167386657335268800e-02 3.791507722801199052e-03
2.947748747199702320e-03 5.145777855840681777e-04 -3.598093067055529331e-04 -2.400589832386551244e-04 -2.451727297577204964e-03 7.206356831951779736e-03 1.285927307597442039e-02 2.334615130033896365e-03 1.362045055102424108e-02 4.423013710892553969e-03
3.368368139016429501e-03 5.880879506193949918e-04 -4.112103920028212234e-04 -2.743189895296539206e-04 -2.801543612549505999e-03 8.235881250032075357e-03 1.469694481626820579e-02 2.667457721200044377e-03 1.556730356396638856e-02 5.054401904424432081e-03
3.788865707379952992e-03 6.615978068165758851e-04 -4.626113855782709510e-04 -3.085704227854138646e-04 -3.151252361562318499e-03 9.265416846731084830e-03 1.653477495761468755e-02 3.000131927659276717e-03 1.751442583518687812e-02 5.685672269691739548e-03
4.209241475583059763e-03 7.351073300664293011e-04 -5.140122772045375337e-04 -3.428132698042134479e-04 -3.500853559518737283e-03 1.029496360906445585e-02 1.837276357296895382e-02 3.332637775980374847e-03 1.946181758801473344e-02 6.316824773019217611e-03
