0.000000000000000000e+00 0.000000000000000000e+00 0.000000000000000000e+00 0.000000000000000000e+00
1.672161900961033690e-02 -1.672161900961034037e-02 1.214533269579134121e-02 1.276843674650572982e-02
3.159302435779223761e-02 -3.159302435780342311e-02 2.429609175874066634e-02 2.553144712591989135e-02
4.163455656053431653e-02 -4.163455656084022460e-02 3.645432731997989145e-02 3.828698100617324018e-02
4.277224150682278070e-02 -4.277224150872362129e-02 4.862019738025903648e-02 5.103488038760557732e-02
3.413589848560067558e-02 -3.413589850313202001e-02 6.078820807740666077e-02 6.378063913075653069e-02
1.916025459035442663e-02 -1.916025459035229639e-02 7.294588764581351470e-02 7.653672900792832245e-02
1.151453705029729241e-03 -1.151453704985913595e-03 8.508605495352937476e-02 8.931033114249127547e-02
-1.797060085713848149e-02 1.797060085712456901e-02 9.722312801002079563e-02 1.020870275283440320e-01
-3.717590216524235824e-02 3.717590216521454716e-02 1.093714675835641137e-01 1.148524573970317597e-01
-5.599990958214504100e-02 5.599990958214032255e-02 1.215338999989888924e-01 1.276037944239241662e-01
