0.000000000000000000e+00 0.000000000000000000e+00 0.000000000000000000e+00 0.000000000000000000e+00 0.000000000000000000e+00 0.000000000000000000e+00 0.000000000000000000e+00 0.000000000000000000e+00
1.682778798310221268e-04 1.391088662108430000e-04 4.163102149196312544e-03 -4.470488895238331276e-03 -8.601572111412457205e-05 1.743184733285531578e-04 1.899451481355591415e-02 4.486030711457348122e-03
3.344489962868608924e-04 2.631000433070674032e-04 8.359692311788392144e-03 -8.957241351382398339e-03 -1.726776674086513892e-04 3.438242862286563974e-04 3.799537670944591605e-02 8.971173226188112332e-03
4.984767059159599936e-04 3.717078094781818966e-04 1.259027548284556361e-02 -1.346045999823976096e-02 -2.599970045452788510e-04 5.084366395040037026e-04 5.700259550063221242e-02 1.345550969609067907e-02
6.603234341252603576e-04 4.646587425267302692e-04 1.685536710448128778e-02 -1.798034928113334541e-02 -3.479851642188393560e-04 6.680717569548298793e-04 7.601618187378592073e-02 1.793912464238725177e-02
8.199506700835378732e-04 5.416715344649038373e-04 2.115549288768885094e-02 -2.251711509223758984e-02 -4.366538431715150928e-04 8.226427754838010371e-04 9.503614740378824033e-02 2.242210505003582044e-02
9.773189670978545129e-04 6.024568226121164655e-04 2.549118852835643642e-02 -2.707096431806662457e-02 -5.260150001584588692e-04 9.720596348660995225e-04 1.140625045681961242e-01 2.690454046045954659e-02
1.132387949587811702e-03 6.467170423421564687e-04 2.986299929673725401e-02 -3.164210428866765651e-02 -6.160808504752692807e-04 1.116228968326236394e-03 1.330952667622846974e-01 3.138652306045491142e-02
1.285116327918722550e-03 6.741463074099228545e-04 3.427147947681771778e-02 -3.623074211214668411e-02 -7.068638576038642918e-04 1.255053995336745647e-03 1.521344483156152061e-01 3.586814776446985154e-02
1.435461922465784820e-03 6.844303245918549996e-04 3.871719162913451334e-02 -4.083708387619257307e-02 -7.983767215151570291e-04 1.388434418383244738e-03 1.711800645115212627e-01 4.034951228665635548e-02
1.583381698383426418e-03 6.772463501547105113e-04 4.320070564779806416e-02 -4.546133369633653665e-02 -8.906323631226494963e-04 1.516266325781213259e-03 1.902321316114661542e-01 4.483071719814740730e-02
