0.000000000000000000e+00 0.000000000000000000e+00 0.000000000000000000e+00 0.000000000000000000e+00 0.000000000000000000e+00 0.000000000000000000e+00
3.782745978936219097e-03 -1.646989173145042753e-03 -2.135756805791047108e-03 7.727423267037618337e-03 1.264770825162903414e-02 2.436720120419286813e-03
7.571288638063374508e-03 -3.300008254664657525e-03 -4.271280383398584277e-03 1.545237886934051896e-02 2.530014044347790939e-02 4.871183965353486668e-03
1.136565312899512695e-02 -4.959084651647977654e-03 -6.406568477346882146e-03 2.317485936202998142e-02 3.795730448285914577e-02 7.303391072368744033e-03
1.516586469871418659e-02 -6.624245830728724485e-03 -8.541618867985149854e-03 3.089485728058491074e-02 5.061920829437430158e-02 9.733340981384831087e-03
1.897194868010911029e-02 -8.295519305153910283e-03 -1.067642937495466918e-02 3.861236513853733704e-02 6.328585982184840864e-02 1.216103323504415419e-02
2.278393048165697557e-02 -9.972932620633791212e-03 -1.281099786102267435e-02 4.632737542504068717e-02 7.595726703032124050e-02 1.458646737915378008e-02
2.660183557619700753e-02 -1.165651333989042165e-02 -1.494532223630587117e-02 5.403988060229485829e-02 8.863343790809719014e-02 1.700964296320978467e-02
3.042568948873540860e-02 -1.334628902582140828e-02 -1.707940046291325786e-02 6.174987310281972869e-02 1.013143804688601546e-01 1.943055954100799884e-02
3.425551778322032809e-02 -1.504228722318918729e-02 -1.921323056003040181e-02 6.945734532655975513e-02 1.140001027538571771e-01 2.184921667135646464e-02
3.809134604822499159e-02 -1.674453543875399283e-02 -2.134681060947005854e-02 7.716228963780623340e-02 1.266906128341593329e-01 2.426561391889402175e-02
