0.000000000000000000e+00 0.000000000000000000e+00 0.000000000000000000e+00 0.000000000000000000e+00 0.000000000000000000e+00 0.000000000000000000e+00 0.000000000000000000e+00 0.000000000000000000e+00
9.391642438003839971e-04 1.309484758453625291e-03 5.406580909575194700e-04 -2.789307093211550008e-03 1.257933303129688592e-03 4.736978202566295530e-03 8.984668204405344555e-03 8.487981860797091938e-03
1.867075289960991140e-03 2.629428448065403417e-03 1.093987962403717091e-03 -5.590491700430058955e-03 2.473756392666026996e-03 9.448824127389933436e-03 1.799241168811499883e-02 1.702013093362576834e-02
2.783552897785637401e-03 3.959968415615128592e-03 1.660198064101917233e-03 -8.403719377502821136e-03 3.646850036051091891e-03 1.413517190583841836e-02 2.702356374527097038e-02 2.559709902553508609e-02
3.688413225553134958e-03 5.301244174462827093e-03 2.239501289705993648e-03 -1.122915868972184858e-02 4.776583245763019354e-03 1.879564851566646946e-02 3.607846393968191373e-02 3.421955058248257048e-02
4.581468740492987239e-03 6.653397443547443696e-03 2.832115090642255920e-03 -1.406698127468251382e-02 5.862313002000915131e-03 2.342987360642254796e-02 4.515745825189160928e-02 4.288816299417702593e-02
5.462528126063957365e-03 8.016572187065943919e-03 3.438261593273320409e-03 -1.691736190640286130e-02 6.903383967592529452e-03 2.803745931976475703e-02 5.426089923029479845e-02 5.160362690773875882e-02
6.331396186433527022e-03 9.390914654839960241e-03 4.058167719439778262e-03 -1.978047856071287608e-02 7.899128194855624743e-03 3.261801010450794680e-02 6.338914614644587664e-02 6.036664655047910277e-02
7.187873748068428388e-03 1.077657342337001029e-02 4.692065310481176831e-03 -2.265651248191913672e-02 8.848864824175194793e-03 3.717112252623452906e-02 7.254256515466829536e-02 6.917794006210947755e-02
8.031757558328040530e-03 1.217369943758552994e-02 5.340191254837537566e-03 -2.554564825075074375e-02 9.751899774006655280e-03 4.169638507126921523e-02 8.172152945610193508e-02 7.803823983670771236e-02
8.862840180960829956e-03 1.358244605328980809e-02 6.002787619336249700e-03 -2.844807385358632396e-02 1.060752542204632283e-02 4.619337794483963089e-02 9.092641946731935820e-02 8.694829287477855162e-02
