0.000000000000000000e+00 0.000000000000000000e+00 0.000000000000000000e+00 0.000000000000000000e+00 0.000000000000000000e+00 0.000000000000000000e+00 0.000000000000000000e+00 0.000000000000000000e+00
-1.722528483179973610e-05 1.542101978729735698e-04 -8.092938221498967646e-05 -6.768867557302497796e-04 -2.434283350029612855e-04 7.650026698926510943e-04 1.046890960540650464e-03 2.593935205283230423e-03
-3.446216430069822602e-05 3.083882645688373132e-04 -1.619534285167736865e-04 -1.353082961867149757e-03 -4.868725950938165197e-04 1.529976689013799089e-03 2.093555808767209436e-03 5.188928641569915019e-03
-5.171064120733649921e-05 4.625341918921470428e-04 -2.430721863154417461e-04 -2.028587392260828952e-03 -7.303327737669790785e-04 2.294922054903953800e-03 3.139994467374964803e-03 7.784982150989939488e-03
-6.897071835274166951e-05 6.166479716446785679e-04 -3.242857032325059219e-04 -2.703398815987407069e-03 -9.738088645203839353e-04 3.059838765109110671e-03 4.186206858965400152e-03 1.038209758291464696e-02
-8.624239853715194798e-05 7.707295956253673325e-04 -4.055940271034189082e-04 -3.377515997295465599e-03 -1.217300860852234918e-03 3.824726817182440720e-03 5.232192906053375649e-03 1.298027679414053177e-02
-1.035256845610704637e-04 9.247790556300313197e-04 -4.869972059793632583e-04 -4.050937695574877324e-03 -1.460808756264538912e-03 4.589586208684853785e-03 6.277952531067498843e-03 1.557952164893659092e-02
-1.208205792243758725e-04 1.078796343451991812e-03 -5.684952881294668163e-04 -4.723662665325735477e-03 -1.704332544259439843e-03 5.354416937185003944e-03 7.323485656347514770e-03 1.817983401909292057e-02
-1.381270853272523040e-04 1.232781450881125689e-03 -6.500883220418071217e-04 -5.395689656126374106e-03 -1.947872218342065580e-03 6.119219000257982398e-03 8.368792204144126848e-03 2.078121578397111938e-02
-1.554452056692255874e-04 1.386734369704201207e-03 -7.317763564255045164e-04 -6.067017412601295213e-03 -2.191427772019823202e-03 6.883992395486916889e-03 9.413872096617747001e-03 2.338366883055421203e-02
-1.727749430499223558e-04 1.540655091705113704e-03 -8.135594402132084908e-04 -6.737644674389022155e-03 -2.434999198802118622e-03 7.648737120461574814e-03 1.045872525583735682e-02 2.598719505349546613e-02
