0.000000000000000000e+00 0.000000000000000000e+00 0.000000000000000000e+00 0.000000000000000000e+00 0.000000000000000000e+00 0.000000000000000000e+00 0.000000000000000000e+00 0.000000000000000000e+00
1.789391159774663970e-03 1.864882856970149355e-03 -7.705197073928709509e-04 -2.883754309351975985e-03 2.493420600888977563e-03 7.002164626779083453e-03 9.476424904108760733e-03 6.566644054437811850e-03
3.578473702979688767e-03 3.732170125785942792e-03 -1.541742958315196321e-03 -5.768900870450390135e-03 4.984527661513400362e-03 1.400413082766043156e-02 1.895425194986433831e-02 1.313439793339128171e-02
5.367247006964788458e-03 5.601868913357263384e-03 -2.313677560723039275e-03 -8.655438359598987413e-03 7.473321915407204682e-03 2.100590001411621957e-02 2.843347955647955450e-02 1.970326107264016441e-02
7.155710440387239718e-03 7.473986375796926734e-03 -3.086331466350514946e-03 -1.154336534983356824e-02 9.959804101069089782e-03 2.800747359461017161e-02 3.791410620305289692e-02 2.627323284612605170e-02
8.943863362781622264e-03 9.348529717349302742e-03 -3.859712771621155811e-03 -1.443268030850975749e-02 1.244397496173441260e-02 3.500885297414245423e-02 4.739613043203346615e-02 3.284431256316262815e-02
1.073170512410789521e-02 1.122550618921273370e-02 -4.633829718387580225e-03 -1.732338159493307730e-02 1.492583524513815645e-02 4.201003955380590987e-02 5.687955085274286338e-02 3.941649946560022572e-02
1.251923506427512871e-02 1.310492308824746932e-02 -5.408690694484505346e-03 -2.021546745803804584e-02 1.740538570326382109e-02 4.901103473034616742e-02 6.636436614494303776e-02 4.598979272494866516e-02
1.430645251263918880e-02 1.498678775556877910e-02 -6.184304234083939575e-03 -2.310893603412399536e-02 1.988262709207811590e-02 5.601183989573301630e-02 7.585057506245015957e-02 5.256419143945493394e-02
1.609335678747529294e-02 1.687110757501451147e-02 -6.960679017837962876e-03 -2.600378534465162123e-02 2.235756017125017231e-02 6.301245643674611985e-02 8.533817643678466569e-02 5.913969463114984726e-02
1.787994719541994779e-02 1.875788997148655768e-02 -7.737823872794876746e-03 -2.890001329411156020e-02 2.483018570385688017e-02 7.001288573457635500e-02 9.482716918085692948e-02 6.571630124285547658e-02
