0.000000000000000000e+00 0.000000000000000000e+00 0.000000000000000000e+00 0.000000000000000000e+00 0.000000000000000000e+00 0.000000000000000000e+00 0.000000000000000000e+00 0.000000000000000000e+00
6.057279765742133379e-04 8.800861253375801072e-05 -1.197901494412394429e-04 -4.933782841442215438e-04 2.050473240827855627e-03 1.261265403283161335e-03 1.131059976206304826e-03 1.606287395093716720e-03
1.211550594749700701e-03 1.758370345112068031e-04 -2.396961360964493129e-04 -9.858138849776067018e-04 4.104080533384615523e-03 2.523120932933090380e-03 2.261347874983608494e-03 3.210583310352756008e-03
1.817473913369547969e-03 2.634832978793473935e-04 -3.597197975119578294e-04 -1.477299684049485301e-03 6.160857119530573425e-03 3.785575600250301077e-03 3.390854577590470681e-03 4.812853118114427710e-03
2.423504097930011258e-03 3.509453993026109635e-04 -4.798630022573968212e-04 -1.967828440842087252e-03 8.220838861115411025e-03 5.048638573830773954e-03 4.519570804859966533e-03 6.413061582073017672e-03
3.029647423127398032e-03 4.382212993512775217e-04 -6.001276506643674329e-04 -2.457392789932789836e-03 1.028406225452609471e-02 6.312319183249155696e-03 5.647487113506174591e-03 8.011172843364422133e-03
3.635910275200801393e-03 5.253089216831932466e-04 -7.205156755105780525e-04 -2.945985238170024424e-03 1.235056444477963811e-02 7.576626922599154559e-03 6.774593892479828516e-03 9.607150406855436559e-03
4.242299154340451600e-03 6.122061522067273782e-04 -8.410290427192602860e-04 -3.433598161770243413e-03 1.442038323999255030e-02 8.841571454133638139e-03 7.900881359231089543e-03 1.120095712707650133e-02
4.848820677152494880e-03 6.989108382189208836e-04 -9.616697520791226772e-04 -3.920223803336875777e-03 1.649355712624136008e-02 1.010716261199915214e-02 9.026339555861094543e-03 1.279255519377242058e-02
5.455481579191759529e-03 7.854207875191711839e-04 -1.082439837981480357e-03 -4.405854268796558643e-03 1.857012528282281361e-02 1.137341040607147032e-02 1.015095834518271734e-02 1.438190611707136808e-02
6.062288717559879449e-03 8.717337675002846502e-04 -1.203341370177610052e-03 -4.890481524250765537e-03 2.065012759792600808e-02 1.264032502589293450e-02 1.127472740666396640e-02 1.596897071225425804e-02
