0.000000000000000000e+00 0.000000000000000000e+00 0.000000000000000000e+00 0.000000000000000000e+00
3.930136945839044979e-04 -7.752514049067613534e-04 1.188572736224986293e-03 2.697145592835934174e-03
7.836007719369187568e-04 -1.551818632864019384e-03 2.368604041643126296e-03 5.404234943193610835e-03
1.171732223306102758e-03 -2.329723914360535761e-03 3.539961125644698527e-03 8.121405923473729721e-03
1.557378459858778331e-03 -3.108989863665605983e-03 4.702508700816525680e-03 1.084879905528474478e-02
1.940509301584261888e-03 -3.889639485693783660e-03 5.856108935574705007e-03 1.358655756507785688e-02
2.321093962298882273e-03 -4.671696184269459422e-03 7.000621394566945363e-03 1.633482744920508600e-02
2.699101034194443475e-03 -5.455183770596195095e-03 8.135902977402449318e-03 1.909375754085308394e-02
3.074498471915579692e-03 -6.240126471938237107e-03 9.261807855645906931e-03 2.186349957892261622e-02
3.447253576147745347e-03 -7.026548940521047844e-03 1.037818740802922204e-02 2.464420827891517646e-02
3.817332976697650378e-03 -7.814476262653677341e-03 1.148489015381345610e-02 2.743604140589410781e-02
