0.000000000000000000e+00 0.000000000000000000e+00 0.000000000000000000e+00 0.000000000000000000e+00 0.000000000000000000e+00 0.000000000000000000e+00
2.395956561002665630e-03 1.449572618666408134e-05 -2.410452287189319628e-03 7.346633976991196260e-03 9.155534721918170971e-03 7.696818498905941969e-03
4.793461907475894505e-03 2.908248765906855295e-05 -4.822544395134801404e-03 1.469437345747388879e-02 1.830810911331456903e-02 1.539549182484284580e-02
7.192519692996319700e-03 4.376091993874378118e-05 -7.236280612934802188e-03 2.204322115859852840e-02 2.745771586521610769e-02 2.309602456963201142e-02
9.593133578299477965e-03 5.853166681035293188e-05 -9.651665245109625549e-03 2.939317977663211123e-02 3.660434770352986172e-02 3.079842131110011386e-02
1.199530723027239509e-02 7.339538097444380307e-05 -1.206870261124649152e-02 3.674425198530986703e-02 4.574799739198982806e-02 3.850268661177805307e-02
1.439904432090919305e-02 8.835272476333515951e-05 -1.448739704567199131e-02 4.409644043411808934e-02 5.488865773523086966e-02 4.620882501754408622e-02
1.680434852622722866e-02 1.034043709283727352e-04 -1.690775289715513996e-02 5.144974774650683258e-02 6.402632158199501877e-02 5.391684105620674072e-02
1.921122352514071166e-02 1.185510035015312560e-04 -1.932977452864177367e-02 5.880417651802122281e-02 7.316098182848101983e-02 6.162673923602158405e-02
2.161967299828893713e-02 1.337933187357323583e-04 -2.175346631702400682e-02 6.615972931435598614e-02 8.229263142184760349e-02 6.933852404413622106e-02
2.402970062681437924e-02 1.491320261337181902e-04 -2.417883265294737058e-02 7.351640866931685725e-02 9.142126336388263497e-02 7.705219994495575431e-02
