0.000000000000000000e+00 0.000000000000000000e+00 0.000000000000000000e+00 0.000000000000000000e+00 0.000000000000000000e+00 0.000000000000000000e+00 0.000000000000000000e+00 0.000000000000000000e+00 0.000000000000000000e+00 0.000000000000000000e+00
2.706393202646792872e-04 2.272349873403552666e-04 9.950761614724727201e-05 -1.347507639882339727e-04 -8.722489659137538758e-04 6.796149481834801252e-04 6.173956117875059298e-04 1.098226420763646037e-03 1.555106009556671319e-03 3.076450256229238886e-03
5.404256402484617543e-04 4.544282861087726804e-04 1.990970639648934623e-04 -2.693695733952782955e-04 -1.744116961815163304e-03 1.356291694840592752e-03 1.233709926488742864e-03 2.196328201294027883e-03 3.111086479073273126e-03 6.157375811630109129e-03
8.093572980714519843e-04 6.815793407977702948e-04 2.987684008299141647e-04 -4.038558891817177867e-04 -2.615601598251130443e-03 2.030020517751004398e-03 1.848940169636877767e-03 3.294304818855581067e-03 4.667943792660529147e-03 9.242789827594688479e-03
1.077432622228457473e-03 9.086875922076357226e-04 3.985216842556981516e-04 -5.382091689110437855e-04 -3.486700470398905287e-03 2.700791662373862485e-03 2.463083555473663186e-03 4.392155747009711050e-03 6.225680343048522677e-03 1.233270551950232073e-02
1.344649931701019999e-03 1.135752477411960731e-03 4.983569718540469288e-04 -6.724288667409514513e-04 -4.357411157995637677e-03 3.368595342105118375e-03 3.076137287085591900e-03 5.489880455619919331e-03 7.784298531534186716e-03 1.542713615680961145e-02
1.611007535882440439e-03 1.362773429735250922e-03 5.982743213360672231e-04 -8.065144334004739667e-04 -5.227731225233482257e-03 4.033421738133154133e-03 3.688098556342867939e-03 6.587478410825783025e-03 9.343800768028057147e-03 1.852609506334766676e-02
1.876503734504994655e-03 1.589749878728813131e-03 6.982737905120735668e-04 -9.404653161662601939e-04 -6.097658220653525557e-03 4.695260999292944111e-03 4.298964543832145720e-03 7.684949075018649225e-03 1.090418947110092726e-02 2.162959561761580024e-02
2.141136817564242949e-03 1.816681250146787944e-03 7.983554372926066891e-04 -1.074280958840101441e-03 -6.967189677039301726e-03 5.354103241920892854e-03 4.908732418794384440e-03 8.782291906814390300e-03 1.246546706802762090e-02 2.473765125308639845e-02
2.404905065243885965e-03 2.043566965923094246e-03 8.985193196872411645e-04 -1.207960801724556211e-03 -7.836323111309830350e-03 6.009938549704724707e-03 5.517399339060611273e-03 9.879506361030581871e-03 1.402763599483579024e-02 2.785027545850144587e-02
2.667806747839845602e-03 2.270406444147062431e-03 9.987654958069759701e-04 -1.341504281599657095e-03 -8.705056024410740001e-03 6.662756973538057174e-03 6.124962450984479216e-03 1.097659188865888168e-02 1.559069869635061785e-02 3.096748177818094139e-02
