0.000000000000000000e+00 0.000000000000000000e+00 0.000000000000000000e+00 0.000000000000000000e+00 0.000000000000000000e+00 0.000000000000000000e+00
5.897316281450267926e-04 -3.304765537909521878e-06 -5.696205713416203475e-04 1.972069481518688976e-03 1.130482302419258183e-03 1.891875545051075348e-03
1.179035891434123719e-03 -6.614893327236480601e-06 -1.138779496570853800e-03 3.944901058059605524e-03 2.260873652975814527e-03 3.784188808295195494e-03
1.767912529675572889e-03 -9.930396505625536542e-06 -1.707476453729538405e-03 5.918495546155071868e-03 3.391174059401075910e-03 5.676939224144750273e-03
2.356361282552972732e-03 -1.325128826322705392e-05 -2.275711120594204467e-03 7.892853765770537280e-03 4.521383529453943707e-03 7.570126223404885675e-03
2.944381889632763545e-03 -1.657758184550980245e-05 -2.843483174672402358e-03 9.867976540356784149e-03 5.651502070927683086e-03 9.463749233245204867e-03
3.531974090363621324e-03 -1.990929055196897460e-05 -3.410792293202401758e-03 1.184386469687529961e-02 6.781529691649533335e-03 1.135780767718014631e-02
4.119137624076158084e-03 -2.324642773776558060e-05 -3.977638153151516996e-03 1.382051906581829859e-02 7.911466399481590847e-03 1.325230097504469760e-02
4.705872229982143405e-03 -2.658900681333801604e-05 -4.544020431215886960e-03 1.579794048123389291e-02 9.041312202319788660e-03 1.514722854297424585e-02
5.292177647174609381e-03 -2.993704124492362246e-05 -5.109938803819148029e-03 1.777612978074753769e-02 1.017106710809533715e-02 1.704258979338036523e-02
5.878053614626988464e-03 -3.329054455488423257e-05 -5.675392947111264873e-03 1.975508780558590458e-02 1.130073112477321395e-02 1.893838413492935149e-02
