0.000000000000000000e+00 0.000000000000000000e+00 0.000000000000000000e+00 0.000000000000000000e+00 0.000000000000000000e+00 0.000000000000000000e+00 0.000000000000000000e+00 0.000000000000000000e+00
1.591014807249946546e-03 9.980920290466664506e-04 1.156011688195560246e-04 -2.704708005116298122e-03 3.433993150935114869e-03 6.625910969403949954e-03 9.186492424154266492e-03 7.794911795668244686e-03
3.174726130797772029e-03 2.003591232561132991e-03 2.396626665239623216e-04 -5.417980029882642559e-03 6.839280564536330542e-03 1.323439621674937956e-02 1.838861948493573234e-02 1.562032041410136088e-02
4.750995283302524713e-03 3.016619701713239496e-03 3.723347147060633100e-04 -8.139949699721708148e-03 1.021536879683787417e-02 1.982517269387537237e-02 2.760664900748593595e-02 2.347673452228487764e-02
6.319680420786981043e-03 4.037302022647155410e-03 5.137710779571567866e-04 -1.087075352139087181e-02 1.356175345096984064e-02 2.639795100765126787e-02 3.684085472766834846e-02 3.136467417435587213e-02
7.880636452438244746e-03 5.065765339513996629e-03 6.641291670010934659e-04 -1.361053095895283643e-02 1.687791887223560536e-02 3.295243524062412693e-02 4.609151645577240497e-02 3.928467113217454232e-02
9.433714947290165742e-03 6.102139419396132754e-03 8.235701453804178049e-04 -1.635942451206612303e-02 2.016333783297370036e-02 3.948832276555611087e-02 5.535892024565463448e-02 4.723726919678404579e-02
1.097876403765958228e-02 7.146556719181588503e-03 9.922590398295234697e-04 -1.911757979666987156e-02 2.341747120679415692e-02 4.600530405360467312e-02 6.464335856953612458e-02 5.522302455119457165e-02
1.251562831920382569e-02 8.199152454460465270e-03 1.170364854483131514e-03 -2.188514562814668218e-02 2.663976763178446325e-02 5.250306247589624914e-02 7.394513049866667520e-02 6.324250611494376673e-02
1.404414874746261373e-02 9.260064670509758969e-03 1.358060689071603939e-03 -2.466227410704352474e-02 2.982966316223701828e-02 5.898127409821761480e-02 8.326454189008879181e-02 7.129629591090916318e-02
1.556416253073864518e-02 1.032943431543866496e-02 1.555523861260179989e-03 -2.744912070743677629e-02 3.298658090844870661e-02 6.543960746855588539e-02 9.260190557974053160e-02 7.938498944486835351e-02
