0.000000000000000000e+00 0.000000000000000000e+00 0.000000000000000000e+00 0.000000000000000000e+00
3.941201777360654767e-04 -4.041462805335004852e-04 9.958748021836093603e-04 9.576246734125330035e-04
7.880313011208427967e-04 -8.081194378626885364e-04 1.991654199109012084e-03 1.915160575890924527e-03
1.181733374784805970e-03 -1.211919498349473337e-03 2.987337941622403813e-03 2.872607528877141412e-03
1.575226403420616240e-03 -1.615546488403240199e-03 3.982925780350385879e-03 3.829965353701403948e-03
1.968510391784666913e-03 -2.019000434482005890e-03 4.978417465702687957e-03 4.787233871586576463e-03
2.361585344696416188e-03 -2.422281363092184444e-03 5.973812747870989315e-03 5.744412903648483254e-03
2.754451267038272779e-03 -2.825389300788329772e-03 6.969111376828913615e-03 6.701502270894041380e-03
3.147108163755775456e-03 -3.228324274173358793e-03 7.964313102331728803e-03 7.658501794222503586e-03
3.539556039856631142e-03 -3.631086309898234193e-03 8.959417673913949720e-03 8.615411294423367533e-03
3.931794900411030198e-03 -4.033675434661643938e-03 9.954424840889595713e-03 9.572230592177037589e-03
