0.000000000000000000e+00 0.000000000000000000e+00 0.000000000000000000e+00 0.000000000000000000e+00 0.000000000000000000e+00 0.000000000000000000e+00 0.000000000000000000e+00 0.000000000000000000e+00 0.000000000000000000e+00 0.000000000000000000e+00
5.219805473739876208e-04 2.323863410586353342e-03 5.389201183996133798e-04 -1.734368103748021262e-03 -1.650395972611909227e-03 -5.764418266312842758e-04 3.315003635200201859e-03 8.678998433494952008e-03 6.759216907497481858e-03 2.283476090551921425e-03
1.042974352863162632e-03 4.648803286844631344e-03 1.079020082253329344e-03 -3.470485966894394994e-03 -3.300311755066659154e-03 -1.154017756909134999e-03 6.629135629985858161e-03 1.736110499761194664e-02 1.351925149534496766e-02 4.565032114192922597e-03
1.562979971740931576e-03 6.974817861683823596e-03 1.620306216612774118e-03 -5.208358336248995399e-03 -4.949745713788333314e-03 -1.732728264100498851e-03 9.942397050748492601e-03 2.604632107163450810e-02 2.028010323517041510e-02 6.844666626886826422e-03
2.081995943055910386e-03 9.301905319698069302e-03 2.162784900750873256e-03 -6.947989939320275976e-03 -6.598696224184288570e-03 -2.312573830147241806e-03 1.325478894935215243e-02 3.473464805336805294e-02 2.704177160549114944e-02 9.122378182389206600e-03
2.600020789442357167e-03 1.163006379671067958e-02 2.706462566817849358e-03 -8.689385481946374293e-03 -8.247161671024183516e-03 -2.893554945664965610e-03 1.656631236140254301e-02 4.342608736082694681e-02 3.380425609182464292e-02 1.139816533217760317e-02
3.117053016940490081e-03 1.395929137936301190e-02 3.251345698353827127e-03 -1.043254964583737940e-02 -9.895140448819530338e-03 -3.475672109929439212e-03 1.987696830446899349e-02 5.212064043396214680e-02 4.056755618680781689e-02 1.367202662537088040e-02
3.633091114830865487e-03 1.628958610475167781e-02 3.797440828648568183e-03 -1.217748708602807255e-02 -1.154263096220270804e-02 -4.058925830855389383e-03 2.318675777625104489e-02 6.081830873642925239e-02 4.733167139032929543e-02 1.594396060863953121e-02
4.148133555480473279e-03 1.862094596011824518e-02 4.344754538942501888e-03 -1.392420242823708826e-02 -1.318963162630363770e-02 -4.643316624964148771e-03 2.649568175269681122e-02 6.951909375739021013e-02 5.409660120967917096e-02 1.821396582610535636e-02
4.662178794203293737e-03 2.095336888259504218e-02 4.893293456460614914e-03 -1.567270026613236389e-02 -1.483614086712615847e-02 -5.228845017342284920e-03 2.980374118606935949e-02 7.822299701334786692e-02 6.086234515971610665e-02 2.048204081922915670e-02
5.175225269136143370e-03 2.328685275901181545e-02 5.443064252272462530e-03 -1.742298515849915325e-02 -1.648215712192079019e-02 -5.815511541587965218e-03 3.311093700296829923e-02 8.693002005001075616e-02 6.762890276305656700e-02 2.274818412668599965e-02
