0.000000000000000000e+00 0.000000000000000000e+00 0.000000000000000000e+00 0.000000000000000000e+00 0.000000000000000000e+00 0.000000000000000000e+00
3.780520727634305994e-03 -5.200221473564223956e-05 -3.728518512898714929e-03 7.708995950088198823e-03 1.401033818806476233e-02 7.510831104114118299e-03
7.564120635423565893e-03 -1.042154774550138434e-04 -7.459905157968430185e-03 1.541676770319270681e-02 2.802328115874841430e-02 1.502028162259232483e-02
1.135080742711459117e-02 -1.566427335317475186e-04 -1.119416469358272895e-02 2.312332196065411405e-02 4.203881539089721064e-02 2.252835837524900381e-02
1.514058876668505395e-02 -2.092870578112955224e-04 -1.493130170887352337e-02 3.082866544179002632e-02 5.605692733459727989e-02 3.003506819267977995e-02
1.893347226845870299e-02 -2.621516616704688135e-04 -1.867132060678793753e-02 3.853280487184791020e-02 7.007760343513153023e-02 3.754041790435470177e-02
2.272946548665639305e-02 -3.152399004774635721e-04 -2.241422558617857733e-02 4.623574696896172453e-02 8.410083015896323289e-02 4.504441432567586612e-02
2.652857590435848956e-02 -3.685552814678763611e-04 -2.616002062289029401e-02 5.393749843005639366e-02 9.812659402187894064e-02 5.254706424393240649e-02
3.033081092185578240e-02 -4.221014720489834823e-04 -2.990870944980630192e-02 6.163806591563524701e-02 1.121548816194257447e-01 6.004837440307331242e-02
3.413617784436327046e-02 -4.758823085434767466e-04 -3.366029553581938866e-02 6.933745603339114272e-02 1.261856796597734254e-01 6.754835148723657701e-02
3.794468386907495078e-02 -5.299018053819895546e-04 -3.741478206369239223e-02 7.703567532057102596e-02 1.402189749991486767e-01 7.504700210294797114e-02
