0.000000000000000000e+00 0.000000000000000000e+00 0.000000000000000000e+00 0.000000000000000000e+00 0.000000000000000000e+00 0.000000000000000000e+00
8.712443908607384914e-04 -8.215717415745217860e-05 -6.090798032774449953e-04 2.700810444844126048e-03 1.634485462128074280e-03 1.774996200976588926e-03
1.741665727290747688e-03 -1.643580760851208163e-04 -1.217632682007080977e-03 5.402766192614410351e-03 3.269059111745936230e-03 3.549948044106949682e-03
2.611263073846539079e-03 -2.466028069131667722e-04 -1.825658646908491370e-03 8.105866791671930902e-03 4.903721219952732017e-03 5.324854678155328293e-03
3.480035494637188660e-03 -3.288914681098118104e-04 -2.433157709299161534e-03 1.081011178576257725e-02 6.538472058278848795e-03 7.099715251194541228e-03
4.347982053343315244e-03 -4.112241614844330492e-04 -3.040129881101602191e-03 1.351550071407955911e-02 8.173311898711522680e-03 8.874528910639192109e-03
5.215101813217919852e-03 -4.936009891881227608e-04 -3.646575174843770095e-03 1.622203311124924968e-02 9.808241013692908447e-03 1.064929480324566975e-02
6.081393837088231238e-03 -5.760220537155268539e-04 -4.252493603659117036e-03 1.892970850731347243e-02 1.144325967612302465e-02 1.242401207511413877e-02
6.946857187357766313e-03 -6.584874579055201684e-04 -4.857885181286904913e-03 2.163852642771302640e-02 1.307836815936047614e-02 1.419867987169031592e-02
7.811490926007521457e-03 -7.409973049426676547e-04 -5.462749922072865361e-03 2.434848639327258715e-02 1.471356673722381582e-02 1.597329733776462271e-02
8.675294114598096698e-03 -8.235516983579511691e-04 -6.067087840968684968e-03 2.705958792018241590e-02 1.634885568399243455e-02 1.774786361747569124e-02
