0.000000000000000000e+00 0.000000000000000000e+00 0.000000000000000000e+00 0.000000000000000000e+00 0.000000000000000000e+00 0.000000000000000000e+00
4.199818278944215727e-04 3.447548076631773179e-05 -6.185911282836577176e-04 1.335818578201597613e-03 1.068977960208565472e-03 2.119318309023108127e-03
8.387036590705089934e-04 6.925055486429729289e-05 -1.237653108374620710e-03 2.667887621018467850e-03 2.137868143337050362e-03 4.243430662145712684e-03
1.256154149858132191e-03 1.043288548807455200e-04 -1.857195357402878846e-03 3.996152791504800281e-03 3.206670340768295532e-03 6.372392740103867241e-03
1.672321765472791974e-03 1.397140732565369426e-04 -2.477227442033903219e-03 5.320558854470971814e-03 4.275384337960584993e-03 8.506261153970450309e-03
2.087194776216003047e-03 1.754099634840090068e-04 -3.097759081550930781e-03 6.641049658664891289e-03 5.344009914358291598e-03 1.064509346461492076e-02
2.500761253238681110e-03 2.114203413778203858e-04 -3.718800150849483482e-03 7.957568117832578697e-03 6.412546843216118328e-03 1.278894820264920261e-02
2.913009064194704498e-03 2.477490863787099734e-04 -4.340360683499715731e-03 9.270056191309706400e-03 7.480994891414499866e-03 1.493788488888460851e-02
3.323925868777632877e-03 2.844001428885875463e-04 -4.962450874884634551e-03 1.057845486412658902e-02 8.549353819270162982e-03 1.709196405530205923e-02
3.733499114143671010e-03 3.213775216411867580e-04 -5.585081085408261613e-03 1.188270412661345497e-02 9.617623380339355987e-03 1.925124726656161911e-02
4.141716030208302153e-03 3.586853011056049395e-04 -6.208261843784042278e-03 1.318274295349387837e-02 1.068580332121601625e-02 2.141579714205876783e-02
