0.000000000000000000e+00 0.000000000000000000e+00 0.000000000000000000e+00 0.000000000000000000e+00 0.000000000000000000e+00 0.000000000000000000e+00
3.983051694803466970e-03 -2.078440298179086432e-03 -1.904611396624315053e-03 1.256386969363089412e-02 1.097953956614667118e-02 2.579542129063473223e-03
7.973779208009297570e-03 -4.168914783629115717e-03 -3.804864424380241267e-03 2.514989482695875397e-02 2.195608883069015069e-02 5.139919120032879207e-03
1.197222576824289592e-02 -6.271501871333993311e-03 -5.700723896909102965e-03 3.775818407964424278e-02 3.292963106000548063e-02 7.681039026873193523e-03
1.597843491911970712e-02 -8.386280651974529349e-03 -7.592154267145320018e-03 5.038884666310592536e-02 4.390014995243081419e-02 1.020280893982687155e-02
1.999245052162677144e-02 -1.051333089806247983e-02 -9.479119623564418243e-03 6.304199232308110856e-02 5.486762965569825373e-02 1.270513496542528126e-02
2.401431675720537909e-02 -1.265273307046847068e-02 -1.136158368673700902e-02 7.571773134252453297e-02 6.583205478431161661e-02 1.518792220620975193e-02
2.804407813161691881e-02 -1.480456832540087697e-02 -1.323950980621628644e-02 8.841617454484508587e-02 7.679341043688055202e-02 1.765107474016095607e-02
3.208177947968161164e-02 -1.696891852189632080e-02 -1.511286095778559095e-02 1.011374332974696866e-01 8.775168221342885544e-02 2.009449559982895081e-02
3.612746597098717705e-02 -1.914586622989203693e-02 -1.698159974109527542e-02 1.138816195157190819e-01 9.870685623269787046e-02 2.251808675115136299e-02
4.018118311667302767e-02 -2.133549473895711424e-02 -1.884568837771619793e-02 1.266488456669772611e-01 1.096589191494740240e-01 2.492174907195837327e-02
