0.000000000000000000e+00 0.000000000000000000e+00 0.000000000000000000e+00 0.000000000000000000e+00 0.000000000000000000e+00 0.000000000000000000e+00 0.000000000000000000e+00 0.000000000000000000e+00
3.383398487075471128e-04 1.458929963477334621e-04 -2.217241679932862946e-05 -7.149611885074986335e-04 1.068894963160624094e-03 8.316465744135802989e-04 1.306572995941555123e-03 2.455058068343970220e-03
6.764204983419684451e-04 2.917016366752407989e-04 -4.430766804704127081e-05 -1.429343667247940514e-03 2.137622424842117261e-03 1.663096496128935436e-03 2.613106383036766390e-03 4.911565745165289397e-03
1.014241961457884155e-03 4.374258181956732893e-04 -6.640577143974796378e-05 -2.143146506658267711e-03 3.206181972387536598e-03 2.494349664986980283e-03 3.919600087886067862e-03 7.369524344663012233e-03
1.351804250673907049e-03 5.830654379830292004e-04 -8.846674472956873381e-05 -2.856368775392182941e-03 4.274573192579911481e-03 3.325405980733082880e-03 5.226054036909317559e-03 9.828935182612004093e-03
1.689107378672810144e-03 7.286203929705358049e-04 -1.104906057228085615e-04 -3.569009540318605987e-03 5.342795671638696058e-03 4.156265343020725672e-03 6.532468156350009804e-03 1.228979957640567375e-02
2.026151358202146670e-03 8.740905799511223921e-04 -1.324773722810060296e-04 -4.281067866516127460e-03 6.410848995220026422e-03 4.986927651410374800e-03 7.838842372277405462e-03 1.475211884506107823e-02
2.362936202073062653e-03 1.019475895575754553e-03 -1.544270623206778919e-04 -4.992542817268277346e-03 7.478732748413840538e-03 5.817392805369869975e-03 9.145176610583763757e-03 1.721589430922374972e-02
2.699461923160655780e-03 1.164776236354103786e-03 -1.763396938133630107e-04 -5.703433454057555384e-03 8.546446515742813985e-03 6.647660704273593117e-03 1.045147079698453656e-02 1.968112729117049015e-02
3.035728534403962179e-03 1.309991498653579950e-03 -1.982152847859458957e-04 -6.413738836560250317e-03 9.613989881159667669e-03 7.477731247402558123e-03 1.175772485701932595e-02 2.214781911481324486e-02
3.371736048804971526e-03 1.455121578699079517e-03 -2.200538533214313941e-04 -7.123458022641215338e-03 1.068136242804635164e-02 8.307604333944366634e-03 1.306393871604848503e-02 2.461597110570479599e-02
