0.000000000000000000e+00 0.000000000000000000e+00 0.000000000000000000e+00 0.000000000000000000e+00 0.000000000000000000e+00 0.000000000000000000e+00 0.000000000000000000e+00 0.000000000000000000e+00 0.000000000000000000e+00 0.000000000000000000e+00
1.463346024242841810e-03 5.077167739174829036e-04 3.785316177084532743e-06 -4.984779042281263940e-04 -1.476370208234247623e-03 3.867664751794013586e-03 5.040024258152965737e-03 5.163224816379585573e-03 5.076897245941071682e-03 3.919790493915725413e-03
2.926730312897085629e-03 1.015311385383210014e-03 7.604034243974874124e-06 -9.967159318217456467e-04 -2.952929798815470772e-03 7.735589226239212440e-03 1.007952912537813175e-02 1.032604891287154138e-02 1.015363989736732010e-02 7.840395968661222417e-03
4.390151452037672174e-03 1.522784544731701486e-03 1.145660502245657991e-05 -1.494713133756192915e-03 -4.429679466136312443e-03 1.160377006308599586e-02 1.511851170298339139e-02 1.548847223703514811e-02 1.523023056919799688e-02 1.176182012254814967e-02
5.853608002306616431e-03 2.030136971552957970e-03 1.534349045143588476e-05 -1.992468544968639503e-03 -5.906619917431460767e-03 1.547220383446980783e-02 2.015696904289980204e-02 2.065049474161597537e-02 2.030667192857425751e-02 1.568406671162345459e-02
7.317098499031883703e-03 2.537369394739483544e-03 1.926516404115855875e-05 -2.489981182617870097e-03 -7.383751873271369309e-03 1.934088704306125006e-02 2.519489814751956283e-02 2.581211638548274248e-02 2.538296669580124634e-02 1.960713955164904154e-02
8.780621451725562077e-03 3.044482552630878389e-03 2.322211122595882471e-05 -2.987250045736244541e-03 -8.861076067910656981e-03 2.320981612048841555e-02 3.023229596858157883e-02 3.097333713372774078e-02 3.045911764550772449e-02 2.353104251953936840e-02
1.024417534357041637e-02 3.551477193163352867e-03 2.721482972982891199e-05 -3.484274114870863567e-03 -1.033859324964500094e-02 2.707898742571546169e-02 3.526915940601276639e-02 3.613415695777374981e-02 3.553512760783342217e-02 2.745577955483954891e-02
1.170775863089474483e-02 4.058354074023117625e-03 3.124382994364139840e-05 -3.981052351719926302e-03 -1.181630418118123291e-02 3.094839724337580464e-02 4.030548530675082120e-02 4.129457583547729849e-02 4.061099946965116697e-02 3.138135466124873652e-02
1.317136974263358011e-02 4.565113962804767320e-03 3.530963531084372470e-05 -4.477583698760618201e-03 -1.329420964001609001e-02 3.481804178206066719e-02 4.534127046352468687e-02 4.645459375123826840e-02 4.568673617582306307e-02 3.530777190818442518e-02
1.463500707977802642e-02 5.071757637174950477e-03 3.941278272932358454e-05 -4.973867078868869640e-03 -1.477231041882829179e-02 3.868791717256050977e-02 5.037651161360917618e-02 5.161421069610408474e-02 5.076234073048890155e-02 3.923503543239550279e-02
