0.000000000000000000e+00 0.000000000000000000e+00 0.000000000000000000e+00 0.000000000000000000e+00 0.000000000000000000e+00 0.000000000000000000e+00 0.000000000000000000e+00 0.000000000000000000e+00 0.000000000000000000e+00 0.000000000000000000e+00
8.226992388198499416e-04 9.014173201359079149e-05 -1.050266892737939322e-04 -1.873464490145554818e-04 -1.892598433794245101e-04 2.944205401710054196e-03 1.489067607040792801e-03 9.866312735629775756e-04 5.016366373733289943e-04 4.213149792539770048e-04
1.645141266275098680e-03 1.800727266517061797e-04 -2.101545246043025382e-04 -3.746015225374921850e-04 -3.776336612016969042e-04 5.892873353593800802e-03 2.979125876220173243e-03 1.973106548223128864e-03 1.002135156396556865e-03 8.394379503928296000e-04
2.467324229060397292e-03 2.697921041255179220e-04 -3.153836782321097149e-04 -5.617645583014609133e-04 -5.651190841623691258e-04 8.846018207772640002e-03 4.470177886730229699e-03 2.959425150895215496e-03 1.501492145991103642e-03 1.254357959807752372e-03
3.289246260929306383e-03 3.592989791859218813e-04 -4.207143232404115803e-04 -7.488348898206555063e-04 -7.517137276645027540e-04 1.180365438407849320e-02 5.962226731805533864e-03 3.945586404102737442e-03 1.999704178496860239e-03 1.666064008706539699e-03
4.110905482625181774e-03 4.485924611248214770e-04 -5.261466335189137747e-04 -9.358118463659078484e-04 -9.374151919308876691e-04 1.476579637025793659e-02 7.455275518691572255e-03 4.931589625986767741e-03 2.496767809787194328e-03 2.074545053351211157e-03
4.932300001783164467e-03 5.376716537337462637e-04 -6.316807837701866879e-04 -1.122694752934623756e-03 -1.122221061881118354e-03 1.773245872240789348e-02 8.949327368735942798e-03 5.917434130271371009e-03 2.992679579156974808e-03 2.479790004789001606e-03
5.753427912832638665e-03 6.265356552635417816e-04 -7.373169495159536150e-04 -1.309482930220955870e-03 -1.306128907008051064e-03 2.070365606541770681e-02 1.044438541748174409e-02 6.903119226233172048e-03 3.487436009212622860e-03 2.881787728581373421e-03
6.574287296896983400e-03 7.151835583821612415e-04 -8.430553071021555525e-04 -1.496175694584294140e-03 -1.489136281252800842e-03 2.367940309341399346e-02 1.194045281476458636e-02 7.888644218669140298e-03 3.981033605756146773e-03 3.280527044531732130e-03
7.394876221693707542e-03 8.036144501338510042e-04 -9.488960337064962156e-04 -1.682772358019639673e-03 -1.671240722878818055e-03 2.665971457020850297e-02 1.343753272480329927e-02 8.874008407865886100e-03 4.473468857674117900e-03 3.675996726408491903e-03
8.215192741433540932e-03 8.918274118963736554e-04 -1.054839307343037212e-03 -1.869272228125658719e-03 -1.852439754344485309e-03 2.964460532975047094e-02 1.493562832630011827e-02 9.859211089565236841e-03 4.964738236820323558e-03 4.068185501668928825e-03
