0.000000000000000000e+00 0.000000000000000000e+00 0.000000000000000000e+00 0.000000000000000000e+00 0.000000000000000000e+00 0.000000000000000000e+00 0.000000000000000000e+00 0.000000000000000000e+00
1.770245294924564089e-03 1.823347738047783706e-04 1.474468445810126274e-04 -2.100026918632545529e-03 4.010664939580807845e-03 6.489260674718401109e-03 7.127055782249815466e-03 4.876210141617856077e-03
3.541255885165944979e-03 3.643218561487751627e-04 2.958273575840197119e-04 -4.201405104380931919e-03 8.020752550223501226e-03 1.297892932358187673e-02 1.425481573875535084e-02 9.751885429009468642e-03
5.313032634834620287e-03 5.459611215486081734e-04 4.451443004698542576e-04 -6.304138062499952191e-03 1.203026139211171852e-02 1.946900759855012958e-02 2.138328195691082192e-02 1.462702359738158805e-02
7.085576394637055353e-03 7.272524622292490803e-04 5.954004510766058075e-04 -8.408229313759386231e-03 1.603919000853272839e-02 2.595949715879944039e-02 2.851245651365423919e-02 1.950162236733268481e-02
8.858888005494648665e-03 9.081957840961687317e-04 7.465986056111604055e-04 -1.051368240119291905e-02 2.004753693226035000e-02 3.245039967571428791e-02 3.564234148721131396e-02 2.437567945647775569e-02
1.063296829826686045e-02 1.088791007116281934e-03 8.987415786680928199e-04 -1.262050089022172597e-02 2.405530068536639032e-02 3.894171683314311821e-02 4.277293895683206143e-02 2.924919257964593566e-02
1.240781809347295435e-02 1.269038065707499014e-03 1.051832203241548531e-03 -1.472868836877726413e-02 2.806247977902498122e-02 4.543345032765835900e-02 4.990425100252125074e-02 3.412215944908496973e-02
1.418343820101296629e-02 1.448936909133757053e-03 1.205873330731198172e-03 -1.683824844742332766e-02 3.206907271331806142e-02 5.192560186882275858e-02 5.703627970475447923e-02 3.899457777467459085e-02
1.595982941988774440e-02 1.628487501907984001e-03 1.360867830939630450e-03 -1.894918475947615644e-02 3.607507797703572716e-02 5.841817317945689758e-02 6.416902714418466769e-02 4.386644526414924111e-02
1.773699253791893513e-02 1.807689824200945684e-03 1.516818592062766508e-03 -2.106150096112457265e-02 4.008049404747582312e-02 6.491116599591544023e-02 7.130249540133830333e-02 4.873775962332958789e-02
