0.000000000000000000e+00 0.000000000000000000e+00 0.000000000000000000e+00 0.000000000000000000e+00 0.000000000000000000e+00 0.000000000000000000e+00 0.000000000000000000e+00 0.000000000000000000e+00
6.693840514239041703e-04 1.270325562827403435e-04 -1.598967620837342277e-04 -5.022028926173514396e-04 2.258976755464766478e-03 1.303014358246101529e-03 1.178230284858181477e-03 1.511523591751967382e-03
1.338233292622700247e-03 2.540853287410505803e-04 -3.197574820937717989e-04 -1.004032362358113972e-03 4.519095662100884418e-03 2.605952266973725166e-03 2.356400982171422999e-03 3.023019343831626418e-03
2.006547063760501237e-03 3.811583974130219638e-04 -4.795821203220738548e-04 -1.505488353570001757e-03 6.780357714454515392e-03 3.908813692928819056e-03 3.534512125107973531e-03 4.534486494024508700e-03
2.674324703807536615e-03 5.082518424760078301e-04 -6.393706369850596415e-04 -2.006570810863450224e-03 9.042763908506001869e-03 5.211598602807129312e-03 4.712563746827664289e-03 6.045924278641054070e-03
3.341565550541603525e-03 6.353657442460107800e-04 -7.991229922232548225e-04 -2.507279679113180032e-03 1.130631524170777440e-02 6.514306963266667909e-03 5.890555880487717035e-03 7.557331932525153916e-03
4.008268940544690469e-03 7.625001831788623180e-04 -9.588391460999585872e-04 -3.007614903458572745e-03 1.357101271298833713e-02 7.816938740923819531e-03 7.068488559242185054e-03 9.068708689049605545e-03
4.674434209199325278e-03 8.896552398698658786e-04 -1.118519058602006387e-03 -3.507576429304592840e-03 1.583685732275631405e-02 9.119493902355006038e-03 8.246361816242284495e-03 1.058005378011120032e-02
5.340060690684408744e-03 1.016830995054898755e-03 -1.278162689638721568e-03 -4.007164202321387633e-03 1.810385007290530798e-02 1.042197241409599344e-02 9.424175684634942401e-03 1.209136643613144962e-02
6.005147717971604654e-03 1.144027529609684384e-03 -1.437769999041792635e-03 -4.506378168445115615e-03 2.037199196681679231e-02 1.172437424264286855e-02 1.060193019756450368e-02 1.360264588605115607e-02
6.669694622821777108e-03 1.271244924551401300e-03 -1.597340946565488145e-03 -5.005218273878824647e-03 2.264128400936522151e-02 1.302669935445006401e-02 1.177962538817096255e-02 1.511389135732790073e-02
