0.000000000000000000e+00 0.000000000000000000e+00 0.000000000000000000e+00 0.000000000000000000e+00 0.000000000000000000e+00 0.000000000000000000e+00
4.347729240634845213e-03 -1.557169714800825692e-03 -2.790559525834152010e-03 4.491278350878704154e-03 1.436071419085404623e-02 3.370063500165111116e-03
8.685350221648839575e-03 -3.135712972648058150e-03 -5.549637249001081532e-03 8.975301413280659460e-03 2.873937962338843008e-02 6.729431047126335080e-03
1.301155533561508537e-02 -4.735888612754071171e-03 -8.275666722861660385e-03 1.345194347024653708e-02 4.313636964757005393e-02 1.007785500787676709e-02
1.732495340832114830e-02 -6.357937844748924594e-03 -1.096701556357319689e-02 1.792107691443547632e-02 5.755206779493793334e-02 1.341507945821788887e-02
2.162406410689329470e-02 -8.002081074007610234e-03 -1.362198303288675479e-02 2.238257233337101124e-02 7.198686800610941405e-02 1.674083987000912765e-02
2.590731195128816167e-02 -9.668514355918908509e-03 -1.623879759537064787e-02 2.683629861443865075e-02 8.644117484889796144e-02 2.005486278805007627e-02
3.017301990375318571e-02 -1.135740544434385088e-02 -1.881561445941089955e-02 3.128212307266529935e-02 1.009154037240802410e-01 2.335686549653896715e-02
3.441940251107929172e-02 -1.306888939848359701e-02 -2.135051311259753698e-02 3.571991160466628235e-02 1.154099810554606031e-01 2.664655567505545830e-02
3.864455857556045593e-02 -1.480306371220857682e-02 -2.384149486335398332e-02 4.014952887254812780e-02 1.299253444605078522e-01 2.992363104402417928e-02
4.284646333290836190e-02 -1.655998293103956576e-02 -2.628648040187118312e-02 4.457083852195200396e-02 1.444619428974252828e-01 3.318777899960073663e-02
