0.000000000000000000e+00 0.000000000000000000e+00 0.000000000000000000e+00 0.000000000000000000e+00 0.000000000000000000e+00 0.000000000000000000e+00
1.633071509265289489e-03 2.630643612538855793e-03 -4.263715121804044668e-03 3.441319591186664268e-03 1.175091536442275653e-02 9.026230062973017096e-03
3.265193045808846301e-03 5.270694275794352013e-03 -8.535887321602979305e-03 6.880365276359566573e-03 2.350632755784408390e-02 1.805023720296203282e-02
4.896353386909818410e-03 7.920208660962345382e-03 -1.281656204787179516e-02 1.031713004374123360e-02 3.526625940117165958e-02 2.707200561083532991e-02
6.526541244642098533e-03 1.057924389732199134e-02 -1.710578514196375854e-02 1.375160677819546075e-02 4.703073383008071068e-02 3.609151946605503730e-02
8.155745268920185434e-03 1.324785757060627754e-02 -2.140360283952600848e-02 1.718378825880350486e-02 5.879977389666855847e-02 4.510876293744165572e-02
9.783954050694794805e-03 1.592610772130852864e-02 -2.571006177200259313e-02 2.061366715639809458e-02 7.057340277130523531e-02 5.412372018379354999e-02
1.141115612531809834e-02 1.861405284292369858e-02 -3.002520896824110996e-02 2.404123603106984169e-02 8.235164374466187598e-02 6.313637535434774017e-02
1.303733997609732125e-02 2.131175188012167723e-02 -3.434909185621816408e-02 2.746648732964887193e-02 9.413452022992967183e-02 7.214671258908375573e-02
1.466249403805601481e-02 2.401926422684559290e-02 -3.868175826490059810e-02 3.088941338316738075e-02 1.059220557652159056e-01 8.115471601886163622e-02
1.628660670193203194e-02 2.673664972432870587e-02 -4.302325642625963453e-02 3.431000640432017856e-02 1.177142740161146728e-01 9.016036976539301695e-02
