0.000000000000000000e+00 0.000000000000000000e+00 0.000000000000000000e+00 0.000000000000000000e+00 0.000000000000000000e+00 0.000000000000000000e+00 0.000000000000000000e+00 0.000000000000000000e+00 0.000000000000000000e+00 0.000000000000000000e+00
1.735868611156909751e-04 -1.388950418032129917e-05 2.533195822864267089e-04 -1.230927348757269958e-04 -4.567507614951814353e-04 5.328107046379856448e-04 5.197363797783277357e-04 1.276717426212770502e-03 1.609577376573298642e-03 1.366166965467339577e-03
3.471403938550716170e-04 -2.779806216614910073e-05 5.066250509021691124e-04 -2.461802495979782766e-04 -9.133078564575874969e-04 1.065648559474066887e-03 1.039469757577531853e-03 2.553439806233855081e-03 3.219116304410386820e-03 2.732520758403774678e-03
5.206605920579309398e-04 -4.172567049909326338e-05 7.599164065845465414e-04 -3.692625397318696333e-04 -1.369671221140728598e-03 1.598513571771015707e-03 1.559200134681127965e-03 3.830167131068148295e-03 4.828616744517772071e-03 4.099061506506535696e-03
6.941474495608649818e-04 -5.567232571649344101e-05 1.013193650095013752e-03 -4.923396008678473977e-04 -1.825840791682386112e-03 2.131405748799782441e-03 2.078927512373583610e-03 5.106899391711972568e-03 6.438078657862989634e-03 5.465789337687142549e-03
8.676009601976943054e-04 -6.963802435090695137e-05 1.266456782221016481e-03 -6.154114286230880386e-04 -2.281816504105514155e-03 2.664325097838777384e-03 2.598651891941552300e-03 6.383636579161113857e-03 8.047502005395923072e-03 6.832704380086227457e-03
1.041021117799119464e-03 -8.362276293023314247e-05 1.519705803776282829e-03 -7.384780186413833448e-04 -2.737598294317152622e-03 3.197271626175742995e-03 3.118373274671749126e-03 7.660378684409227014e-03 9.656886748048149408e-03 8.199806762071564295e-03
1.214407916192758842e-03 -9.762653797770027382e-05 1.772940715600754410e-03 -8.615393665932152356e-04 -3.193186098109008966e-03 3.730245341105992932e-03 3.638091661852646888e-03 8.937125698451149972e-03 1.126623284673248376e-02 9.567096612240595654e-03
1.387761349203393791e-03 -1.116493460118827619e-04 2.026161518560301751e-03 -9.845954681757926232e-04 -3.648579851156180144e-03 4.263246249933634602e-03 4.157807054774491709e-03 1.021387761227916108e-02 1.287554026234498904e-02 1.093457405941972507e-02
1.561081410652861729e-03 -1.256911835466559149e-04 2.279368213547184642e-03 -1.107646319112796408e-03 -4.103779489017150665e-03 4.796274359970080330e-03 4.677519454727647671e-03 1.149063441688587435e-02 1.448480895576277454e-02 1.230223923266528067e-02
1.734368094360029793e-03 -1.397520470914392411e-04 2.532560801479498327e-03 -1.230691915154794730e-03 -4.558784947133359342e-03 5.329329678535975508e-03 5.197228863005471690e-03 1.276739610326207454e-02 1.609403888784545836e-02 1.367009226126472687e-02
