0.000000000000000000e+00 0.000000000000000000e+00 0.000000000000000000e+00 0.000000000000000000e+00 0.000000000000000000e+00 0.000000000000000000e+00 0.000000000000000000e+00 0.000000000000000000e+00
3.045385776950203780e-04 1.691483600664426320e-05 1.301834675358906146e-04 -6.128363330499253785e-04 8.104115318738556442e-04 8.618825650653345969e-04 1.758932998368490687e-03 1.663088331371554394e-03
6.090069400103077010e-04 3.381892175739025766e-05 2.603323136275289499e-04 -1.225382274792361946e-03 1.620852325241345458e-03 1.723717265261732546e-03 3.517815958407983709e-03 3.326325501584224010e-03
9.134050792199312338e-04 5.071226310736460185e-05 3.904465209030268439e-04 -1.837637762576446038e-03 2.431322384406948631e-03 2.585504090669372805e-03 5.276648831227123693e-03 4.989711597436185565e-03
1.217732987593783895e-03 6.759486591398503671e-05 5.205260720185865119e-04 -2.449602733671566151e-03 3.241821713689814911e-03 3.447243031370087526e-03 7.035431567900986630e-03 6.653246706046600338e-03
1.521990657398197703e-03 8.446673603821937412e-05 6.505709496597250445e-04 -3.061277125272004410e-03 4.052350317426940338e-03 4.308934077450823907e-03 8.794164119498244780e-03 8.316930914884834714e-03
1.826178080895326161e-03 1.013278793438289135e-04 7.805811365424543445e-04 -3.672660874495768668e-03 4.862908199972338155e-03 5.170577219002275501e-03 1.055284643708015099e-02 9.980764311769968825e-03
2.130295250343698394e-03 1.181783016977618311e-04 9.105566154119031606e-04 -4.283753918383989036e-03 5.673495365697477262e-03 6.032172446119304400e-03 1.231147847170149107e-02 1.164474698487379632e-02
2.434342157997913293e-03 1.350180089697475662e-04 1.040497369043406548e-03 -4.894556193900329380e-03 6.484111818991009427e-03 6.893719748901207950e-03 1.407006017440949261e-02 1.330887902271901506e-02
2.738318796108505510e-03 1.518470070326412183e-04 1.170403380241292427e-03 -5.505067637930087868e-03 7.294757564258824364e-03 7.755219117451967251e-03 1.582859149624509312e-02 1.497316051418219086e-02
3.042225156922282858e-03 1.686653017623799210e-04 1.300274631840082559e-03 -6.115288187279613666e-03 8.105432605924738423e-03 8.616670541879060605e-03 1.758707238824208652e-02 1.663759154849486083e-02
