0.000000000000000000e+00 0.000000000000000000e+00 0.000000000000000000e+00 0.000000000000000000e+00 0.000000000000000000e+00 0.000000000000000000e+00 0.000000000000000000e+00 0.000000000000000000e+00 0.000000000000000000e+00 0.000000000000000000e+00
2.065539541763705645e-04 -3.527216880520547436e-05 -3.042819111402281151e-05 -4.112268960281027037e-05 -5.578278868743890293e-04 4.303158687079443540e-04 -1.269595473829032478e-04 1.239302183392018003e-03 1.795781344924308283e-03 1.555683837712227690e-03
4.130705202653710143e-04 -7.057214137909838465e-05 -6.094794852545103853e-05 -8.227220501862741509e-05 -1.115415468351915219e-03 8.605685811346680883e-04 -2.539921447377631466e-04 2.478537695294102516e-03 3.591562810053609226e-03 3.111534426089905114e-03
6.195496869656471825e-04 -1.058999231004551617e-04 -9.155928766533462273e-05 -1.234485732724320355e-04 -1.672762687683294587e-03 1.290758079997427876e-03 -3.810977765377293017e-04 3.717706446612301270e-03 5.387344337780063108e-03 4.667551858899833886e-03
8.259914429738016151e-04 -1.412555193492108963e-04 -1.222622239517618282e-04 -1.646518214152591141e-04 -2.229869488035177150e-03 1.720884307988510128e-03 -5.082764272569035733e-04 4.956808348137266458e-03 7.183125870344821660e-03 6.223736230136312463e-03
1.032395776984682727e-03 -1.766389355059881172e-04 -1.530567727901374576e-04 -2.058819765261525191e-04 -2.786735812492238239e-03 2.150947207778133082e-03 -6.355280813661236955e-04 6.195843310551578734e-03 8.978907349865061782e-03 7.780087634042475407e-03
1.238762677691423618e-03 -2.120501769530755149e-04 -1.839429495730946157e-04 -2.471390657107887592e-04 -3.343361604057062605e-03 2.580946722012100042e-03 -7.628527233354225447e-04 7.434811244427148164e-03 1.077468871833364532e-02 9.336606165108408614e-03
1.445092133785658801e-03 -2.474892490731920181e-04 -2.149207696800666250e-04 -2.884231161025275483e-04 -3.899746805649235634e-03 3.010882793314094419e-03 -8.902503376317450270e-04 8.673712060229080492e-03 1.257046991761909087e-02 1.089329191807409010e-02
1.651384133956709105e-03 -2.829561572504623321e-04 -2.459902484783924514e-04 -3.297341548622153206e-04 -4.455891360105519207e-03 3.440755364283267382e-03 -1.017720908722099908e-03 9.912545668311708094e-03 1.436625088946437249e-02 1.245014498792812799e-02
1.857638666892668907e-03 -3.184509068701465388e-04 -2.771514013219673607e-04 -3.710722091783122184e-04 -5.011795210178194605e-03 3.870564377496699647e-03 -1.145264421071100084e-03 1.115131197892076619e-02 1.616203157548911501e-02 1.400716546991059332e-02
2.063855721279462662e-03 -3.539735033186542181e-04 -3.084042435522975486e-04 -4.124373062664178614e-04 -5.567458298535770712e-03 4.300309775507019268e-03 -1.272880859141732688e-03 1.239001090219219066e-02 1.795781191718679934e-02 1.556435345951164527e-02
