0.000000000000000000e+00 0.000000000000000000e+00 0.000000000000000000e+00 0.000000000000000000e+00 0.000000000000000000e+00 0.000000000000000000e+00
6.169553068745721718e-04 -1.738188258257294843e-05 -5.170449904532973184e-04 2.083500923682704824e-03 1.167707507974090559e-03 1.688393340308769067e-03
1.233943985632463816e-03 -3.493094602338277861e-05 -1.033158492790302221e-03 4.169984792714806834e-03 2.335317768136866562e-03 3.375014369302868199e-03
1.850971945277268219e-03 -5.264943833383388730e-05 -1.548333572209236418e-03 6.259485785409054162e-03 3.502830724747712544e-03 5.059829468353174882e-03
2.468045204542770182e-03 -7.053964844233957452e-05 -2.062563170756495645e-03 8.352038707730144451e-03 4.670246320233569989e-03 6.742804400874797578e-03
3.085169894696785861e-03 -8.860390721782259935e-05 -2.575840104253197468e-03 1.044767900895016838e-02 5.837564495160489815e-03 8.423904297232829783e-03
3.702352262077971638e-03 -1.068445884380010257e-04 -3.088157059321821989e-03 1.254644279657143001e-02 7.004785188171581099e-03 1.010309364016688700e-02
4.319598670701849108e-03 -1.252641097852824940e-04 -3.599506590331878145e-03 1.464836685167101790e-02 8.171908335924482972e-03 1.178033624981339976e-02
4.936915604936626886e-03 -1.438649338690012845e-04 -4.109881116253931085e-03 1.675348864466760443e-02 9.338933873025246496e-03 1.345559526830703359e-02
5.554309672254674132e-03 -1.626495692784540013e-04 -4.619272917427692630e-03 1.886184635153977801e-02 1.050586173195843485e-02 1.512883314395471225e-02
6.171787606056584885e-03 -1.816205716634260278e-04 -5.127674132233122489e-03 2.097347887050280552e-02 1.167269184301805360e-02 1.680001161496057216e-02
