0.000000000000000000e+00 0.000000000000000000e+00 0.000000000000000000e+00 0.000000000000000000e+00
5.164217972672567082e-03 -5.164217972672563613e-03 7.727069312202603651e-03 1.767911043189935791e-02
1.033624953181824443e-02 -1.033624953181824964e-02 1.543421447370265862e-02 3.537814501450113613e-02
1.551612656575213772e-02 -1.551612656575199374e-02 2.312135019503644764e-02 5.309718903726914213e-02
2.070388144742126013e-02 -2.070388144742108666e-02 3.078839045581115846e-02 7.083632852059626450e-02
2.589954706042493435e-02 -2.589954706042469496e-02 3.843524849826359530e-02 8.859565022224592801e-02
3.110315682943310539e-02 -3.110315682943285906e-02 4.606183682126321899e-02 1.063752416433481202e-01
3.631474475506538124e-02 -3.631474475506507593e-02 5.366806717497654006e-02 1.241751910337365317e-01
4.153434545309168946e-02 -4.153434545309134945e-02 6.125385055646027227e-02 1.419955873963546500e-01
4.676199419753772346e-02 -4.676199419753735570e-02 6.881909720648124451e-02 1.598365204904355630e-01
5.199772696691652707e-02 -5.199772696691616625e-02 7.636371660790657045e-02 1.776980808331119766e-01
