0.000000000000000000e+00 0.000000000000000000e+00 0.000000000000000000e+00 0.000000000000000000e+00
5.855811772667357876e-03 -5.855811772667192210e-03 8.763357470210668410e-03 1.629899557538504878e-02
1.172370349082568590e-02 -1.172370349082572580e-02 1.752523380652017126e-02 3.259947228467149904e-02
1.760373462073912959e-02 -1.760373462073915735e-02 2.628565762133911604e-02 4.890140151544788982e-02
2.349596507954073571e-02 -2.349596507954073224e-02 3.504465784402549522e-02 6.520475433835751233e-02
2.940045524457218090e-02 -2.940045524457212539e-02 4.380226372724786710e-02 8.150950150073110745e-02
3.531726596811513019e-02 -3.531726596811507468e-02 5.255850485280715717e-02 9.781561342076749987e-02
4.124645859863100561e-02 -4.124645859863102643e-02 6.131341113695862322e-02 1.141230601822119523e-01
4.718809500979992411e-02 -4.718809500979991023e-02 7.006701283532174029e-02 1.304318115294440805e-01
5.314223763884576290e-02 -5.314223763884572821e-02 7.881934054747670448e-02 1.467418368628851111e-01
5.910894953587282619e-02 -5.910894953587270823e-02 8.757042522138847040e-02 1.630531052345689791e-01
