0.000000000000000000e+00 0.000000000000000000e+00 0.000000000000000000e+00 0.000000000000000000e+00 0.000000000000000000e+00 0.000000000000000000e+00 0.000000000000000000e+00 0.000000000000000000e+00
1.590016853940689513e-03 1.835529630410677460e-03 -1.599577892481244537e-03 -1.825968591870104438e-03 2.456187572117453973e-03 8.590985095892626072e-03 9.016240783177547138e-03 3.524414788235857680e-03
3.179376597745773268e-03 3.674271306398822767e-03 -3.201951783978100943e-03 -3.651696120166389708e-03 4.910389256012740768e-03 1.718381639395200750e-02 1.803443431104266928e-02 7.047016517839558257e-03
4.768075896185992694e-03 5.516238019995640257e-03 -4.807132800906900247e-03 -5.477181115274628621e-03 7.362603133266373313e-03 2.577849643290160489e-02 2.705458185691678868e-02 1.056780329518603248e-02
6.356111389093875401e-03 7.361442882910162674e-03 -6.415132172137048144e-03 -7.302422099866682885e-03 9.812827261768596043e-03 3.437502778442011464e-02 3.607668468645627152e-02 1.408677322504895031e-02
7.943479691527763689e-03 9.209899127632413876e-03 -8.025961230586825534e-03 -9.127417588573067536e-03 1.226105967522908395e-02 4.297341305367516351e-02 4.510074405780751389e-02 1.760392441040533121e-02
9.530177393965348978e-03 1.106162010853585509e-02 -9.639631414852564695e-03 -1.095216608764846764e-02 1.470729838268107492e-02 5.157365487984595653e-02 5.412676122179124749e-02 2.111925495222217314e-02
1.111620106252630448e-02 1.291661930297602866e-02 -1.125615427087232022e-02 -1.277666609462959485e-02 1.715154136797928178e-02 6.017575593664069994e-02 6.315473742212444896e-02 2.463276294921972615e-02
1.270154723922661821e-02 1.477491031238307474e-02 -1.287554145362140856e-02 -1.460091609798790276e-02 1.959378658929799774e-02 6.877971893280197813e-02 7.218467389567233272e-02 2.814444649761490072e-02
1.428621244226624051e-02 1.663650686334742362e-02 -1.449780472883809707e-02 -1.642491457677522360e-02 2.203403197862030191e-02 7.738554661260456380e-02 8.121657187274333722e-02 3.165430369084265561e-02
1.587019316635072605e-02 1.850142280869385841e-02 -1.612295597477875903e-02 -1.824866000026547502e-02 2.447227544122543633e-02 8.599324175633937806e-02 9.025043257741953429e-02 3.516233261924985032e-02
