0.000000000000000000e+00 0.000000000000000000e+00 0.000000000000000000e+00 0.000000000000000000e+00 0.000000000000000000e+00 0.000000000000000000e+00 0.000000000000000000e+00 0.000000000000000000e+00 0.000000000000000000e+00 0.000000000000000000e+00
5.228796183327085682e-04 1.437222713001165314e-04 6.285579087257682309e-06 -1.396306326178038616e-04 -5.543707927806948172e-04 1.772415925133865190e-03 1.046036785224727008e-03 1.086346340031260930e-03 1.095182134727549529e-03 1.896161027602365429e-03
1.045357553984431042e-03 2.873629434446800090e-04 1.256955880067243272e-05 -2.791853825717871746e-04 -1.108312014256342603e-03 3.545338170952561877e-03 2.091966268054141175e-03 2.172587171768075153e-03 2.190277711917596511e-03 3.792989080963266989e-03
1.567433551995008317e-03 4.309219174636962860e-04 1.885193723888524902e-05 -4.186641664778259519e-04 -1.661823327716809625e-03 5.318766889648078242e-03 3.137788376197711299e-03 3.258722393445430670e-03 3.285286683648243593e-03 5.690484527218214392e-03
2.089107357182289158e-03 5.743990940349364815e-04 2.513271248875629320e-05 -5.580669006238118219e-04 -2.214904396076454365e-03 7.092702233579619396e-03 4.183503037220495657e-03 4.344751902884465972e-03 4.380209001913945056e-03 7.588647734125476135e-03
2.610378714141407906e-03 7.177943734802066196e-04 3.141188262569798043e-05 -6.973935009650453079e-04 -2.767554881873740460e-03 8.867144355287811738e-03 5.229110178547914656e-03 5.430675597495607937e-03 5.475044618630824610e-03 9.487479070090298200e-03
3.131247367244840204e-03 8.611076557632911695e-04 3.768944571279669224e-05 -8.366438831223786980e-04 -3.319774447269876680e-03 1.064209340749613410e-02 6.274609727465550041e-03 6.516493374274011895e-03 6.569793485637722731e-03 1.138697890416752630e-02
3.651713060640838712e-03 1.004338840487682075e-03 4.396539980185982111e-05 -9.758179623799313057e-04 -3.871562754047700849e-03 1.241754954311180548e-02 7.320001611116714983e-03 7.602205129796668105e-03 7.664455554693735961e-03 1.328714760606408175e-02
4.171775538253021109e-03 1.147487826895346669e-03 5.023974293200857426e-05 -1.114915653684004672e-03 -4.422919463610563984e-03 1.419351291522570786e-02 8.365285756504284645e-03 8.687810760223745737e-03 8.759030777480929578e-03 1.518798554614344230e-02
4.691434543779546100e-03 1.290554513864468735e-03 5.651247313031594193e-05 -1.253936871640695368e-03 -4.973844236981216603e-03 1.596998367711633185e-02 9.410462090489008294e-03 9.773310161292781545e-03 9.853519105601411116e-03 1.708949309542776712e-02
5.210689820692670192e-03 1.433538799907631495e-03 6.278358841174715437e-05 -1.392881530514396629e-03 -5.524336734800225357e-03 1.774696198224786844e-02 1.045553053978890215e-02 1.085870322831780296e-02 1.094792049057771548e-02 1.899167062560143393e-02
