0.000000000000000000e+00 0.000000000000000000e+00 0.000000000000000000e+00 0.000000000000000000e+00
5.667929115992133152e-04 -8.345399276577483878e-04 1.986364180968684928e-03 3.086895198890069868e-03
1.133021419937317890e-03 -1.668186487687406622e-03 3.973025782467509877e-03 6.176233171057952248e-03
1.698685263076105730e-03 -2.500937879121624841e-03 5.959983652103252767e-03 9.268017366214947178e-03
2.263784179324195272e-03 -3.332792296254914917e-03 7.947236632422371300e-03 1.236225124215674029e-02
2.828317907234595505e-03 -4.163747928627061293e-03 9.934783560875048644e-03 1.545893826490381956e-02
3.392286185605974166e-03 -4.993802961002714348e-03 1.192262326979143076e-02 1.855808190873704799e-02
3.955688753483294594e-03 -5.822955573352438761e-03 1.391075458635804285e-02 2.165968565623431832e-02
4.518525350158879988e-03 -6.651203940831809658e-03 1.589917633259193067e-02 2.476375299830886612e-02
5.080795715173049183e-03 -7.478546233762052228e-03 1.788788732531854456e-02 2.787028743424427302e-02
5.642499588314807066e-03 -8.304980617609616228e-03 1.987688637614566309e-02 3.097929247173366457e-02
