0.000000000000000000e+00 0.000000000000000000e+00 0.000000000000000000e+00 0.000000000000000000e+00 0.000000000000000000e+00 0.000000000000000000e+00
5.382459504621130066e-04 -8.910868836155186985e-05 -3.347285111402450498e-04 1.498837897586327572e-03 1.355266032044835471e-03 9.126630283725652290e-04
1.076198944317888423e-03 -1.782278910666961098e-04 -6.693070846840120346e-04 2.997866058169778962e-03 2.710523734211284924e-03 1.825335807641549103e-03
1.613858910380188468e-03 -2.673576130319159968e-04 -1.003735729433258110e-03 4.497084358420333494e-03 4.065773066478955977e-03 2.738018286632549342e-03
2.151225777507935737e-03 -3.564978591820472300e-04 -1.338014454210773377e-03 5.996492674869599408e-03 5.421013988763997461e-03 3.650710414161350333e-03
2.688299474608310449e-03 -4.456486344507416581e-04 -1.672143267861860580e-03 7.496090883924611849e-03 6.776246460924882122e-03 4.563412139040946489e-03
3.225079930636693629e-03 -5.348099437810517045e-04 -2.006122179254351320e-03 8.995878861866365289e-03 8.131470442766169232e-03 5.476123410077781035e-03
3.761567074596686849e-03 -6.239817921245324316e-04 -2.339951197278179740e-03 1.049585648485092809e-02 9.486685894034962291e-03 6.388844176074264837e-03
4.297760835539499863e-03 -7.131641844418727628e-04 -2.673630330845396842e-03 1.199602362890755253e-02 1.084189277442336105e-02 7.301574385827338740e-03
4.833661142564408576e-03 -8.023571257030553483e-04 -3.007159588890529790e-03 1.349638016994056909e-02 1.219709104356669037e-02 8.214313988128911156e-03
5.369267924818236365e-03 -8.915606208866208799e-04 -3.340538980370017473e-03 1.499692598372787122e-02 1.355228066104458354e-02 9.127062931765850262e-03
