0.000000000000000000e+00 0.000000000000000000e+00 0.000000000000000000e+00 0.000000000000000000e+00 0.000000000000000000e+00 0.000000000000000000e+00 0.000000000000000000e+00 0.000000000000000000e+00
5.887674909782728179e-04 1.076467886803799887e-04 8.838268625952542493e-05 -3.689883515270852708e-04 1.322009395506757411e-03 1.989919509522017013e-04 1.297864748375468719e-03 7.857960814086492000e-04
1.177384593612744966e-03 2.152874046483080122e-04 1.768454361016644563e-04 -7.378690655031983981e-04 2.643876603772460712e-03 3.976928674009816075e-04 2.595527195437374000e-03 1.571529687678871207e-03
1.765851326962697074e-03 3.229217875831490820e-04 2.653882884003861201e-04 -1.106642148048970131e-03 3.965601305119340406e-03 5.961027787891221051e-04 3.892987212797503239e-03 2.357200784148224485e-03
2.354167710203008274e-03 4.305498770904053101e-04 3.540112820231155230e-04 -1.475307605303846246e-03 5.287183179657406994e-03 7.942217146324981542e-04 5.190244672068612675e-03 3.142809336171346717e-03
2.942333762629060698e-03 5.381716127007546554e-04 4.427144558312409478e-04 -1.843865443426437800e-03 6.608621907297601052e-03 9.920497045230868439e-04 6.487299444878019163e-03 3.928355309120057370e-03
3.530349503656851368e-03 6.457869338711573525e-04 5.314978486811012225e-04 -2.212315668594933612e-03 7.929917167747692341e-03 1.189586778129410154e-03 7.784151402868620846e-03 4.713838668384260841e-03
4.118214952822383743e-03 7.533957799842304348e-04 6.203614994233322714e-04 -2.580658287007060476e-03 9.251068640515542826e-03 1.386832965195960218e-03 9.080800417697260443e-03 5.499259379372232678e-03
4.705930129782000780e-03 8.609980903476535923e-04 7.093054469027588581e-04 -2.948893304879587028e-03 1.057207600490701199e-02 1.583788295543209733e-03 1.037724636103666900e-02 6.284617407510387568e-03
5.293495054312279992e-03 9.685938041948611091e-04 7.983297299591800896e-04 -3.317020728448868017e-03 1.189293894002759963e-02 1.780452799066077271e-03 1.167348910457426982e-02 7.069912718242825703e-03
5.880909746309754584e-03 1.076182860684903736e-03 8.874343874266219130e-04 -3.685040563970510587e-03 1.321365712478098087e-02 1.976826505734566742e-03 1.296952852001235362e-02 7.855145277031749113e-03
