0.000000000000000000e+00 0.000000000000000000e+00 0.000000000000000000e+00 0.000000000000000000e+00
5.228210914275313072e-03 -5.228210914275251489e-03 1.275605276936416996e-02 1.336246705798677277e-02
1.046541970404460051e-02 -1.046541970404454153e-02 2.551088581407612646e-02 2.672615384062555083e-02
1.571165773891436412e-02 -1.571165773891415249e-02 3.826449251448742900e-02 4.009106696756560562e-02
2.096695660432156341e-02 -2.096695660432131361e-02 5.101686615356129662e-02 5.345721315584284206e-02
2.623134810781730525e-02 -2.623134810781707627e-02 6.376799991814820212e-02 6.682459921860676999e-02
3.150486428750542967e-02 -3.150486428750523538e-02 7.651788690034233564e-02 8.019323206376365032e-02
3.678753742292645290e-02 -3.678753742292620310e-02 8.926652009892008244e-02 9.356311869253730595e-02
4.207940004870013712e-02 -4.207940004869972772e-02 1.020138924208565806e-01 1.069342661979514886e-01
4.738048497127650416e-02 -4.738048497127614334e-02 1.147599966829309370e-01 1.203066817632279795e-01
5.269082528917901076e-02 -5.269082528917860136e-02 1.275048256134147517e-01 1.336803726600954700e-01
