0.000000000000000000e+00 0.000000000000000000e+00 0.000000000000000000e+00 0.000000000000000000e+00 0.000000000000000000e+00 0.000000000000000000e+00 0.000000000000000000e+00 0.000000000000000000e+00 0.000000000000000000e+00 0.000000000000000000e+00
1.078882427097296089e-03 6.526795125088337424e-04 3.878259302751676705e-04 -3.279704062440854826e-04 -1.791417466171297754e-03 2.582353485227979230e-03 3.776417039686644824e-03 4.885118839597874657e-03 5.866183851742323013e-03 5.014215806578347333e-03
2.157543236170765284e-03 1.305305227206602367e-03 7.759721470629608658e-04 -6.555639552273456391e-04 -3.583256657795161598e-03 5.164186521011538029e-03 7.552041196518882553e-03 9.769634763487113072e-03 1.173250729996093249e-02 1.003020825141633099e-02
3.235982258149937719e-03 1.957877042752912550e-03 1.164439060831465702e-03 -9.827811073031464655e-04 -5.375517257061451781e-03 7.745498723813615781e-03 1.132687263193481349e-02 1.465354687322594808e-02 1.759896988497767351e-02 1.504797892800169810e-02
4.314199322052071975e-03 2.610394853859835957e-03 1.553227077512824190e-03 -1.309622330070398834e-03 -7.168198926032622736e-03 1.032628970501095304e-02 1.510091150813186803e-02 1.953685426886104734e-02 2.346557116646983202e-02 2.006752940303526897e-02
5.392194255291618901e-03 3.262858551458633523e-03 1.942336597741297017e-03 -1.636088094947105468e-03 -8.961301312270639544e-03 1.290655907155193599e-02 1.887415798845007431e-02 2.441955604941400612e-02 2.933231072532159131e-02 2.508886122632332169e-02
6.469966883653539835e-03 3.915268022579626930e-03 2.331768016493640343e-03 -1.962178876749624476e-03 -1.075482404875130298e-02 1.548630642587802558e-02 2.264661223733714299e-02 2.930165131292261291e-02 3.519918816411158474e-02 3.011197593036028797e-02
7.547517031267155646e-03 4.567623150227800508e-03 2.721521722718913544e-03 -2.287895153247372550e-03 -1.254876675378844252e-02 1.806553136584205035e-02 2.641827442031005266e-02 3.418313915648431983e-02 4.106620310760881326e-02 3.513687502990956585e-02
8.624844520579084614e-03 5.219923813257559830e-03 3.111598098957626957e-03 -2.613237404694493653e-03 -1.434312903096909841e-02 2.064423348462852623e-02 3.018914470391726584e-02 3.906401867630268643e-02 4.693335520326594873e-02 4.016356002158245897e-02
9.701949172326231052e-03 5.872169886243979245e-03 3.501997520948989858e-03 -2.938206113337466646e-03 -1.613791046909832452e-02 2.322241237066861169e-02 3.395922325569675215e-02 4.394428896773662496e-02 5.280064412172076616e-02 4.519203238341204520e-02
1.077883080550847555e-02 6.524361239352308162e-03 3.892720357227538903e-03 -3.262801762896739340e-03 -1.793311064215516795e-02 2.580006760755788192e-02 3.772851024413729354e-02 4.882394912535106130e-02 5.866806955729489403e-02 5.022229357442847819e-02
