0.000000000000000000e+00 0.000000000000000000e+00 0.000000000000000000e+00 0.000000000000000000e+00 0.000000000000000000e+00 0.000000000000000000e+00 0.000000000000000000e+00 0.000000000000000000e+00 0.000000000000000000e+00 0.000000000000000000e+00
5.377380342644361849e-04 -2.308831337779418679e-05 -2.546831347186640206e-05 -1.707233087210000564e-04 -7.950187890912020316e-05 1.346311530191216877e-03 1.987339375942963685e-03 1.105294445736802007e-03 9.046316668791337624e-04 1.678722143760293876e-04
1.075249874921837797e-03 -4.618953899649443778e-05 -5.089650465448190142e-05 -3.414362524349475402e-04 -1.589834726197347629e-04 2.692641944164572872e-03 3.974771782919393585e-03 2.210526534628612198e-03 1.809284246516827330e-03 3.357287524399727775e-04
1.612535510103562698e-03 -6.930367697479938979e-05 -7.628457975843664230e-05 -5.121388326351155674e-04 -2.384447837618447680e-04 4.038991241586267072e-03 5.962297232763008603e-03 3.315696259610698745e-03 2.713957742486596426e-03 5.035696146303575036e-04
2.149594927953515575e-03 -9.243072743874557347e-05 -1.016325450128533620e-04 -6.828310508194211084e-04 -3.178858149677431483e-04 5.385359422270003839e-03 7.949915737204400062e-03 4.420803613629728686e-03 3.618652158360999641e-03 6.713948013889923464e-04
2.686428116632432264e-03 -1.155706905230645024e-04 -1.269404066664492142e-04 -8.535129084910143609e-04 -3.973065688707986057e-04 6.731746486189196799e-03 9.937627307908279695e-03 5.525848589650625940e-03 4.523367497715510659e-03 8.392043131600200210e-04
3.223035064316676079e-03 -1.387235663705508205e-04 -1.522081709869128646e-04 -1.024184407158615015e-03 -4.767070481068707969e-04 8.078152433478546363e-03 1.192543195647197476e-02 6.630831180655414464e-03 5.428103764127384726e-03 1.006998150391412699e-03
3.759415759198617927e-03 -1.618893551320713955e-04 -1.774358442611785028e-04 -1.194845548336162001e-03 -5.560872553133803858e-04 9.424577264435102242e-03 1.391332969442744816e-02 7.735751379644536206e-03 6.332860961174448244e-03 1.174776313533167516e-03
4.295570189486092906e-03 -1.850680569674174208e-04 -2.026234327959257537e-04 -1.365496333542780966e-03 -6.354471931297238320e-04 1.077102097951659551e-02 1.590132053323862690e-02 8.840609179636053569e-03 7.237639092438592943e-03 1.342538803039479856e-03
4.831498343402323981e-03 -2.082596720441551883e-04 -2.277709429163910133e-04 -1.536136764303033852e-03 -7.147868641969642306e-04 1.211748357934292267e-02 1.788940448430351507e-02 9.945404573665442977e-03 8.142438161501758254e-03 1.510285619366145927e-03
5.367200209185318295e-03 -2.314642005385465621e-04 -2.528783809671900865e-04 -1.706766842146591147e-03 -7.941062711581375454e-04 1.346396506469723330e-02 1.987758155895368722e-02 1.105013755478604677e-02 9.047258171948430183e-03 1.678016762973177098e-03
