0.000000000000000000e+00 0.000000000000000000e+00 0.000000000000000000e+00 0.000000000000000000e+00 0.000000000000000000e+00 0.000000000000000000e+00
3.814765131475461748e-05 -8.689314157807383220e-05 -3.863602896913434308e-04 1.131195768885215574e-04 1.940758365713200935e-03 7.638984384442332274e-04
7.627330989053089953e-05 -1.738925808508255894e-04 -7.724967090461339926e-04 2.262107091871750676e-04 3.881412631144790393e-03 1.527573684348378482e-03
1.143769747461364172e-04 -2.609983662612586509e-04 -1.158409190132084557e-03 3.392733872899346761e-04 5.821962507599457229e-03 2.291025528308308478e-03
1.524586449042459550e-04 -3.482105463258884474e-04 -1.544097664943502087e-03 4.523076015953440615e-04 7.762407705848731708e-03 3.054253760699260790e-03
1.905183193929665909e-04 -4.355291696371108197e-04 -1.929562065403152196e-03 5.653133425095774626e-04 9.702747936171081042e-03 3.817258171676505499e-03
2.285559972449846934e-04 -5.229542848634363954e-04 -2.314802323361351069e-03 6.782906004459300772e-04 1.164298290835111271e-02 4.580038551175923296e-03
2.665716774974129406e-04 -6.104859407498521712e-04 -2.699818370595355715e-03 7.912393658227777826e-04 1.358311233167881424e-02 5.342594688912375919e-03
3.045653591923526957e-04 -6.981241861179890212e-04 -3.084610138808354784e-03 9.041596290666238525e-04 1.552313591495037975e-02 6.104926374377565509e-03
3.425370413761564788e-04 -7.858690698661977003e-04 -3.469177559628767744e-03 1.017051380609003018e-03 1.746305336646541972e-02 6.867033396839264392e-03
3.804867231002203014e-04 -8.737206409701226036e-04 -3.853520564609743109e-03 1.129914610889423124e-03 1.940286439402690022e-02 7.628915545339300629e-03
