0.000000000000000000e+00 0.000000000000000000e+00 0.000000000000000000e+00 0.000000000000000000e+00 0.000000000000000000e+00 0.000000000000000000e+00 0.000000000000000000e+00 0.000000000000000000e+00 0.000000000000000000e+00 0.000000000000000000e+00
5.762710079299166507e-04 1.130460727289512673e-04 -3.853345901601372788e-05 -1.488316271679216666e-04 -3.545721488661474291e-04 1.985916216599697710e-03 1.152344188636502493e-03 9.584176546725683629e-04 7.892739698645012680e-04 1.110257785122342484e-03
1.153113406551782138e-03 2.258982033341820498e-04 -7.737833830167624048e-05 -2.977678047630411971e-04 -7.079178046551892322e-04 3.976665365086891162e-03 2.306305721676565976e-03 1.916762807537181895e-03 1.576818269011378507e-03 2.216535593172871445e-03
1.730535997552195638e-03 3.385544104649058504e-04 -1.165380739861908459e-04 -4.468098535410624790e-04 -1.060026130055089682e-03 5.972299904136454431e-03 3.461903720146643389e-03 2.875035219990518601e-03 2.362613618703446067e-03 3.318782425001520677e-03
2.308547706294809300e-03 4.510126796587897360e-04 -1.560161534015600145e-04 -5.959591103138345280e-04 -1.410886120034256057e-03 7.972873088145983680e-03 4.619157591021064158e-03 3.833234647177538590e-03 3.146640450021855745e-03 4.416946519542769636e-03
2.887157583897387476e-03 5.632709628241588809e-04 -1.958161159181222928e-04 -7.452169282503616011e-04 -1.760486599122381389e-03 9.978438981385420042e-03 5.778087032123987825e-03 4.791360837913305297e-03 3.928878899084109477e-03 5.510975341301834439e-03
3.466374809409287789e-03 6.753271775431467228e-04 -2.359415539200845880e-04 -8.945846771178442422e-04 -2.108816218038100064e-03 1.198905247335966748e-02 6.938712037576679273e-03 5.749413534514503932e-03 4.709308801486540921e-03 6.600815565959128849e-03
4.046208692031106821e-03 7.871792063571720656e-04 -2.763961138028790546e-04 -1.044063743526507312e-03 -2.455863450239946857e-03 1.400476929451714703e-02 8.101052903362238392e-03 6.707392472624348033e-03 5.487909686623124693e-03 7.686413065653634018e-03
4.626668673380813362e-03 8.988248960365424886e-04 -3.171834969933982201e-04 -1.193655531178238827e-03 -2.801616588392832983e-03 1.602564603231996371e-02 9.265130233016194775e-03 7.665297381028879191e-03 6.264660771872741958e-03 8.767712893937034194e-03
5.207764329808219073e-03 1.010262056829339030e-03 -3.583074609935312004e-04 -1.343361461118858973e-03 -3.146063740750640238e-03 1.805174014768076013e-02 1.043096494344841925e-02 8.623127981474245154e-03 7.039540956656636234e-03 9.844659270388259054e-03
5.789505374755857768e-03 1.121488461693394365e-03 -3.997718204473341944e-04 -1.493182971995168397e-03 -3.489192827451955813e-03 2.008310999177920567e-02 1.159857827089610764e-02 9.580883988474075269e-03 7.812528816356485023e-03 1.091719556488188018e-02
