0.000000000000000000e+00 0.000000000000000000e+00 0.000000000000000000e+00 0.000000000000000000e+00
1.808239391375131289e-02 -1.808239391375279781e-02 1.179709555788457237e-02 1.042496048405187024e-02
3.318218290044563923e-02 -3.318218290055240105e-02 2.359262709934557833e-02 2.085148498478051407e-02
4.088327170451308556e-02 -4.088327170641353064e-02 3.538154964754879062e-02 3.128461847504425408e-02
3.703085572955649996e-02 -3.703085573144384440e-02 4.715441719106055335e-02 4.173380697655185156e-02
2.352681088833815173e-02 -2.352681088833571965e-02 5.890160654197920675e-02 5.220867366751287542e-02
5.137182995478193487e-03 -5.137182995504113725e-03 7.061507600627878189e-02 6.271726024513514519e-02
-1.514266302950969048e-02 1.514266302950417753e-02 8.230590106694928021e-02 7.324849122634630172e-02
-3.579682563449801402e-02 3.579682563455657829e-02 9.399875854275123455e-02 8.377768979236663305e-02
-5.612344772029441431e-02 5.612344772026517381e-02 1.057050056459221399e-01 9.429349873118966774e-02
-7.585639521769471649e-02 7.585639521769824145e-02 1.174250188270101192e-01 1.047955415919748362e-01
