0.000000000000000000e+00 0.000000000000000000e+00 0.000000000000000000e+00 0.000000000000000000e+00
9.917664460454962000e-03 -9.917664460454639341e-03 8.001189387098147504e-03 1.493410462707236985e-02
1.991169373902369755e-02 -1.991169373902315631e-02 1.601187977791869443e-02 2.985870825042229171e-02
2.998367795122455076e-02 -2.998367795122366258e-02 2.403228534019308596e-02 4.477359670231855632e-02
4.013526268426804988e-02 -4.013526268426682864e-02 3.206262779081546499e-02 5.967854826586657668e-02
5.036815157823708311e-02 -5.036815157823561206e-02 4.010313684829429348e-02 7.457333322255843555e-02
6.068410903526526984e-02 -6.068410903526341715e-02 4.815405071264235171e-02 8.945771337238095366e-02
7.108496305738171150e-02 -7.108496305737954657e-02 5.621561657297786951e-02 1.043314415262160400e-01
8.157260821113529459e-02 -8.157260821113282434e-02 6.428809114257902357e-02 1.191942609707854345e-01
9.214900871347520006e-02 -9.214900871347248001e-02 7.237174122036191259e-02 1.340459049071732467e-01
1.028162016282690300e-01 -1.028162016282659630e-01 8.046684427658332139e-02 1.488860958651222477e-01
