0.000000000000000000e+00 0.000000000000000000e+00 0.000000000000000000e+00 0.000000000000000000e+00 0.000000000000000000e+00 0.000000000000000000e+00
2.292779156491291711e-03 -1.550480097539810127e-05 -2.277274355515853006e-03 7.888001440254626545e-03 8.789266963227661267e-03 7.734473733077285897e-03
4.587033267009038920e-03 -3.106170642898527495e-05 -4.555971560579906085e-03 1.577807234017786567e-02 1.757474561122904580e-02 1.547066632171231748e-02
6.882765804952165577e-03 -4.667074393900128883e-05 -6.836095061012983226e-03 2.367021675123135230e-02 2.635642903592625569e-02 2.320858062252131176e-02
9.179980236013863745e-03 -6.233192518510419743e-05 -9.117648310828434938e-03 3.156443870093222220e-02 3.513431038863953915e-02 3.094821945666683879e-02
1.147868001623872022e-02 -7.804524436177658411e-05 -1.140063477187650519e-02 3.946074219113788334e-02 4.390838288334745348e-02 3.868958560831312066e-02
1.377886858998180961e-02 -9.381067646908229987e-05 -1.368505791351228365e-02 4.735913119625741879e-02 5.267863980007490149e-02 4.643268182302563718e-02
1.608054938776578083e-02 -1.096281754740533257e-04 -1.597092121229114897e-02 5.525960966139309427e-02 6.144507448842029262e-02 5.417751080610418851e-02
1.838372582402530292e-02 -1.254976723323291549e-04 -1.825822815169231630e-02 6.316218150040407708e-02 7.020768037122548932e-02 6.192407522084758531e-02
2.068840129473369441e-02 -1.414190728618331533e-04 -2.054698222187117951e-02 7.106685059388655190e-02 7.896645094840645807e-02 6.967237768674393317e-02
2.299457917490110859e-02 -1.573922554582215388e-04 -2.283718691944220183e-02 7.897362078706743338e-02 8.772137980095262577e-02 7.742242077757655050e-02
