0.000000000000000000e+00 0.000000000000000000e+00 0.000000000000000000e+00 0.000000000000000000e+00 0.000000000000000000e+00 0.000000000000000000e+00 0.000000000000000000e+00 0.000000000000000000e+00 0.000000000000000000e+00 0.000000000000000000e+00
4.006176367602584838e-04 5.679846656891124644e-05 2.446214951099363812e-04 -1.560237391298976474e-04 -6.872404757792074676e-04 1.384050601591731893e-03 6.894341554244294568e-04 1.046108217159580269e-03 1.573420789833805200e-03 2.081167061630738360e-03
8.010161526863350274e-04 1.135210763340100217e-04 4.892893905471673707e-04 -3.120383784416485120e-04 -1.374005516220048670e-03 2.768462458193688032e-03 1.378737593036233940e-03 2.092114773797380724e-03 3.146880096322764771e-03 4.162926763123939861e-03
1.201195422091122858e-03 1.701678384761885852e-04 7.340036947678778853e-04 -4.680439180455468274e-04 -2.060294786961735635e-03 4.153235711097602589e-03 2.067910274685683114e-03 3.138019663445902521e-03 4.720377908236731042e-03 6.245279112266244326e-03
1.601155319172861257e-03 2.267387622172947433e-04 9.787644162530158027e-04 -6.240403580561466575e-04 -2.746107953472347752e-03 5.538370501698710278e-03 2.756952162205708514e-03 4.183822879688025784e-03 6.293914214202618596e-03 8.328224116497820462e-03
2.000895718014769533e-03 2.832338568216941381e-04 1.223571563508846476e-03 -7.800276985918519869e-04 -3.431444681051749792e-03 6.923866971498795347e-03 3.445863217414607115e-03 5.229524416164587318e-03 7.867489002715334981e-03 1.041176178294521068e-02
2.400416492585048106e-03 3.396531315957086500e-04 1.468425145067663159e-03 -9.360059397753914658e-04 -4.116304634830605068e-03 8.309725262109931426e-03 4.134643402116023984e-03 6.275124266574456065e-03 9.441102262138843446e-03 1.249589211842073479e-02
2.799717516736733008e-03 3.959965958881863095e-04 1.713325169487691811e-03 -1.091975081733837383e-03 -4.800687479770235355e-03 9.695945515250735391e-03 4.823292678099401140e-03 7.320622424675998947e-03 1.101475398070426819e-02 1.458061512942184466e-02
3.198798664207101305e-03 4.522642590896718278e-04 1.958271645352665982e-03 -1.247935124598192804e-03 -5.484592880661583528e-03 1.108252787274965553e-02 5.511811007138493063e-03 8.366018884284747228e-03 1.258844414651213300e-02 1.666593082213167418e-02
3.597659808617735284e-03 5.084561306328724785e-04 2.203264581272663600e-03 -1.403886068503834572e-03 -6.168020502124406043e-03 1.246947247654303127e-02 6.200198350993433617e-03 9.411313639276309984e-03 1.416217274752867503e-02 1.875183920242015634e-02
3.996300823473930910e-03 5.645722199928760766e-04 2.448303985883727718e-03 -1.559827913590396868e-03 -6.850970008607043527e-03 1.385677946867653991e-02 6.888454671407417962e-03 1.045650668358443468e-02 1.573593977158883536e-02 2.083834027584200929e-02
