0.000000000000000000e+00 0.000000000000000000e+00 0.000000000000000000e+00 0.000000000000000000e+00 0.000000000000000000e+00 0.000000000000000000e+00
2.607943700589527083e-03 -1.022884417862873156e-05 -2.597714856410945732e-03 6.570335590409556378e-03 9.557561417124544115e-03 6.529797230075777385e-03
5.217544767653221546e-03 -2.044590166226222666e-05 -5.197098865991105904e-03 1.314109820200488887e-02 1.911417168206313438e-02 1.306011859115199965e-02
7.828805269039201820e-03 -3.065026687704207158e-05 -7.798155002162263615e-03 1.971228944994833990e-02 2.866982618364667668e-02 1.959096707923500130e-02
1.044172724245070669e-02 -4.084102384808909608e-05 -1.040088621860281622e-02 2.628391090312010708e-02 3.822452038789568574e-02 2.612234565942375339e-02
1.305631269446057459e-02 -5.101724690354143832e-05 -1.300529544755721009e-02 3.285596408203796809e-02 4.777824984220326726e-02 3.265425726380893207e-02
1.567256359952812206e-02 -6.117800142308588152e-05 -1.561138559810533108e-02 3.942845045670909099e-02 5.733101017964750690e-02 3.918670478930362522e-02
1.829048189901909607e-02 -7.132234462925868962e-05 -1.821915955439007417e-02 4.600137144441802939e-02 6.688279712344494254e-02 4.571969109540693910e-02
2.091006950022799779e-02 -8.144932642273512713e-05 -2.082862017380562175e-02 5.257472840744157466e-02 7.643360649154175290e-02 5.225321900189662527e-02
2.353132827540478644e-02 -9.155799025983065581e-05 -2.343977028514535738e-02 5.914852265069337617e-02 8.598343420135264037e-02 5.878729128644393648e-02
2.615426006078558699e-02 -1.016473740745524323e-04 -2.605261268671148212e-02 6.572275541929349651e-02 9.553227627464982996e-02 6.532191068215670304e-02
