0.000000000000000000e+00 0.000000000000000000e+00 0.000000000000000000e+00 0.000000000000000000e+00 0.000000000000000000e+00 0.000000000000000000e+00 0.000000000000000000e+00 0.000000000000000000e+00
3.721541521719112767e-04 -1.317051112203165939e-04 3.120146378647173152e-04 -2.774662004650830941e-04 5.808350236511227588e-04 1.400316027517699898e-03 1.643635295572996261e-03 2.946241779340997495e-04
7.442215114018587829e-04 -2.634010047284684520e-04 6.241346294049651428e-04 -5.548283141739835354e-04 1.161519883250699756e-03 2.800670826727548728e-03 3.287322800555917638e-03 5.890630236524330068e-04
1.116202081309403170e-03 -3.950876566677670584e-04 9.363600505884273409e-04 -8.320863357259522487e-04 1.742054524582196300e-03 4.201064434496278380e-03 4.931062483603160934e-03 8.833165081519518159e-04
1.488095865514991317e-03 -5.267650431622371331e-04 1.248690977524756669e-03 -1.109240259727354043e-03 2.322438893443126359e-03 5.601496887757666937e-03 6.574854313231084935e-03 1.177384602465389929e-03
1.859902867640067731e-03 -6.584331403164774476e-04 1.561127486470308958e-03 -1.386290080792527708e-03 2.902672935644412880e-03 7.001968223523433177e-03 8.218698257835657314e-03 1.471267277660440924e-03
2.231623091307968418e-03 -7.900919242154273150e-04 1.873669653828767502e-03 -1.663235793544299819e-03 3.482756597013492942e-03 8.402478478882967686e-03 9.862594285692187490e-03 1.764964504842629449e-03
2.603256540143141125e-03 -9.217413709245425016e-04 2.186317556151159101e-03 -1.940077392613608846e-03 4.062689823392244548e-03 9.803027691003033187e-03 1.150654236495482659e-02 2.058476255152411408e-03
2.974803217771681586e-03 -1.053381456489784927e-03 2.499071270136268234e-03 -2.216814872639255238e-03 4.642472560636948242e-03 1.120361589712920089e-02 1.315054246365661948e-02 2.351802499765377145e-03
3.346263127820916540e-03 -1.185012156937300222e-03 2.811930872631364115e-03 -2.493448228267729910e-03 5.222104754619256821e-03 1.260424313458513058e-02 1.479459454970870509e-02 2.644943209893507383e-03
3.717636273919109474e-03 -1.316633448273425320e-03 3.124896440632448768e-03 -2.769977454153474232e-03 5.801586351224899928e-03 1.400490944077120194e-02 1.643869859089937269e-02 2.937898356783093506e-03
