0.000000000000000000e+00 0.000000000000000000e+00 0.000000000000000000e+00 0.000000000000000000e+00
9.282611597605976497e-04 -1.487699780005140814e-04 3.337135849984265452e-03 2.613635507487676343e-04
1.855426858790967240e-03 -2.974490426808526445e-04 6.676827371139181649e-03 5.225370068289861628e-04
2.781494718006905474e-03 -4.460371665726779451e-04 1.001907878301270399e-02 7.835202205024896461e-04
3.706462350455059715e-03 -5.945343219737048287e-04 1.336389431950532093e-02 1.044313043460524514e-03
4.630327361271349695e-03 -7.429404809454399254e-04 1.671127822916196326e-02 1.304915326819554083e-03
5.553087347635383107e-03 -8.912556153112365098e-04 2.006123477526621998e-02 1.565326921113323767e-03
6.474739898722870618e-03 -1.039479696654858421e-03 2.341376823593913081e-02 1.825547676290531886e-03
7.395282595659155231e-03 -1.187612696318340443e-03 2.676888290423742878e-02 2.085577441710555202e-03
8.314713011471181262e-03 -1.335654585400618093e-03 3.012658308825427386e-02 2.345416066138605350e-03
9.233028711039941230e-03 -1.483605334755595459e-03 3.348687311121743837e-02 2.605063397739957199e-03
