0.000000000000000000e+00 0.000000000000000000e+00 0.000000000000000000e+00 0.000000000000000000e+00 0.000000000000000000e+00 0.000000000000000000e+00 0.000000000000000000e+00 0.000000000000000000e+00
6.210770667295842503e-05 2.626257556080423359e-03 -2.221596424005947267e-04 -2.466205620352699725e-03 6.017154612374687453e-04 8.970582175828951607e-03 1.226231301459809048e-02 3.905659055437243031e-03
1.162152497807854626e-04 5.260290040974624666e-03 -4.434995896176047170e-04 -4.933005701137808258e-03 1.200121291729737763e-03 1.794242557609449992e-02 2.453050015911640430e-02 7.807492387262824317e-03
1.622293689315431199e-04 7.902121190321834479e-03 -6.639979907494646116e-04 -7.400352568503888728e-03 1.795183002464722545e-03 2.691554504804638190e-02 3.680461256722032670e-02 1.170546850357417207e-02
2.000551770232136958e-04 1.055177451539645629e-02 -8.836323705786854402e-04 -9.868197321840826985e-03 2.386865477778840530e-03 3.588995579389497870e-02 4.908470216012707221e-02 1.559955539660675024e-02
2.295961149374010023e-04 1.320927329356213521e-02 -1.102379607972761230e-03 -1.233648980052662325e-02 2.975132956965202517e-03 4.486567338102351310e-02 6.137082166644242109e-02 1.948972053107862062e-02
2.507539042645198064e-04 1.587464055899135904e-02 -1.320215913925481752e-03 -1.480517854933030564e-02 3.559949015039651134e-03 5.384271375230209600e-02 7.366302464312035614e-02 2.337593083214972375e-02
2.634284979485649898e-04 1.854789909373245546e-02 -1.537116809308299026e-03 -1.727421078237251217e-02 4.141276542616701729e-03 6.282109323647777632e-02 8.596136549764445134e-02 2.725815267297472533e-02
2.675180287274382977e-04 2.122907141921393653e-02 -1.753057102415161994e-03 -1.974353234552594927e-02 4.719077724840467503e-03 7.180082855860045465e-02 9.826589951154837688e-02 3.113635186182640499e-02
2.629187552394280768e-04 2.391817978828321076e-02 -1.968010866395397337e-03 -2.221308767712705523e-02 5.293314019298894432e-03 8.078193685044689210e-02 1.105766828654050349e-01 3.501049362876686166e-02
2.495250056541728294e-04 2.661524617788646116e-02 -2.181951416686490550e-03 -2.468281976685376966e-02 5.863946132869513224e-03 8.976443566089097048e-02 1.228937726654294321e-01 3.888054261182946614e-02
