0.000000000000000000e+00 0.000000000000000000e+00 0.000000000000000000e+00 0.000000000000000000e+00
6.353069225820984775e-04 -5.811245337182280616e-04 2.132405829959647860e-03 1.916521663685903133e-03
1.270151231000422529e-03 -1.161723308064110602e-03 4.265844517950634178e-03 3.833295147435649211e-03
1.904532605669493088e-03 -1.741795937595845556e-03 6.400317704150868675e-03 5.750318975023922634e-03
2.538450726778106702e-03 -2.321342036414831764e-03 8.535827036498482359e-03 7.667591661856808585e-03
3.171905274304197882e-03 -2.900361218155339017e-03 1.067237417080571169e-02 9.585111714889396270e-03
3.804895928014252662e-03 -3.478853095980903847e-03 1.280996077081352630e-02 1.150287763257046292e-02
4.437422367462500426e-03 -4.056817282581567409e-03 1.494858850824862077e-02 1.342088790478494081e-02
5.069484271990549844e-03 -4.634253390170333178e-03 1.708825906287992150e-02 1.533914101279932815e-02
5.701081320726534944e-03 -5.211161030480213584e-03 1.922897412257460262e-02 1.725763542920084534e-02
6.332213192584605979e-03 -5.787539814760789617e-03 2.137073538335541867e-02 1.917636961784368460e-02
