0.000000000000000000e+00 0.000000000000000000e+00 0.000000000000000000e+00 0.000000000000000000e+00 0.000000000000000000e+00 0.000000000000000000e+00 0.000000000000000000e+00 0.000000000000000000e+00 0.000000000000000000e+00 0.000000000000000000e+00
4.939712935773422908e-04 -2.532586467553415500e-05 -8.416834596247585530e-05 -2.747696518417388613e-05 -3.672961626114852325e-04 1.384429304391455355e-03 1.160655818318871019e-03 1.958812830536373496e-03 1.122875854978218390e-03 9.026999389447403974e-04
9.877818963532080960e-04 -5.070214873232589046e-05 -1.683746871044762322e-04 -5.491714633118180059e-05 -7.345197089390640213e-04 2.768986854813267236e-03 2.321222636512370544e-03 3.917906387990491811e-03 2.245757174931801818e-03 1.805414783869694175e-03
1.481431774796850660e-03 -7.612885503341554371e-05 -2.526190678482049612e-04 -8.232054574338330301e-05 -1.101670647740727715e-03 4.153672668990976077e-03 3.481700445033869464e-03 5.877280913446034441e-03 3.368643987646418366e-03 2.708144512290182500e-03
1.974920895357764727e-03 -1.016059864253008173e-04 -3.369015327012288502e-04 -1.096871657348746584e-04 -1.468748987788446930e-03 5.538486764704220536e-03 4.642089234373114083e-03 7.836936648210278064e-03 4.491536320933317214e-03 3.610889101711772624e-03
2.468249224467897879e-03 -1.271335457382995800e-04 -4.212221262586074780e-04 -1.370170086320396559e-04 -1.835754737869011539e-03 6.923429159795975972e-03 5.802388995065072344e-03 9.796873833836976242e-03 5.614434202633649187e-03 4.513648529634277720e-03
2.961416728540714870e-03 -1.527115357866711421e-04 -5.055808932027516106e-04 -1.643100767730691885e-04 -2.202687906783774418e-03 8.308499872173313178e-03 6.962599717690171053e-03 1.175709271212992298e-02 6.737337660618927110e-03 5.416422773549620789e-03
3.454423373971744499e-03 -1.783399593684407969e-04 -5.899778783039322889e-04 -1.915663725083361908e-04 -2.569548503349134566e-03 9.693698919806856273e-03 8.122721392873533466e-03 1.371759352514221632e-02 7.860246722791551857e-03 6.319211810944054021e-03
3.947269127137807872e-03 -2.040188192653834905e-04 -6.744131264202960071e-04 -2.187858982001603667e-04 -2.936336536395900681e-03 1.107902632073155119e-02 9.282754011285292844e-03 1.567837651517793238e-02 8.983161417084599421e-03 7.222015619296713769e-03
4.439953954397187971e-03 -2.297481182432898575e-04 -7.588866824983247399e-04 -2.459686562227713811e-04 -3.303052014769929101e-03 1.246448209304705339e-02 1.044269756364163589e-02 1.763944192479193276e-02 1.010608177146074885e-02 8.124834176078768802e-03
4.932477822089650910e-03 -2.555278590517288083e-04 -8.433985915724454127e-04 -2.731146489625309315e-04 -3.669694947331386767e-03 1.385006625491730196e-02 1.160255204070316515e-02 1.960078999679187514e-02 1.122900781391422513e-02 9.027667458756889751e-03
