0.000000000000000000e+00 0.000000000000000000e+00 0.000000000000000000e+00 0.000000000000000000e+00 0.000000000000000000e+00 0.000000000000000000e+00 0.000000000000000000e+00 0.000000000000000000e+00
4.626511682594877358e-04 1.378098338933868186e-04 -7.791600542823913403e-05 -6.747960545937868159e-04 1.473121680854223023e-03 1.115432133819829969e-03 1.360746104407587094e-03 2.310089700715725006e-03
9.238146660670591617e-04 2.758702967757599997e-04 -1.555031972402493392e-04 -1.350136278749801064e-03 2.941855408786049012e-03 2.229431837841137215e-03 2.722724598258655874e-03 4.625815705133438753e-03
1.383475735619608526e-03 4.141850350242321779e-04 -2.327574076649222674e-04 -2.026032984347161600e-03 4.406130548038696311e-03 3.341980348742570016e-03 4.085953867592763064e-03 6.947250339776172776e-03
1.841619343661079046e-03 5.527577582519328878e-04 -3.096743892538729665e-04 -2.702498700991069671e-03 5.865875166839820166e-03 4.453058555639921416e-03 5.450452633958017754e-03 9.274467271684369227e-03
2.298230175147632573e-03 6.915922408090506394e-04 -3.862498130696523715e-04 -3.379546181164271718e-03 7.321016007938831519e-03 5.562646992122052131e-03 6.816239962271130812e-03 1.160754154029254234e-02
2.753292626453745714e-03 8.306923232053685640e-04 -4.624792667244312936e-04 -4.057188405101583989e-03 8.771478458139993911e-03 6.670725827953945600e-03 8.183335268708210111e-03 1.394654958945235924e-02
3.206790798382149615e-03 9.700619135701992347e-04 -5.383582523619333910e-04 -4.735438585791744773e-03 1.021718651699910982e-02 7.777274860552530096e-03 9.551758328814503873e-03 1.629156930035392456e-02
3.658708488967590041e-03 1.109704989151360632e-03 -6.138821845805689844e-04 -5.414310174111475540e-03 1.165806276464441231e-02 8.882273506216033926e-03 1.092152928584181129e-02 1.864268002538011296e-02
4.109029186072889021e-03 1.249625597853467555e-03 -6.890463882956343773e-04 -6.093816864096421315e-03 1.309402832870376274e-02 9.985700791112103042e-03 1.229266865931492869e-02 2.099996262291441845e-02
4.557736059763213207e-03 1.389827859818285744e-03 -7.638460965392086929e-04 -6.773972598349187538e-03 1.452500285030062545e-02 1.108753534200165869e-02 1.366519735384133516e-02 2.336349949314694627e-02
