0.000000000000000000e+00 0.000000000000000000e+00 0.000000000000000000e+00 0.000000000000000000e+00
6.776776869783900916e-04 -5.036590154594922444e-04 2.350749586014621879e-03 1.683003251380141719e-03
1.354784187349553776e-03 -1.006914429963639808e-03 4.702767893572974353e-03 3.366310219473449359e-03
2.031318753790906702e-03 -1.509766069736833555e-03 7.056056189709590705e-03 5.049920677194070194e-03
2.707280637567455704e-03 -2.012213760936440270e-03 9.410615743921822360e-03 6.733834396483899705e-03
3.382669088530844154e-03 -2.514257329651439603e-03 1.176644782822254369e-02 8.418051148311572404e-03
4.057483355115039554e-03 -3.015896601901917745e-03 1.412355371715141167e-02 1.010257070266968628e-02
4.731722684331606844e-03 -3.517131403639143540e-03 1.648193468778354556e-02 1.178739282856955395e-02
5.405386321765004269e-03 -4.017961560745039393e-03 1.884159201973990838e-02 1.347251729403731169e-02
6.078473511567282495e-03 -4.518386899031820447e-03 2.120252699519846115e-02 1.515794386610922265e-02
6.750983496454050076e-03 -5.018407244241690143e-03 2.356474089890316440e-02 1.684367231082732966e-02
