0.000000000000000000e+00 0.000000000000000000e+00 0.000000000000000000e+00 0.000000000000000000e+00 0.000000000000000000e+00 0.000000000000000000e+00 0.000000000000000000e+00 0.000000000000000000e+00
2.820654261435962418e-03 -3.904442835948604765e-04 -1.419146869311249323e-03 -1.011063108529872785e-03 7.629815097083406279e-03 1.006785833430742794e-02 5.368885194476913196e-03 9.439394966863083776e-04
5.643340388576017878e-03 -7.824357629685313974e-04 -2.839227477389663114e-03 -2.021677148217697166e-03 1.525982740941989393e-02 2.013687906716132500e-02 1.073731947202023404e-02 1.886970296507003595e-03
8.468063321961184775e-03 -1.175976804404747040e-03 -4.260245025351394772e-03 -3.031841492204781236e-03 2.289003292877625495e-02 3.020706208188705943e-02 1.610530713328818531e-02 2.829092223710788674e-03
1.129482798788456616e-02 -1.571069731601656234e-03 -5.682202748476874142e-03 -4.041555507805908928e-03 3.052042761666294221e-02 4.027840726774054719e-02 2.147285251072477905e-02 3.770305095088306857e-03
1.412363929642882453e-02 -1.967716823388447264e-03 -7.105103916472094161e-03 -5.050818556568034169e-03 3.815100740304305099e-02 5.035091452091131070e-02 2.683995996875902443e-02 4.710608720057344288e-03
1.695450213947946941e-02 -2.365920311424164323e-03 -8.528951833718193334e-03 -6.059629994336845037e-03 4.578176818499757328e-02 6.042458374557226064e-02 3.220663390399292753e-02 5.650002900761954064e-03
1.978742138871683945e-02 -2.765682377880751205e-03 -9.953749839506993019e-03 -7.067989171328745678e-03 5.341270582532701983e-02 7.049941485498649463e-02 3.757287874538377259e-02 6.588487432181135139e-03
2.262240189358990031e-02 -3.167005153119242626e-03 -1.137950130825987442e-02 -8.075895432210327893e-03 6.104381615110002213e-02 8.057540777267077625e-02 4.293869895441169288e-02 7.526062102250049603e-03
2.545944847927548299e-02 -3.569890713363562708e-03 -1.280620964972710787e-02 -9.083348116184306736e-03 6.867509495213368342e-02 9.065256243362303235e-02 4.830409902523766924e-02 8.462726691992734224e-03
2.829856594462653446e-02 -3.974341078379637140e-03 -1.423387830916480676e-02 -1.009034655708165862e-02 7.630653797940761818e-02 1.007308787856190935e-01 5.366908348484696056e-02 9.398480975667080836e-03
