0.000000000000000000e+00 0.000000000000000000e+00 0.000000000000000000e+00 0.000000000000000000e+00 0.000000000000000000e+00 0.000000000000000000e+00 0.000000000000000000e+00 0.000000000000000000e+00 0.000000000000000000e+00 0.000000000000000000e+00
1.853216888714754977e-03 4.460666626542641512e-04 -1.846686507529701749e-04 -6.800440547123100775e-04 -1.434570851938297932e-03 5.125751550909248347e-03 6.276988740889465068e-03 5.775178846386903007e-03 5.038676215976503787e-03 3.583465345026975394e-03
3.709227412039974026e-03 8.903125555586436680e-04 -3.716068757381882576e-04 -1.361345304059806980e-03 -2.866587794041154311e-03 1.026207190885003971e-02 1.256108040574367354e-02 1.154983171120575400e-02 1.006940207451111416e-02 7.157735292656336804e-03
5.568071656492258083e-03 1.332711337041606959e-03 -5.608494373064838679e-04 -2.043925476982983748e-03 -4.296008085697947468e-03 1.540911676400255094e-02 1.885238986746509693e-02 1.732395757635107197e-02 1.509206167293296146e-02 1.072265620599225852e-02
7.429790505193831565e-03 1.773236102039990256e-03 -7.524317882878769426e-04 -2.727806714278083015e-03 -5.722788111341551784e-03 2.056704498063309516e-02 2.515103433802947513e-02 2.309755539867012000e-02 2.010653674537525581e-02 1.427807131780941055e-02
9.294425657589392917e-03 2.211859365471546737e-03 -9.463900901358265070e-04 -3.413011579451610041e-03 -7.146883360374034141e-03 2.573601867459260686e-02 3.145713342565681359e-02 2.887062411075565216e-02 2.511270660702246901e-02 1.782382065626265250e-02
1.116201964990747031e-02 2.648553046676965783e-03 -1.142761230648283843e-03 -4.099563068929073031e-03 -8.568248404142461347e-03 3.091620329697583602e-02 3.777080919620705302e-02 3.464316261982722939e-02 3.011044809176656109e-02 2.135974096328437793e-02
1.303261587624010218e-02 3.083288453367257365e-03 -1.341582842227920886e-03 -4.787484622559595726e-03 -9.986836872197261267e-03 3.610776772038361976e-02 4.409218623647111202e-02 4.041516980655961155e-02 3.509963548793491178e-02 2.488566561048128484e-02
1.490625861026063231e-02 3.516036265053201770e-03 -1.542893320702666288e-03 -5.476800134430536565e-03 -1.140260142780849181e-02 4.131088432786803738e-02 5.042139171942788822e-02 4.618664452385307095e-02 4.008014047201620411e-02 2.840142451243230642e-02
1.678299302760474093e-02 3.946766515942006989e-03 -1.746731844724076343e-03 -6.167533963998030055e-03 -1.281549374271121443e-02 4.652572910466278716e-02 5.675855547153224601e-02 5.195758559554972816e-02 4.505183204031516786e-02 3.190684403730213725e-02
1.866286522893548239e-02 4.375448577278002842e-03 -1.953138395766960533e-03 -6.859710947547018045e-03 -1.422546447105293294e-02 5.175248173280614511e-02 6.310381004211587652e-02 5.772799181508251470e-02 5.001457643845427098e-02 3.540174691466650009e-02
