0.000000000000000000e+00 0.000000000000000000e+00 0.000000000000000000e+00 0.000000000000000000e+00 0.000000000000000000e+00 0.000000000000000000e+00
3.310840050078830954e-04 8.461974983119745588e-05 -8.900880464886206040e-04 7.551856767659663070e-04 1.354099538464101750e-03 2.977275678510980187e-03
6.618397993195632330e-04 1.691792473065174558e-04 -1.779307386144745023e-03 1.509548114597582822e-03 2.708174173741259051e-03 5.956658333348484324e-03
9.922674538726831625e-04 2.536784035391507369e-04 -2.667656274504807794e-03 2.263086405192036264e-03 4.062223895161625603e-03 8.938149890173410078e-03
1.322367039576576248e-03 3.381171295841518690e-04 -3.555132963361908819e-03 3.015799640268313191e-03 5.416248692100214188e-03 1.192175227563187223e-02
1.652138627320348706e-03 4.224953364352689662e-04 -4.441735700764205819e-03 3.767686911584164182e-03 6.770248553984436861e-03 1.490746741743138176e-02
1.981582287971611362e-03 5.068129350248488192e-04 -5.327462731003405200e-03 4.518747310934719853e-03 8.124223470294136829e-03 1.789529724434001448e-02
2.310698092375433176e-03 5.910698362241627790e-04 -6.212312294603491991e-03 5.268979930154051895e-03 9.478173430562959745e-03 2.088524368618359037e-02
2.639486111353156646e-03 6.752659508431520241e-04 -7.096282628309062528e-03 6.018383861115060747e-03 1.083209842437926791e-02 2.387730867384402558e-02
2.967946415701442839e-03 7.594011896300387112e-04 -7.979371965073894790e-03 6.766958195730030275e-03 1.218599844138525123e-02 2.687149413925640426e-02
3.296079076190792326e-03 8.434754632719788274e-04 -8.861578534049539130e-03 7.514702025949297239e-03 1.353987347127865934e-02 2.986780201540799318e-02
