0.000000000000000000e+00 0.000000000000000000e+00 0.000000000000000000e+00 0.000000000000000000e+00
3.681911281001108401e-04 -5.134405599977446720e-04 1.179557813731869995e-03 1.752393980558319964e-03
7.355359770855157383e-04 -1.027167893435437449e-03 2.356721643825997279e-03 3.507926667662363950e-03
1.102028143097617645e-03 -1.541187430059719676e-03 3.531460763685580640e-03 5.266629445668668738e-03
1.467661130224192419e-03 -2.055504674421026936e-03 4.703744008347449622e-03 7.028534150545680433e-03
1.832428348863789297e-03 -2.570125207285251390e-03 5.873539766704936188e-03 8.793673078288016809e-03
2.196323113987388564e-03 -3.085054686926855076e-03 7.040815973579859707e-03 1.056207899320338491e-02
2.559338643361538934e-03 -3.600298850446869651e-03 8.205540101628468544e-03 1.233378513638279557e-02
2.921468055731010934e-03 -4.115863515119161722e-03 9.367679153070422940e-03 1.410882523435106652e-02
3.282704368961112534e-03 -4.631754579764560224e-03 1.052719965124456446e-02 1.588723350790738342e-02
3.643040498138381406e-03 -5.147978026151737128e-03 1.168406763197802657e-02 1.766904468115910315e-02
