0.000000000000000000e+00 0.000000000000000000e+00 0.000000000000000000e+00 0.000000000000000000e+00 0.000000000000000000e+00 0.000000000000000000e+00 0.000000000000000000e+00 0.000000000000000000e+00 0.000000000000000000e+00 0.000000000000000000e+00
1.821212152198448293e-03 1.520749710703258673e-03 2.190474415907415042e-06 -1.634672458285372967e-03 -1.709479881718336874e-03 3.552986647360218981e-03 5.532369346291574931e-03 6.812293008871146520e-03 5.195919753678706482e-03 2.949270358214437643e-03
3.642531253992425250e-03 3.042979358075623749e-03 4.396810549102327537e-06 -3.271016211529237556e-03 -3.418891213816349899e-03 7.105486960363983050e-03 1.106483160426432327e-02 1.362617182347787906e-02 1.039183855418544800e-02 5.897349280046244521e-03
5.463956699480721456e-03 4.566691721958383160e-03 6.619268287883363182e-06 -4.909034841003331699e-03 -5.128232851494339377e-03 1.065749978156743487e-02 1.659738767639049387e-02 2.044163664575335271e-02 1.558775824704628291e-02 8.844234979493069415e-03
7.285487878071345881e-03 6.091889565118087380e-03 8.858116246926407353e-06 -6.548731922328035471e-03 -6.837503639920469896e-03 1.420902393934221804e-02 2.213003846839909500e-02 2.725868769435257910e-02 2.078368067760514443e-02 1.178992565845659625e-02
9.107124176299986190e-03 7.618575633196477716e-03 1.111362901700047381e-05 -8.190111024411242044e-03 -8.546702416955324205e-03 1.776005825003705574e-02 2.766278489069953078e-02 3.407732520120951986e-02 2.597960769491256330e-02 1.473441950919146017e-02
1.092886497791957338e-02 9.146752653752903556e-03 1.338608729575287148e-05 -9.833175708739868431e-03 -1.025582801312224443e-02 2.131060151765428942e-02 3.319562785810631356e-02 4.089754941291309787e-02 3.117554115105055854e-02 1.767771471421194368e-02
1.275070966399327772e-02 1.067642333528443302e-02 1.567577802232943823e-05 -1.147792952865646712e-02 -1.196487925157746317e-02 2.486065253351997517e-02 3.872856828954687747e-02 4.771936059212807113e-02 3.637148290042635512e-02 2.061980944619175651e-02
1.457265761299253448e-02 1.220759036622415424e-02 1.798299451375210377e-05 -1.312437602862462881e-02 -1.367385494807910745e-02 2.841021007595011943e-02 4.426160710775278728e-02 5.454275901906628643e-02 4.156743479904097260e-02 2.356070186787078899e-02
1.639470820089961034e-02 1.374025641391729557e-02 2.030803660583351336e-05 -1.477251874347991663e-02 -1.538275391095460937e-02 3.195927290991326664e-02 4.979474523893809984e-02 6.136774499300603342e-02 4.676339870372474283e-02 2.650039013195647220e-02
1.821686080131468266e-02 1.527442412357365477e-02 2.265121079676095731e-05 -1.642236119766822891e-02 -1.709157494106640016e-02 3.550783978668913682e-02 5.532798361245961499e-02 6.819431883385913828e-02 5.195937647134882265e-02 2.943887238103101017e-02
