0.000000000000000000e+00 0.000000000000000000e+00 0.000000000000000000e+00 0.000000000000000000e+00 0.000000000000000000e+00 0.000000000000000000e+00 0.000000000000000000e+00 0.000000000000000000e+00 0.000000000000000000e+00 0.000000000000000000e+00
2.521361357943756082e-04 -1.725157746241497473e-04 4.228199311809435561e-04 -1.803645696710750996e-05 -4.921505483528969532e-04 6.957515263897609764e-04 4.623205580042139668e-04 1.058109485529942209e-03 1.934505770119456696e-03 1.293987541228203446e-03
5.042184849096608898e-04 -3.450590267140407467e-04 8.456501701043883483e-04 -3.600304117691953404e-05 -9.840692770047010374e-04 1.391512306418180240e-03 9.246135138432851064e-04 2.116192368434001870e-03 3.868996847088291419e-03 2.588028235445585801e-03
7.562470393298628647e-04 -5.176297495699357706e-04 1.268490727965489694e-03 -5.389968954718398007e-05 -1.475756148347340431e-03 2.087282329776211746e-03 1.386878861712262118e-03 3.174248616939517008e-03 5.803473158214770243e-03 3.882122124015681408e-03
1.008221791041043550e-03 -6.902279364823108235e-04 1.691341615987295962e-03 -7.172633894695573198e-05 -1.967211124723485839e-03 2.783061586161248747e-03 1.849116595811065022e-03 4.232278199233071789e-03 7.737934630692313610e-03 5.176269248474306937e-03
1.260142732031417374e-03 -8.628535807315251653e-04 2.114202845423572216e-03 -8.948292619404753126e-05 -2.458434168429087310e-03 3.478850065278861221e-03 2.311326710346071726e-03 5.290281083466584315e-03 9.672381191639210438e-03 6.470469650543001806e-03
1.512009854290755247e-03 -1.035506675588148415e-03 2.537074427558897415e-03 -1.071693880547620469e-04 -2.949425241712251219e-03 4.174647756840351755e-03 2.773509199530411248e-03 6.348257237758125199e-03 1.160681276809802896e-02 7.764723372130088314e-03
1.763823149811096988e-03 -1.208187214312461547e-03 2.959956373709080740e-03 -1.247856612441219091e-04 -3.440184306773760251e-03 4.870454650564712100e-03 3.235664057582666141e-03 7.406206630191695950e-03 1.354122928703586914e-02 9.059030455330324694e-03
2.015582610586262678e-03 -1.380895190154992486e-03 3.382848695220247188e-03 -1.423316824261095350e-04 -3.930711325766028663e-03 5.566270736177840808e-03 3.697791278727799273e-03 8.464129228816216766e-03 1.547563067534500625e-02 1.035339094242659908e-02
2.267288228612454170e-03 -1.553630596356430022e-03 3.805751403469547715e-03 -1.598073882127058613e-04 -4.421006260792953967e-03 6.262096003412816886e-03 4.159890857197512913e-03 9.522025001646399964e-03 1.741001685984228109e-02 1.164780487588729270e-02
2.518939995887151378e-03 -1.726393426147319150e-03 4.228664509865156206e-03 -1.772127151638726447e-04 -4.911069073909605544e-03 6.957930442009976554e-03 4.621962787228191781e-03 1.057989391666218013e-02 1.934438776726897166e-02 1.294227229837044239e-02
