0.000000000000000000e+00 0.000000000000000000e+00 0.000000000000000000e+00 0.000000000000000000e+00
4.457724406661402183e-03 -4.457724406661357081e-03 7.799454618137271339e-03 1.393132337462616929e-02
8.921966527083661364e-03 -8.921966527083435849e-03 1.556196169137185302e-02 2.789959429415470038e-02
1.339274043504607228e-02 -1.339274043504593004e-02 2.328695397388693203e-02 4.190538000440339333e-02
1.787005969864025740e-02 -1.787005969864025046e-02 3.097385220685964016e-02 5.594925976419418828e-02
2.235393730937038775e-02 -2.235393730937019346e-02 3.862206479177415080e-02 7.003182517204295521e-02
2.684438560487504774e-02 -2.684438560487478059e-02 4.623098745331913340e-02 8.415368050326113569e-02
3.134141618480833918e-02 -3.134141618480802693e-02 5.380000289154172888e-02 9.831544305780173798e-02
3.584503981939508865e-02 -3.584503981939467232e-02 6.132848042292551177e-02 1.125177435191814790e-01
4.035526635016043612e-02 -4.035526635015993652e-02 6.881577561005648713e-02 1.267612263248143190e-01
4.487210458231221527e-02 -4.487210458231166016e-02 7.626122987954346566e-02 1.410465500480904688e-01
