0.000000000000000000e+00 0.000000000000000000e+00 0.000000000000000000e+00 0.000000000000000000e+00 0.000000000000000000e+00 0.000000000000000000e+00 0.000000000000000000e+00 0.000000000000000000e+00 0.000000000000000000e+00 0.000000000000000000e+00
6.502289865443542207e-04 3.740454790208991873e-05 1.974054831930044049e-04 -3.317923896732773940e-04 -2.575349477534125521e-04 2.453186380865025711e-03 9.847686377425788132e-04 1.293910208276534369e-03 9.382760549371287799e-04 5.315395930830670674e-04
1.299857241739273313e-03 7.478670367594257313e-05 3.950091708845461904e-04 -6.635912576206107671e-04 -5.149217593112193677e-04 4.907800128586040610e-03 1.969175405224055358e-03 2.587899821446346550e-03 1.876529109243010298e-03 1.062824029187782590e-03
1.948883789309839056e-03 1.121466188044390253e-04 5.928112194376598289e-04 -9.953965840810298071e-04 -7.721604046933307468e-04 7.363842832318365055e-03 2.953219900768549577e-03 3.881968983591465618e-03 2.814759052245047709e-03 1.593853050991303737e-03
2.597307650786397949e-03 1.494844452336910551e-04 7.908117854908612533e-04 -1.327208349188525611e-03 -1.029250853835596844e-03 9.821316084359934043e-03 3.936901722059099606e-03 5.176117838957126037e-03 3.752965772956163952e-03 2.124626400891961673e-03
3.245127845497128467e-03 1.868003353766730344e-04 9.890110259612222478e-04 -1.659026532972406954e-03 -1.286193076590223241e-03 1.228022148020787435e-02 4.920220466141894504e-03 6.470346531959798343e-03 4.691149160079062345e-03 2.655143821011120200e-03
3.892343390559886013e-03 2.240944421143083653e-04 1.187409098046708503e-03 -1.990851115356973185e-03 -1.542987042725001926e-03 1.474056061857634270e-02 5.903175729424022140e-03 7.764655207184683119e-03 5.629309102001904194e-03 3.185405053190189760e-03
4.538953300874065330e-03 2.613669187975055982e-04 1.386006159226596925e-03 -2.322682076160448132e-03 -1.799632721922948949e-03 1.720233510140556712e-02 6.885767107669327550e-03 9.059044009387326457e-03 6.567445486799610051e-03 3.715409838990686199e-03
5.184956589112437765e-03 2.986179192485222903e-04 1.584802367263027454e-03 -2.654519395094953865e-03 -2.056130083781683177e-03 1.966554653387723312e-02 7.867994195997157422e-03 1.035351308349300760e-02 7.505558202232380863e-03 4.245157919693003448e-03
5.830352265712588668e-03 3.358475977630263182e-04 1.783797880202032515e-03 -2.986363051765695154e-03 -2.312479097813438435e-03 2.213019652442667004e-02 8.849856588880083280e-03 1.164806257459767916e-02 8.443647135745153270e-03 4.774649036293863481e-03
6.475139338868925523e-03 3.730561091111344349e-04 1.982992856374794690e-03 -3.318213025670499559e-03 -2.568679733443894522e-03 2.459628668475744018e-02 9.831353880140416418e-03 1.294269262796695318e-02 9.381712174466209225e-03 5.303882929507107782e-03
