0.000000000000000000e+00 0.000000000000000000e+00 0.000000000000000000e+00 0.000000000000000000e+00 0.000000000000000000e+00 0.000000000000000000e+00 0.000000000000000000e+00 0.000000000000000000e+00
3.261597995267334887e-03 -1.579041163394039396e-03 -1.304235346681563825e-03 -3.783214851917660352e-04 7.229489373693115915e-03 1.070541367490017437e-02 5.719939439067182191e-03 1.775635101253780551e-03
6.533183256216263182e-03 -3.171639150225077572e-03 -2.607767092378834601e-03 -7.537770136121753686e-04 1.445406522887006211e-02 2.141756525401005556e-02 1.143962006751644313e-02 3.549704627431292999e-03
9.814856747832577388e-03 -4.777991830751313757e-03 -3.910525161297523714e-03 -1.126339755783628029e-03 2.167366761748739518e-02 3.213654158679582484e-02 1.715902522355177567e-02 5.322198338906739684e-03
1.310672150961454153e-02 -6.398301737226460770e-03 -5.212437185470143036e-03 -1.495982586917711131e-03 2.888823534895699346e-02 4.286243154745056350e-02 2.287813755318510167e-02 7.093105906062747990e-03
1.640888272630839501e-02 -8.032776229047992531e-03 -6.513428415184596698e-03 -1.862678082075429559e-03 3.609770594421689294e-02 5.359532611160766624e-02 2.859693898039515625e-02 8.862416908349598360e-03
1.972144780302079181e-02 -9.681627666555853856e-03 -7.813421625262065295e-03 -2.226398511202497960e-03 4.330201558784096960e-02 6.433531843650505677e-02 3.431541067579668702e-02 1.063012083334107308e-02
2.304452644518417692e-02 -1.134507359417266485e-02 -9.112337016974470308e-03 -2.587115834036556039e-03 5.050109907808142395e-02 7.508250394478631351e-02 4.003353302373552358e-02 1.239620707579397810e-02
2.637823074391953959e-02 -1.302333693366063833e-02 -1.041009211537223707e-02 -2.944801694886153322e-03 5.769488977473799518e-02 8.583698041213949637e-02 4.575128558772260934e-02 1.416066493671102461e-02
2.972267526742126270e-02 -1.471664618836395974e-02 -1.170660166178042264e-02 -3.299427417276443609e-03 6.488331954471172891e-02 9.659884805900058324e-02 5.146864707410558903e-02 1.592348362240745413e-02
3.307797715908158270e-02 -1.642523565941927249e-02 -1.300177750120253863e-02 -3.650963998459259407e-03 7.206631870509448701e-02 1.073682096465866653e-01 5.718559529387230722e-02 1.768465224358563639e-02
