0.000000000000000000e+00 0.000000000000000000e+00 0.000000000000000000e+00 0.000000000000000000e+00 0.000000000000000000e+00 0.000000000000000000e+00 0.000000000000000000e+00 0.000000000000000000e+00
3.088558823192157597e-04 -2.721356912349884739e-04 7.402772364568234551e-05 -4.513988382285313893e-04 9.710087613990705125e-04 1.698051937292489183e-03 1.286668733769238439e-03 1.100796972068877671e-03
6.175342206819339763e-04 -5.443584684209892745e-04 1.481205809403307377e-04 -9.027170926632420260e-04 1.942090523519590141e-03 3.396108712228764360e-03 2.573320209217645847e-03 2.201608580922243767e-03
9.260349727754389271e-04 -8.166683501581720921e-04 2.222786341357753728e-04 -1.353954791230925492e-03 2.913245322598518282e-03 5.094170194213605563e-03 3.859954403140371856e-03 3.302434741480820678e-03
1.234358096270453484e-03 -1.089065355047165668e-03 2.965019455558051621e-04 -1.805111961906355868e-03 3.884473194926344429e-03 6.792236252315005801e-03 5.146571292306008349e-03 4.403275368533346099e-03
1.542503548821323430e-03 -1.361549501693158463e-03 3.707905775971656452e-04 -2.256188632714328964e-03 4.855774176852149446e-03 8.490306755282426426e-03 6.433170853463962904e-03 5.504130376740025768e-03
1.850471288065586375e-03 -1.634120808704475538e-03 4.451445927303528832e-04 -2.707184831729715115e-03 5.827148304784470108e-03 1.018838157154529182e-02 7.719753063344935405e-03 6.604999680632083967e-03
2.158261271624186978e-03 -1.906779294694183925e-03 5.195640534986513924e-04 -3.158100587077195508e-03 6.798595615188316246e-03 1.188646056921427094e-02 9.006317898659514654e-03 7.705883194612713274e-03
2.465873457100899169e-03 -2.179524978278676774e-03 5.940490225194760068e-04 -3.608935926931792354e-03 7.770116144588146666e-03 1.358454361607786508e-02 1.029286533610051201e-02 8.806780832954845886e-03
2.773307802082795610e-03 -2.452357878078132401e-03 6.685995624835969989e-04 -4.059690879518305755e-03 8.741709929566592388e-03 1.528263057960440804e-02 1.157939535233941733e-02 9.907692509803014969e-03
3.080564264139058327e-03 -2.725278012716440129e-03 7.432157361558727835e-04 -4.510365473111809832e-03 9.713377006764297925e-03 1.698072132693899047e-02 1.286590792403042270e-02 1.100861813917044206e-02
