0.000000000000000000e+00 0.000000000000000000e+00 0.000000000000000000e+00 0.000000000000000000e+00 0.000000000000000000e+00 0.000000000000000000e+00
6.297222734850853668e-04 -9.895059057080426155e-05 6.378191318849879565e-05 2.475634469619620096e-03 1.043206488794024651e-03 -4.193675047939072749e-04
1.258814543881024445e-03 -1.978877048992664506e-04 1.275887197683618136e-04 4.952285043791468562e-03 2.086289430611239226e-03 -8.387743708983419087e-04
1.887275690443022957e-03 -2.968113382649059011e-04 1.914204318895812342e-04 7.429953422440876976e-03 3.129248757396682970e-03 -1.258220567372503578e-03
2.515104588081185089e-03 -3.957214859073375610e-04 2.552770616984664743e-04 9.908641311919133901e-03 4.172084401047569668e-03 -1.677706063289083772e-03
3.142300107316580750e-03 -4.946181430251999191e-04 3.191586213366518843e-04 1.238835042514832910e-02 5.214796293420078874e-03 -2.097230827734877876e-03
3.768861114253526864e-03 -5.935013047767811458e-04 3.830651229420626506e-04 1.486908248166561239e-02 6.257384366328155693e-03 -2.516794829809912339e-03
4.394786470551836563e-03 -6.923709662788028350e-04 4.469965786483062601e-04 1.735083920766697721e-02 7.299848551543882888e-03 -2.936398038627516770e-03
5.020075033399074016e-03 -7.912271226069850357e-04 5.109530005847447891e-04 1.983362233604655731e-02 8.342188780796839023e-03 -3.356040423315037775e-03
5.644725655482168286e-03 -8.900697687946692617e-04 5.749344008769163329e-04 2.231743360644596053e-02 9.384404985773758465e-03 -3.775721953013582658e-03
6.268737184959184174e-03 -9.888988998331847344e-04 6.389407916461320620e-04 2.480227476529360542e-02 1.042649709811956267e-02 -4.195442596877159425e-03
