0.000000000000000000e+00 0.000000000000000000e+00 0.000000000000000000e+00 0.000000000000000000e+00 0.000000000000000000e+00 0.000000000000000000e+00 0.000000000000000000e+00 0.000000000000000000e+00
1.720813489913227030e-03 1.278015904945196870e-03 -3.120102843966072841e-03 1.212734491076454979e-04 5.907143384111186550e-03 9.077225026271002264e-03 6.845875001359197007e-03 2.882407492329494038e-03
3.440110765317810557e-03 2.559343487451401673e-03 -6.249882884045748939e-03 2.504286312766422560e-04 1.180901153072292861e-02 1.816027435952571878e-02 1.369464657173020614e-02 5.761369346163194155e-03
5.157825007930852586e-03 3.843979526878796640e-03 -9.389365211831840474e-03 3.875606770223578900e-04 1.770554236149268421e-02 2.724921064387335681e-02 2.054635325633337450e-02 8.636846450513682022e-03
6.873887580880328613e-03 5.131920279164476142e-03 -1.253857416636514933e-02 5.327663063207108227e-04 2.359667276213475023e-02 3.634409759583068222e-02 2.740103422298333785e-02 1.150879903533524179e-02
8.588227965678981585e-03 6.423161458341507257e-03 -1.569753328746258808e-02 6.861438634424871664e-04 2.948233855484154453e-02 4.544500003401193838e-02 3.425872927554101527e-02 1.437718665596023591e-02
1.030077369636967811e-02 7.717698217740162105e-03 -1.886626526690244124e-02 8.477933527931079925e-04 3.536247446965782443e-02 5.455198390962817667e-02 4.111947886806110314e-02 1.724196817707890697e-02
1.201145029067963825e-02 9.015525130923825528e-03 -2.204479189739175921e-02 1.017816475788877644e-03 4.123701411475075990e-02 6.366511633780719270e-02 4.798332411970439304e-02 2.010310175623485421e-02
1.372018117801548052e-02 1.031663617241896855e-02 -2.523313401923634597e-02 1.196316668802609217e-03 4.710588994552097897e-02 7.278446562973020506e-02 5.485030683047481537e-02 2.296054482684159459e-02
1.542688762411212333e-02 1.162102469831287864e-02 -2.843131146463492159e-02 1.383399142210577732e-03 5.296903323248353113e-02 8.191010132560096191e-02 6.172046949786431924e-02 2.581425408069047342e-02
1.713148865213329902e-02 1.292868342680847729e-02 -3.163934299951645657e-02 1.579170920575578190e-03 5.882637402784984815e-02 9.104209422844146415e-02 6.859385533447484584e-02 2.866418544994361536e-02
