0.000000000000000000e+00 0.000000000000000000e+00 0.000000000000000000e+00 0.000000000000000000e+00 0.000000000000000000e+00 0.000000000000000000e+00 0.000000000000000000e+00 0.000000000000000000e+00 0.000000000000000000e+00 0.000000000000000000e+00
1.274309511576679184e-03 7.012523328146440900e-04 2.513915452155573863e-04 -3.714970230871747882e-04 -1.855456356074219057e-03 3.068115328799685126e-03 4.526170394998554197e-03 5.496492352997005282e-03 6.240989115245152569e-03 5.219543885407573747e-03
2.545245731527348912e-03 1.404237032476014736e-03 5.056543554091684793e-04 -7.406344943048458586e-04 -3.714502614471607879e-03 6.124039671759891161e-03 9.042220886662061599e-03 1.099247289895688602e-02 1.249127196776710948e-02 1.045261672408192427e-02
3.812756036895908682e-03 2.108980440373615928e-03 7.628302916501924266e-04 -1.107377931483480727e-03 -5.577188826605288842e-03 9.167584819690283854e-03 1.354800812945006899e-02 1.648793952768336582e-02 1.875098979657295953e-02 1.569941094760904376e-02
5.076786771698016919e-03 2.815509353526488359e-03 1.022962021492007049e-03 -1.471692140053207669e-03 -7.443565995633170604e-03 1.219855890540570524e-02 1.804338597838994751e-02 2.198289007402181791e-02 2.502028659815615230e-02 2.096012273680792834e-02
6.337283224947727091e-03 3.523851036120532500e-03 1.286093038630003148e-03 -1.833541191772375921e-03 -9.313686096691420335e-03 1.521676632573002938e-02 2.252820543113337459e-02 2.747732231719324236e-02 3.129930918377361176e-02 2.623495210672550926e-02
7.594189604579781525e-03 4.234033229654351853e-03 1.552267682960228705e-03 -2.192888405763260273e-03 -1.118760209998754043e-02 1.822200765058333907e-02 2.700231455768294098e-02 3.297123397883701401e-02 3.758820724836264837e-02 3.152410300086286310e-02
8.847449010591586921e-03 4.946084163351878796e-03 1.821531161224418946e-03 -2.549696328961677944e-03 -1.306536799454785687e-02 2.121407952940437130e-02 3.146555842803532010e-02 3.846462272097356250e-02 4.388713344148741785e-02 3.682778338819805292e-02
1.009700340737744277e-02 5.660032564846232891e-03 2.093929568260979521e-03 -2.903926715965102559e-03 -1.494703881264145863e-02 2.419277459481799369e-02 3.591777903767255642e-02 4.395748614389001496e-02 5.019624344039125968e-02 4.214620536309426901e-02
1.134279359522612218e-02 6.375907671148093800e-03 2.369509908884077053e-03 -3.255540508249612011e-03 -1.683267065490558559e-02 2.715788136345771014e-02 4.035881523082764100e-02 4.944982178393472760e-02 5.651569602522230756e-02 4.747958524818925163e-02
1.258475918095268258e-02 7.093739239904111281e-03 2.648320120410179238e-03 -3.604497812741024130e-03 -1.872232071619175930e-02 3.010918413383830566e-02 4.478850262144190575e-02 5.494162711122636822e-02 6.284565315650815498e-02 5.282814370037992868e-02
