0.000000000000000000e+00 0.000000000000000000e+00 0.000000000000000000e+00 0.000000000000000000e+00 0.000000000000000000e+00 0.000000000000000000e+00
4.626511682594877358e-04 3.682393846599017051e-05 -6.747960545937868159e-04 1.473121680854223023e-03 1.171255003593768248e-03 2.310089700715725006e-03
9.238146660670591617e-04 7.399963016248337327e-05 -1.350136278749801064e-03 2.941855408786049012e-03 2.342406739800657368e-03 4.625815705133438753e-03
1.383475735619608526e-03 1.115318122668495929e-04 -2.026032984347161600e-03 4.406130548038696311e-03 3.513454950807258503e-03 6.947250339776172776e-03
1.841619343661079046e-03 1.494253086056105892e-04 -2.702498700991069671e-03 5.865875166839820166e-03 4.684399370590848488e-03 9.274467271684369227e-03
2.298230175147632573e-03 1.876850316582178390e-04 -3.379546181164271718e-03 7.321016007938831519e-03 5.855239724773081758e-03 1.160754154029254234e-02
2.753292626453745714e-03 2.263159846064685319e-04 -4.057188405101583989e-03 8.771478458139993911e-03 7.025975730344532523e-03 1.394654958945235924e-02
3.206790798382149615e-03 2.653232634441677197e-04 -4.735438585791744773e-03 1.021718651699910982e-02 8.196607095379594699e-03 1.629156930035392456e-02
3.658708488967590041e-03 3.047120591447740993e-04 -5.414310174111475540e-03 1.165806276464441231e-02 9.367133518742380358e-03 1.864268002538011296e-02
4.109029186072889021e-03 3.444876598885910734e-04 -6.093816864096421315e-03 1.309402832870376274e-02 1.053755468978105105e-02 2.099996262291441845e-02
4.557736059763213207e-03 3.846554533558830765e-04 -6.773972598349187538e-03 1.452500285030062545e-02 1.170787028801042150e-02 2.336349949314694627e-02
