0.000000000000000000e+00 0.000000000000000000e+00 0.000000000000000000e+00 0.000000000000000000e+00 0.000000000000000000e+00 0.000000000000000000e+00 0.000000000000000000e+00 0.000000000000000000e+00 0.000000000000000000e+00 0.000000000000000000e+00
1.559083116210604678e-03 5.293345045562117095e-04 -7.701800710292164460e-06 -5.347078111325470227e-04 -1.546008006999945086e-03 4.133962109096473748e-03 5.362508413041564698e-03 5.453702848804472397e-03 5.322203300825938989e-03 4.089886795857298508e-03
3.118363498617848697e-03 1.058445493901647751e-03 -1.549506341565166315e-05 -1.069241007307596223e-03 -3.092072919865727822e-03 8.268783026547078807e-03 1.072486931537952951e-02 1.090696122440104610e-02 1.064380303194223561e-02 8.180110334661094829e-03
4.677841700796119342e-03 1.587332504963216316e-03 -2.338109693083450548e-05 -1.603599791011467088e-03 -4.638193315879913896e-03 1.240446708055950933e-02 1.608708549011786393e-02 1.635977507774851944e-02 1.596479608624372382e-02 1.227066666356556313e-02
6.237518286767228075e-03 2.115995061430367159e-03 -3.136123092042377401e-05 -2.137784369729286461e-03 -6.184367745604263736e-03 1.654101867421959096e-02 2.144915977785853689e-02 2.181214436639604404e-02 2.128517930261434460e-02 1.636155174245025948e-02
7.797393832129618368e-03 2.644432673105718678e-03 -3.943681624682393583e-05 -2.671794954524435526e-03 -7.730594732514195488e-03 2.067844228695119718e-02 2.681109507927471880e-02 2.726406905566546371e-02 2.660494946437041291e-02 2.045276144257860904e-02
9.357468924432666563e-03 3.172644835482447620e-03 -4.760922535275804481e-05 -3.205631760200913956e-03 -9.276872772405814899e-03 2.481674247638074662e-02 3.217289435658926555e-02 3.271554911878901684e-02 3.192410329783111622e-02 2.454429154455116391e-02
1.091774416356612772e-02 3.700631029310268421e-03 -5.587985265502557614e-05 -3.739295005473542745e-03 -1.082320033278605202e-02 2.895592388025568925e-02 3.753456063509482549e-02 3.816658453704718790e-02 3.724263747084235326e-02 2.863613773619971131e-02
1.247822016216208231e-02 4.228390720148105485e-03 -6.425011494868172052e-05 -4.272784913146533171e-03 -1.236957585224771755e-02 3.309599121842191072e-02 4.289609700472368087e-02 4.361717529990914721e-02 4.256054859126048862e-02 3.272829561042285562e-02
1.403889754601370804e-02 4.755923357905840823e-03 -7.272145181930374236e-05 -4.806101710301045535e-03 -1.391599773982632113e-02 3.723694929486019711e-02 4.825750662165755045e-02 4.906732140517224006e-02 4.787783320538450960e-02 3.682076066296038896e-02
1.559977695450647309e-02 5.283228376371502596e-03 -8.129532606834842870e-05 -5.339245628491341711e-03 -1.546246437433998130e-02 4.137880299978217297e-02 5.361879270999243136e-02 5.451702285910389051e-02 5.319448779634847191e-02 4.091352829010366787e-02
