0.000000000000000000e+00 0.000000000000000000e+00 0.000000000000000000e+00 0.000000000000000000e+00
5.998536568268241767e-04 -6.062864172741134171e-04 1.996343182689708229e-03 2.021858556798770794e-03
1.199216738923803783e-03 -1.212102885855542624e-03 3.993262033286164650e-03 4.044436639996798824e-03
1.798088896458083967e-03 -1.817449107997626961e-03 5.990756320786613277e-03 6.067734750238063489e-03
2.396469779336213215e-03 -2.422324785816350363e-03 7.988825812026520423e-03 8.091753390064579735e-03
2.994359037203547357e-03 -3.026729621295931941e-03 9.987470271670101374e-03 1.011649306395703829e-02
3.591756319443729917e-03 -3.630663316288374517e-03 1.198668946219779395e-02 1.214195427834959852e-02
4.188661275177202846e-03 -4.234125572513131562e-03 1.398648314389305813e-02 1.416813754164073826e-02
4.785073553261537209e-03 -4.837116091556936323e-03 1.598685107482971865e-02 1.619504336420969984e-02
5.380992802289571823e-03 -5.439634574872742774e-03 1.798779301085644614e-02 1.822267225842880145e-02
5.976418670589062412e-03 -6.041680723780074730e-03 1.998930870558589257e-02 2.025102473867860034e-02
