0.000000000000000000e+00 0.000000000000000000e+00 0.000000000000000000e+00 0.000000000000000000e+00 0.000000000000000000e+00 0.000000000000000000e+00 0.000000000000000000e+00 0.000000000000000000e+00
3.790557612849116244e-04 1.419112219194811541e-04 -5.820525437912102120e-05 -6.754760354383917455e-04 1.168743368800685602e-03 9.764415537094868827e-04 1.319283088740776533e-03 2.338399910921622540e-03
7.563831584945061599e-04 2.841492572282434590e-04 -1.159989213963054546e-04 -1.351812337702168725e-03 2.331637856057116372e-03 1.951090906077573807e-03 2.640175696846392903e-03 4.683763752774573220e-03
1.131964365372991688e-03 4.267182346846197494e-04 -1.733759211369374504e-04 -2.029022970418062431e-03 3.488600540547752513e-03 2.923925820521899952e-03 3.962699390862228950e-03 7.036177220817908459e-03
1.505781238459455180e-03 5.696223478591295108e-04 -2.303310819459330452e-04 -2.707122220085874179e-03 4.639547095191093665e-03 3.894923676648533433e-03 5.286876101404890810e-03 9.395727489294057946e-03
1.877815311210691892e-03 7.128658563627240322e-04 -2.868591387527045697e-04 -3.386124600244917043e-03 5.784391760982334277e-03 4.864061463084014963e-03 6.612728130184410136e-03 1.176250324121450551e-02
2.248047786673707058e-03 8.564530871498467679e-04 -3.429547309595348944e-04 -4.066044855909279644e-03 6.923047316668780489e-03 5.831315769008612107e-03 7.940278157867488446e-03 1.413659470103749601e-02
2.616459529957097102e-03 1.000388435849852145e-03 -3.986124002704789912e-04 -4.746897968105422139e-03 8.055425047649741530e-03 6.796662775469195124e-03 9.269549252138277462e-03 1.651809366818736413e-02
2.983031060496628244e-03 1.144676368130667513e-03 -4.538265884630699951e-04 -5.428699158517862403e-03 9.181434714083841139e-03 7.760078246462873662e-03 1.060056487596938712e-02 1.890709355145903797e-02
3.347742544110312267e-03 1.289321421093181765e-03 -5.085916350969779069e-04 -6.111463894240412760e-03 1.030098451817620941e-02 8.721537519788094203e-03 1.193334889610106649e-02 2.130368940431933561e-02
3.710573784830951526e-03 1.434328204702128634e-03 -5.629017751616958824e-04 -6.795207892641517283e-03 1.141398107062529740e-02 9.681015497655558535e-03 1.326792559174222279e-02 2.370797796114213624e-02
