0.000000000000000000e+00 0.000000000000000000e+00 0.000000000000000000e+00 0.000000000000000000e+00 0.000000000000000000e+00 0.000000000000000000e+00
2.509721248983205061e-03 2.572325032479344607e-04 -2.766953752231040425e-03 6.164471043499650423e-03 1.003025752434256491e-02 7.393100748254640212e-03
5.019375408469564127e-03 5.181520631055936896e-04 -5.537527471575020774e-03 1.232156384819368955e-02 2.005953632795834038e-02 1.479455845604160311e-02
7.528933808160135840e-03 7.828200342328093392e-04 -8.311753842392795993e-03 1.847115427849718716e-02 3.008783310642722947e-02 2.220450056336643538e-02
1.003836708711940313e-02 1.051299071714235141e-03 -1.108966615883342013e-02 2.461311549838544888e-02 4.011514459656215226e-02 2.962305716943976208e-02
1.254764517436422408e-02 1.323653165168126294e-03 -1.387129833953211488e-02 3.074731789771857973e-02 5.014146757896518342e-02 3.705036110380040965e-02
1.505673726882352653e-02 1.599947673925981861e-03 -1.665668494274919614e-02 3.687362901615408306e-02 6.016679888066917697e-02 4.448654799975779173e-02
1.756561181864254445e-02 1.880249363321217365e-03 -1.944586118196342528e-02 4.299191346456373436e-02 7.019113537786222934e-02 5.193175637025214397e-02
2.007423649980720134e-02 2.164626442131737695e-03 -2.223886294193848367e-02 4.910203284385287331e-02 8.021447399870329509e-02 5.938612768621885640e-02
2.258257819406479794e-02 2.453148601214856159e-03 -2.503572679527896541e-02 5.520384566108979540e-02 9.023681172622198543e-02 6.684980645756025130e-02
2.509060296611181559e-02 2.745887053382002618e-03 -2.783649001949326657e-02 6.129720724283648642e-02 1.002581456013071637e-01 7.432294031682470936e-02
