0.000000000000000000e+00 0.000000000000000000e+00 0.000000000000000000e+00 0.000000000000000000e+00 0.000000000000000000e+00 0.000000000000000000e+00 0.000000000000000000e+00 0.000000000000000000e+00 0.000000000000000000e+00 0.000000000000000000e+00
1.852229914076696654e-03 4.168273160389252127e-04 -1.880910443693211364e-04 -6.687121766235878430e-04 -1.412254002705806005e-03 5.218217437199311297e-03 6.220517276223793031e-03 5.699757059750530652e-03 4.939899705402022584e-03 3.565704989166726662e-03
3.705482948397411779e-03 8.327199200354630645e-04 -3.768004270400211264e-04 -1.337692630749592665e-03 -2.823709804145141736e-03 1.044049029823481377e-02 1.244273598108513144e-02 1.139890485255185687e-02 9.877254491563798589e-03 7.128807300504648101e-03
5.559763500128264008e-03 1.247673012903152863e-03 -5.661303010824453004e-04 -2.006943385354890540e-03 -4.234362820014534769e-03 1.566683534853893778e-02 1.866666419399951385e-02 1.709744261458001971e-02 1.481205503223845601e-02 1.068929219077455021e-02
7.415075980417131299e-03 1.661681749689908165e-03 -7.560828253557563307e-04 -2.676466466823864895e-03 -5.644208431266662523e-03 2.089726943517168645e-02 2.489231005202770242e-02 2.279536960028043582e-02 1.974429193867258472e-02 1.424714481016376745e-02
9.271424820114866974e-03 2.074741243390868829e-03 -9.466601674722645646e-04 -3.346263902626565433e-03 -7.053241986664793295e-03 2.613180949698348451e-02 3.111968174769733780e-02 2.849268508069474626e-02 2.467395576151230549e-02 1.780235020560620718e-02
1.112881446977417345e-02 2.486846564547973495e-03 -1.137864503868204688e-03 -4.016337721092691666e-03 -8.461458802537711460e-03 3.137047256523090716e-02 3.734878752956884151e-02 3.418938834389320669e-02 2.960103699010716710e-02 2.135489331986443681e-02
1.298724939965026186e-02 2.897992740846204104e-03 -1.329698019874646017e-03 -4.686689951182430522e-03 -9.868854162534662633e-03 3.661327576419886459e-02 4.357963570280591614e-02 3.988547869540948199e-02 3.452552605180640027e-02 2.490475899060676235e-02
1.484673409969814416e-02 3.308174756709827274e-03 -1.522162909790390675e-03 -5.357322622253744490e-03 -1.127542331737801766e-02 4.186023631182121674e-02 4.981223462975922084e-02 4.558095545868433296e-02 3.944741331124515527e-02 2.845193194947279527e-02
1.670727307957205199e-02 3.717387552894852679e-03 -1.715261376955930922e-03 -6.028237763827709074e-03 -1.268116148461653422e-02 4.711137152031203562e-02 5.604659273055790508e-02 5.127581797550852249e-02 4.436668906961884623e-02 3.199639682113416400e-02
1.856887086862194294e-02 4.125626026082077763e-03 -1.908995633829596583e-03 -6.699437405350564673e-03 -1.408606384837653158e-02 5.236669879679838047e-02 6.228271848370868502e-02 5.697006560647312895e-02 4.928334356394854787e-02 3.553813812234306313e-02
