0.000000000000000000e+00 0.000000000000000000e+00 0.000000000000000000e+00 0.000000000000000000e+00 0.000000000000000000e+00 0.000000000000000000e+00 0.000000000000000000e+00 0.000000000000000000e+00
3.345476764659959055e-03 -6.615789470109745361e-04 -3.699436873814177006e-04 -2.313954130267544592e-03 6.632231723450849291e-03 1.175221735322066856e-02 8.200712841699594330e-03 5.035636203993385136e-03
6.693882224081530198e-03 -1.326296594940404045e-03 -7.385753899847005612e-04 -4.629010239156287898e-03 1.326220483506964504e-02 2.350811562990281350e-02 1.640105826304870743e-02 1.007021751670769683e-02
1.004522241259121415e-02 -1.994160442374915375e-03 -1.105891033059376973e-03 -6.945170937156598494e-03 1.988991555637804887e-02 3.526769701096151705e-02 2.460104076523502575e-02 1.510374103451867303e-02
1.339950325162704049e-02 -2.665177834042092245e-03 -1.471886559861315452e-03 -9.262438857723188923e-03 2.651536011662955494e-02 4.703096365098270032e-02 3.280066487228944921e-02 2.013620384955600029e-02
1.675673054124249967e-02 -3.339355951031930739e-03 -1.836557932469659376e-03 -1.158081665774046871e-02 3.313853475058093495e-02 5.879791768094593668e-02 4.099993512959317771e-02 2.516760305070221693e-02
2.011690995127838125e-02 -4.016701800704495888e-03 -2.199901132573091160e-03 -1.390030701800035184e-02 3.975943569608886979e-02 7.056856121119113590e-02 4.919885610226495953e-02 3.019793572464164050e-02
2.348004701219753854e-02 -4.697222206288557446e-03 -2.561912162217583940e-03 -1.622091264369074706e-02 4.637805919151486572e-02 8.234289633464653146e-02 5.739743237341905086e-02 3.522719895697065673e-02
2.684614710557461578e-02 -5.380923796173525675e-03 -2.922587044505146458e-03 -1.854263626489512096e-02 5.299440147292983766e-02 9.412092513033140651e-02 6.559566854229302579e-02 4.025538983336134774e-02
3.021521545423755742e-02 -6.067812992903244551e-03 -3.281921824235115200e-03 -2.086548063709846995e-02 5.960845877110249047e-02 1.059026496671626738e-01 7.379356922223145876e-02 4.528250544078311901e-02
3.358725711205427095e-02 -6.757896001876068093e-03 -3.639912568476092077e-03 -2.318944854170128245e-02 6.622022730825953551e-02 1.176880720080753229e-01 8.199113903852663088e-02 5.030854286878280041e-02
