0.000000000000000000e+00 0.000000000000000000e+00 0.000000000000000000e+00 0.000000000000000000e+00 0.000000000000000000e+00 0.000000000000000000e+00 0.000000000000000000e+00 0.000000000000000000e+00
7.062078470714991353e-04 5.854088049290576416e-05 -1.038999352154655647e-04 -5.386391708151111240e-04 2.440467787272696237e-03 1.412032762190057076e-03 1.228545543868802799e-03 1.772581523971829319e-03
1.411975249799859392e-03 1.169344179137546299e-04 -2.077251585172575554e-04 -1.076579729795842065e-03 4.882924856554865523e-03 2.824215946950184644e-03 2.456710863938948997e-03 3.544443690183180125e-03
2.117302018574491931e-03 1.751802989002663948e-04 -3.114756056205189257e-04 -1.613820806585282257e-03 7.327377528366308540e-03 4.236550707827874823e-03 3.684494768297484624e-03 5.315580096833058370e-03
2.822187964426590978e-03 2.332782081870280941e-04 -4.151512122231113683e-04 -2.150361526312580263e-03 9.773832164103612302e-03 5.649038206112719229e-03 4.911896056990841530e-03 7.085984300531141672e-03
3.526632899077757153e-03 2.912278285852319703e-04 -5.187519140095957866e-04 -2.686201009542001777e-03 1.222229516653890527e-02 7.061679610942450669e-03 6.138913521951709466e-03 8.855649815867130958e-03
4.230636634947447343e-03 3.490288409654282963e-04 -6.222776466537938448e-04 -3.221338372222784952e-03 1.467277298019365600e-02 8.474476099375332500e-03 7.365545946924147852e-03 1.062457011504716262e-02
4.934198985160705500e-03 4.066809242392278238e-04 -7.257283458197362654e-04 -3.755772725639182526e-03 1.712527209171434486e-02 9.887428856459911861e-03 8.591792107388022959e-03 1.239273862752475475e-02
5.637319763555266768e-03 4.641837553409977135e-04 -8.291039471632769345e-04 -4.289503176360171324e-03 1.957979903025370769e-02 1.130053907530855460e-02 9.817650770482374764e-03 1.416014873962968476e-02
6.339998784690435360e-03 5.215370092096279376e-04 -9.324043863341875812e-04 -4.822528826187379332e-03 2.203636036785820013e-02 1.271380795717058122e-02 1.104312069492757904e-02 1.592679379419017008e-02
7.042235863853912002e-03 5.787403587696977663e-04 -1.035629598977170964e-03 -5.354848772103838923e-03 2.449496271985688103e-02 1.412723671150650437e-02 1.226820063094687628e-02 1.769266709015232877e-02
