0.000000000000000000e+00 0.000000000000000000e+00 0.000000000000000000e+00 0.000000000000000000e+00 0.000000000000000000e+00 0.000000000000000000e+00 0.000000000000000000e+00 0.000000000000000000e+00
2.083520661370789895e-03 4.826586955044830118e-04 -5.292346565983472619e-04 -2.036944702293923271e-03 5.259528489008849332e-03 7.609921826248412964e-03 7.451150834012377523e-03 5.417307736780492197e-03
4.167665385913628395e-03 9.653458437914289210e-04 -1.058539155535363502e-03 -4.074472076240317868e-03 1.051930833523255504e-02 1.521942735037699022e-02 1.490164937988443759e-02 1.083543264053224084e-02
6.252435517040404178e-03 1.448062328103216431e-03 -1.587915747933561729e-03 -6.112582099335286609e-03 1.577934043099649131e-02 2.282851506384022192e-02 2.235149474854393817e-02 1.625437628259666922e-02
8.337832399475816891e-03 1.930809047859323837e-03 -2.117366737475747003e-03 -8.151274712040138676e-03 2.103962566737370421e-02 3.043718342191576928e-02 2.980068605862135761e-02 2.167414019799312336e-02
1.042385738336323343e-02 2.413586920595821913e-03 -2.646894476999195681e-03 -1.019054982919707052e-02 2.630016494448279493e-02 3.804543086225491144e-02 3.724922245456718795e-02 2.709472590449937476e-02
1.251051182395998204e-02 2.896396882303363049e-03 -3.176501368981629082e-03 -1.223040733957639868e-02 3.156095917143186130e-02 4.565325580478373640e-02 4.469710310745598353e-02 3.251613490200647161e-02
1.459779708132269080e-02 3.379239887761794660e-03 -3.706189865996976310e-03 -1.427084710544061774e-02 3.682200926625361914e-02 5.326065665161740931e-02 5.214432721579439350e-02 3.793836867185925582e-02
1.668571451998069125e-02 3.862116910868886033e-03 -4.235962471141401300e-03 -1.631186896212088316e-02 4.208331615582668744e-02 6.086763178698837568e-02 5.959089400633734573e-02 4.336142867619132563e-02
1.877426550859857823e-02 4.345028944964311572e-03 -4.765821738424298216e-03 -1.835347271761206961e-02 4.734488077578748871e-02 6.847417957718843207e-02 6.703680273490961183e-02 4.878531635724862869e-02
2.086345141962694938e-02 4.827977003145710044e-03 -5.295770273123229753e-03 -2.039565815218490064e-02 5.260670407042733476e-02 7.608029837053119360e-02 7.448205268723316619e-02 5.421003313670435392e-02
