0.000000000000000000e+00 0.000000000000000000e+00 0.000000000000000000e+00 0.000000000000000000e+00 0.000000000000000000e+00 0.000000000000000000e+00 0.000000000000000000e+00 0.000000000000000000e+00 0.000000000000000000e+00 0.000000000000000000e+00
5.878643907656894542e-04 1.301745119006078848e-04 1.337175298531805203e-05 -1.577802820825075501e-04 -5.164989414512453046e-04 2.025849621320791397e-03 1.122671908770993569e-03 1.050008928934898032e-03 1.037573166589583675e-03 1.656899935698708491e-03
1.175293572462514889e-03 2.602962180035552878e-04 2.678998780723583649e-05 -3.155188633155788392e-04 -1.032627481335234194e-03 4.052614809309224193e-03 2.245283913110814218e-03 2.099906894397505185e-03 2.075068205432522347e-03 3.314049509033534409e-03
1.762287098372518433e-03 3.903651344838131852e-04 4.025478646000683723e-05 -4.732157435331754334e-04 -1.548385465389205250e-03 6.080296354155566643e-03 3.367835999899523435e-03 3.149693869594358177e-03 3.112485115680777362e-03 4.971448260669674053e-03
2.348844521034230623e-03 5.203812775691421403e-04 5.376623110599008492e-05 -6.308709225532283188e-04 -2.063772739467846506e-03 8.108895047334762490e-03 4.490328156021775388e-03 4.199369827737396525e-03 4.149823896492327822e-03 6.629095729830680045e-03
2.934965392242265460e-03 6.503446635381550508e-04 6.732440407764865510e-05 -7.884844001768058584e-04 -2.578789149543696604e-03 1.013841168163232866e-02 5.612760368374845876e-03 5.248934742049212246e-03 5.187084547035443645e-03 8.286991454304797403e-03
3.520649263045374372e-03 7.802553087206252251e-04 8.092938787778675776e-05 -9.460561761876466356e-04 -3.093434541708717320e-03 1.216884705114855761e-02 6.735132623867511915e-03 6.298388585761604402e-03 6.224267066486997672e-03 9.945134970440120195e-03
4.105895683744731871e-03 9.101132294976390378e-04 9.458126517969888628e-05 -1.103586250352460701e-03 -3.607708762173983917e-03 1.420020195130225482e-02 7.857444909420155388e-03 7.347731332116932620e-03 7.261371454034544308e-03 1.160352581314099026e-02
4.690704203890901092e-03 1.039918442301206647e-03 1.082801188283149586e-04 -1.261074622420477838e-03 -4.121611657270440182e-03 1.623247717883377281e-02 8.979697211966040232e-03 8.396962954367481746e-03 8.298397708875703688e-03 1.326216351586449391e-02
5.275074372281846231e-03 1.169670963615001636e-03 1.220260318400742786e-04 -1.418521292123620277e-03 -4.635143073449677319e-03 1.826567353181076520e-02 1.010188951844964711e-02 9.446083425775502612e-03 9.335345830216564000e-03 1.492104761061510340e-02
5.859005736960426307e-03 1.299370809974082375e-03 1.358190874037869212e-04 -1.575926259176031177e-03 -5.148302857284108719e-03 2.029979180963039503e-02 1.122402181582828583e-02 1.049509271961371511e-02 1.037221581727348560e-02 1.658017762794248770e-02
