0.000000000000000000e+00 0.000000000000000000e+00 0.000000000000000000e+00 0.000000000000000000e+00 0.000000000000000000e+00 0.000000000000000000e+00
3.355153192511963227e-04 8.383962120945421929e-05 -8.400508780829078802e-04 9.271582082648480508e-04 1.131233178991875509e-03 2.936810180749170173e-03
6.702531401396286288e-04 1.677498152016107741e-04 -1.679723607130679652e-03 1.851892171880342806e-03 2.262362268140268202e-03 5.877555755068162094e-03
1.004212225194477419e-03 2.517306373605449066e-04 -2.519016298387039693e-03 2.774193103530196020e-03 3.393386930035813091e-03 8.822248108322385332e-03
1.337391330363803211e-03 3.357821432101164186e-04 -3.357927051060683159e-03 3.694052185367600796e-03 4.524306824630565729e-03 1.177089867238341817e-02
1.669789205072346556e-03 4.199043883917489076e-04 -4.196453952294207194e-03 4.611460569096247075e-03 5.655121609245296506e-03 1.472351892582140533e-02
2.001404592170775119e-03 5.040974286656025889e-04 -5.034595077080485440e-03 5.526409375835454260e-03 6.785830938549258784e-03 1.768012039415288797e-02
2.332236227882012857e-03 5.883613199105556472e-04 -5.872348488179676695e-03 6.438889695982925529e-03 7.916434464541582255e-03 2.064071465009533965e-02
2.662282841749141499e-03 6.726961181248155642e-04 -6.709712236034471103e-03 7.348892589078234207e-03 9.046931836533206664e-03 2.360531331382274833e-02
2.991543156582157983e-03 7.571018794261031616e-04 -7.546684358684904378e-03 8.256409083665181697e-03 1.017732270112666794e-02 2.657392805321846102e-02
3.320015888404462788e-03 8.415786600529159139e-04 -8.383262881682958245e-03 9.161430177152415921e-03 1.130760670219729640e-02 2.954657058413576870e-02
