0.000000000000000000e+00 0.000000000000000000e+00 0.000000000000000000e+00 0.000000000000000000e+00 0.000000000000000000e+00 0.000000000000000000e+00
1.957868821834912385e-03 1.103173953683739012e-03 -3.061042775518649228e-03 3.807076514807793566e-03 9.360410626720369609e-03 9.100813187055960263e-03
3.914502207985708776e-03 2.211603403661437095e-03 -6.126105611647243883e-03 7.605946923667846783e-03 1.871942923355368604e-02 1.821122449994716508e-02
5.869888108597633679e-03 3.325316984520692437e-03 -9.195205093118516068e-03 1.139657891744954091e-02 2.807705000483017715e-02 2.733127206347300830e-02
7.824014365743779675e-03 4.444343543505046429e-03 -1.226835790924906029e-02 1.517893991142889309e-02 3.743326723950015505e-02 3.646099416340754101e-02
9.776868712769457362e-03 5.568712141582535594e-03 -1.534558085435219071e-02 1.895299704025791773e-02 4.678807535656431815e-02 4.560042924609886139e-02
1.172843877370926928e-02 6.698452054541442248e-03 -1.842689082825086158e-02 2.271871715282115095e-02 5.614146890064151962e-02 5.474961591804235195e-02
1.367871206278144236e-02 7.833592774119661067e-03 -2.151230483690136017e-02 2.647606680697719289e-02 6.549344254769359774e-02 6.390859294541857694e-02
1.562767598396359869e-02 8.974164009172518400e-03 -2.460183999313647271e-02 3.022501226417394216e-02 7.484399111090872525e-02 7.307739925359109379e-02
1.757531783065207145e-02 1.012019568688835372e-02 -2.769551351754074089e-02 3.396551948393877751e-02 8.419310954676173520e-02 8.225607392655752415e-02
1.952162478541093898e-02 1.127171795405770144e-02 -3.079334273946903594e-02 3.769755411823010743e-02 9.354079296126474596e-02 9.144465620634749381e-02
