0.000000000000000000e+00 0.000000000000000000e+00 0.000000000000000000e+00 0.000000000000000000e+00 0.000000000000000000e+00 0.000000000000000000e+00 0.000000000000000000e+00 0.000000000000000000e+00
1.831978656200786149e-04 1.354803852872634405e-03 1.751393027668058777e-03 -3.289394746160746643e-03 1.301491509073356492e-04 5.586814464616692184e-03 1.119913081033324653e-02 6.957781095465166710e-03
3.637328522660560341e-04 2.708932320148519073e-03 3.516175434880586693e-03 -6.588840607295200560e-03 2.592356278420021500e-04 1.117289690228134152e-02 2.240488298356541411e-02 1.391073552895644855e-02
5.415831615442143069e-04 4.062314688201378726e-03 5.294536509920271666e-03 -9.898434359665888443e-03 3.872521539750272660e-04 1.675822571173930797e-02 3.361733985079159992e-02 2.085880884746234287e-02
7.167267282330486199e-04 5.414877875800859150e-03 7.086670075176857569e-03 -1.321827467921074875e-02 5.141913750688310251e-04 2.234277851365373477e-02 4.483658666788348235e-02 2.780194552868481273e-02
8.891412143102677508e-04 6.766546338977164066e-03 8.892774655244730861e-03 -1.654846220853202141e-02 6.400458581703380705e-04 2.792653211827864079e-02 5.606271068710708128e-02 3.474008894305739836e-02
1.058804002768587871e-03 8.117241971242021570e-03 1.071305365377406629e-02 -1.988909962778468571e-02 7.648080902759363166e-04 3.350946249145667771e-02 6.729580123228190436e-02 4.167318131392126757e-02
1.225692191217858835e-03 9.466883998909025530e-03 1.254771553963650657e-02 -2.324029172976336405e-02 8.884704769637370974e-04 3.909154471883911214e-02 7.853594977770236851e-02 4.860116367575328250e-02
1.389782585267022343e-03 1.081538887124292199e-02 1.439697404299817955e-02 -2.660214549950803281e-02 1.011025340997284477e-03 4.467275296821659331e-02 8.978325003105432078e-02 5.552397583031318251e-02
1.551051691685832647e-03 1.216267014514526949e-02 1.626104836194081776e-02 -2.997477019877183707e-02 1.132464920908091231e-03 5.025306044983274961e-02 1.010377980205867804e-01 6.244155630057672546e-02
1.709475711341611930e-03 1.350863836407183334e-02 1.814016338031100226e-02 -3.335827745572439440e-02 1.252781369551706847e-03 5.583243937455450306e-02 1.122996921868222447e-01 6.935384228229861392e-02
