0.000000000000000000e+00 0.000000000000000000e+00 0.000000000000000000e+00 0.000000000000000000e+00
8.574560791464516923e-04 -1.985801155374673831e-04 3.057701930154717047e-03 4.559075152046858500e-04
1.717214741579017922e-03 -3.935772758019018681e-04 6.130624905903644083e-03 8.980136619236346335e-04
2.579303730826609537e-03 -5.849466252217855105e-04 9.218967305335877896e-03 1.326133257280753298e-03
3.443751126640007178e-03 -7.726425092759941311e-04 1.232293080335942342e-02 1.740078217639531334e-03
4.310585426386895000e-03 -9.566183482519070294e-04 1.544272078423742506e-02 2.139657117881209238e-03
5.179835491318653985e-03 -1.136826700099772061e-03 1.857854615312813651e-02 2.524675423010260163e-03
6.051530566798415771e-03 -1.313219219007472332e-03 2.173061947890639681e-02 2.894935349885930948e-03
6.925700287931905660e-03 -1.485746634000162511e-03 2.489915707357666028e-02 3.250235800536572985e-03
7.802374685268128642e-03 -1.654358726940079617e-03 2.808437907372374892e-02 3.590372293857103242e-03
8.681584190574503229e-03 -1.819004309910006011e-03 3.128650952406797359e-02 3.915136895645804534e-03
