0.000000000000000000e+00 0.000000000000000000e+00 0.000000000000000000e+00 0.000000000000000000e+00
3.216654204508856462e-04 -7.178593336546204790e-04 9.665885658209453233e-04 2.491667400311441041e-03
6.430780572041040278e-04 -1.435135115532257515e-03 1.932877036691673951e-03 4.984917213192902735e-03
9.642379135446044972e-04 -2.151826327138612119e-03 2.898864789193385250e-03 7.479751141138088824e-03
1.285144992738687262e-03 -2.867931947788310287e-03 3.864551198857572693e-03 9.976170889549688600e-03
1.605799298033747840e-03 -3.583450954602453685e-03 4.829935640160427750e-03 1.247417816679539417e-02
1.926200832657694621e-03 -4.298382322500847105e-03 5.795017486520113656e-03 1.497377468421916442e-02
2.246349599818063623e-03 -5.012725024195141543e-03 6.759796110290460132e-03 1.747496215614989870e-02
2.566245602701472048e-03 -5.726478030181524070e-03 7.724270882760277297e-03 1.997774229991377062e-02
2.885888844472614748e-03 -6.439640308733110205e-03 8.688441174146969287e-03 2.248211683584177070e-02
3.205279328273987101e-03 -7.152210825892602562e-03 9.652306353595190708e-03 2.498808748728164122e-02
