0.000000000000000000e+00 0.000000000000000000e+00 0.000000000000000000e+00 0.000000000000000000e+00 0.000000000000000000e+00 0.000000000000000000e+00 0.000000000000000000e+00 0.000000000000000000e+00 0.000000000000000000e+00 0.000000000000000000e+00
7.372919395429494618e-04 1.895371797839251341e-03 9.210116421240037172e-04 -1.365614044327013651e-03 -2.188061335179128635e-03 6.490468621521528576e-04 3.508514063875469054e-03 8.683708514059581413e-03 8.415650304398784171e-03 3.911956184349027650e-03
1.473812642137145232e-03 3.791364627899944471e-03 1.843760598069361673e-03 -2.732741484374160475e-03 -4.376196383732070157e-03 1.297033070728935249e-03 7.016023340159455862e-03 1.736984371955437728e-02 1.683300787189041803e-02 7.821843855336787707e-03
2.209560747514840561e-03 5.687976392506623527e-03 2.768254377915843091e-03 -4.101388005338966330e-03 -6.564403512598120105e-03 1.943957745477766820e-03 1.052252945247475133e-02 2.605840775358188310e-02 2.525207298639403630e-02 1.172965984857612595e-02
2.944534878965511440e-03 7.585204948162747006e-03 3.694500502771509189e-03 -5.471559246536503857e-03 -8.752681083362922471e-03 2.589819991807753696e-03 1.402803401172161152e-02 3.474940276654578386e-02 3.367284596939455754e-02 1.563540097587001049e-02
3.678733643164457893e-03 9.483048105190114430e-03 4.622506501100012363e-03 -6.843260796804381471e-03 -1.094102745264990614e-02 3.234618900693794156e-03 1.753253861450281004e-02 4.344283092278545394e-02 4.209532718189221145e-02 1.953906402430067440e-02
4.412155630011353920e-03 1.138150362740796354e-02 5.552279904858034229e-03 -8.216498189754090076e-03 -1.312944097252298839e-02 3.878353548586463764e-03 2.103604484151051085e-02 5.213869440119871246e-02 5.051951702642269726e-02 2.344064575529124922e-02
5.144799412478961824e-03 1.328056923185520245e-02 6.483828245437722737e-03 -9.591276898870739268e-03 -1.531791999090066289e-02 4.521022997331610935e-03 2.453855425587288946e-02 6.083699539584185717e-02 5.894541594915104349e-02 2.734014290364751229e-02
5.876663546472721093e-03 1.518024258855820915e-02 7.417159049409234074e-03 -1.096760233246043756e-02 -1.750646285197927227e-02 5.162626294096491104e-03 2.804006840146351306e-02 6.953773611651134501e-02 6.737302444203904783e-02 3.123755217656922975e-02
6.607746570702678970e-03 1.708052132034889453e-02 8.352279834058307442e-03 -1.234547982844460406e-02 -1.969506789666471830e-02 5.803162471305503035e-03 3.154058880117428798e-02 7.824091878929730071e-02 7.580234304509748944e-02 3.513287025264000968e-02
7.338047006568489128e-03 1.898140300273396669e-02 9.289198102714493407e-03 -1.372491464900277292e-02 -2.188373346301348069e-02 6.442630546584673761e-03 3.504011695515486802e-02 8.694654565710338567e-02 8.423337234872065038e-02 3.902609378078591984e-02
