0.000000000000000000e+00 0.000000000000000000e+00 0.000000000000000000e+00 0.000000000000000000e+00 0.000000000000000000e+00 0.000000000000000000e+00
6.069453307742084898e-04 -4.490182658705299133e-06 -5.755492784282778985e-04 2.032358414465208415e-03 1.151214723611169045e-03 1.906259222598312604e-03
1.213472708401618560e-03 -8.992244760532819948e-06 -1.150596081669529470e-03 4.065664827470037018e-03 2.302338069998329309e-03 3.812828111532924266e-03
1.819581903217015089e-03 -1.350621567008029094e-05 -1.725140009572789833e-03 6.099920870705584017e-03 3.453370056755940536e-03 5.719705334217231422e-03
2.425272685393840659e-03 -1.803212485043889250e-05 -2.299180661575969415e-03 8.135128183428161699e-03 4.604310701526987022e-03 7.626889550430170604e-03
3.030544824958056761e-03 -2.257000186697141349e-05 -2.872717636697262079e-03 1.017128841256202502e-02 5.755160022012232798e-03 9.534379412252311226e-03
3.635398091786004766e-03 -2.711987638708398602e-05 -3.445750533534035990e-03 1.220840321274398697e-02 6.905918035969886397e-03 1.144217356401550957e-02
4.239832255603299613e-03 -3.168177818073260440e-05 -4.018278950261305535e-03 1.424647424637584710e-02 8.056584761215110357e-03 1.335027064226137865e-02
4.843847085983416650e-03 -3.625573712145746416e-05 -4.590302484629858043e-03 1.628550318366895830e-02 9.207160215619274862e-03 1.525866927568937659e-02
5.447442352345672860e-03 -4.084178318676816890e-05 -5.161820733965160474e-03 1.832549170269472810e-02 1.035764441711171761e-02 1.716736808511428597e-02
6.050617823954969679e-03 -4.543994645849487970e-05 -5.732833295165489819e-03 2.036644148943387092e-02 1.150803738367919306e-02 1.907636568341600225e-02
