0.000000000000000000e+00 0.000000000000000000e+00 0.000000000000000000e+00 0.000000000000000000e+00 0.000000000000000000e+00 0.000000000000000000e+00 0.000000000000000000e+00 0.000000000000000000e+00 0.000000000000000000e+00 0.000000000000000000e+00
1.681586449181037522e-03 6.228415512890257775e-04 -2.025684191627250127e-05 -6.493431907396533809e-04 -1.634827960966637799e-03 4.430690825348472008e-03 5.563999108260354702e-03 5.692057369058405730e-03 5.443838743625709943e-03 4.268187439194466061e-03
3.363421002629409830e-03 1.245612045412149409e-03 -4.052335587112661230e-05 -1.298778622454228350e-03 -3.269731062798784081e-03 8.862297631113902341e-03 1.112762527446190149e-02 1.138367545297532500e-02 1.088711253349686561e-02 8.536836068536933844e-03
5.045504014453873129e-03 1.868311299930161540e-03 -6.079905560136503618e-05 -1.948307564750450648e-03 -4.904708687043971005e-03 1.329482189435847971e-02 1.669087788613087334e-02 1.707485407332839586e-02 1.632982092014872641e-02 1.280594566171180601e-02
6.727835829537575502e-03 2.490939123290979596e-03 -8.108345055727011856e-05 -2.597931290831570570e-03 -6.539760204379825061e-03 1.772826508295727646e-02 2.225375632978219761e-02 2.276559307158362855e-02 2.177196345241928441e-02 1.707551597402307691e-02
8.410416788227351864e-03 3.113495317668922395e-03 -1.013760484433016973e-04 -3.247651072866411959e-03 -8.174884977454586338e-03 2.216262866238413037e-02 2.781625999035104713e-02 2.845589230751883678e-02 2.721353967826188949e-02 2.134554674733329938e-02
1.009324722622014295e-02 3.735979678860093522e-03 -1.216763553673792190e-04 -3.897468181660312947e-03 -9.810082360847306379e-03 2.659791409559873407e-02 3.337838825115947705e-02 3.414575165968605774e-02 3.265454914463984670e-02 2.561603770984264422e-02
1.177632747444763359e-02 4.358391996174993711e-03 -1.419838759944939965e-04 -4.547383886318616918e-03 -1.144535170103029749e-02 3.103412284293523976e-02 3.894014049388707516e-02 3.983517102589115982e-02 3.809499139741691354e-02 2.988698857587028176e-02
1.345965785896153372e-02 4.980732052332483700e-03 -1.622981137048050762e-04 -5.197399453900434715e-03 -1.308069233633456924e-02 3.547125636198302651e-02 4.450151609853908452e-02 4.552415032367047865e-02 4.353486598124650664e-02 3.415839904562868040e-02
1.514323870081695292e-02 5.602999623350901279e-03 -1.826185707559098252e-04 -5.847516149064466151e-03 -1.471610359691743856e-02 3.990931610747227437e-02 5.006251444341761753e-02 5.121268949078273264e-02 4.897417243945792475e-02 3.843026880499979259e-02
1.682707031595545924e-02 6.225194478438518704e-03 -2.029447484489916263e-04 -6.497735233706027763e-03 -1.635158480473227274e-02 4.434830353114866536e-02 5.562313490508993125e-02 5.690078848570315206e-02 5.441291031393993838e-02 4.270259752530639052e-02
