0.000000000000000000e+00 0.000000000000000000e+00 0.000000000000000000e+00 0.000000000000000000e+00 0.000000000000000000e+00 0.000000000000000000e+00 0.000000000000000000e+00 0.000000000000000000e+00 0.000000000000000000e+00 0.000000000000000000e+00
6.493926782438191186e-04 2.163439552772860111e-05 7.233610887500024119e-04 -3.840274066226134026e-04 -1.010360748618275521e-03 1.503401196140400275e-03 2.323364900277522307e-03 6.715510100032811083e-03 4.335289848667611863e-03 3.749900350497391115e-03
1.298894906313519549e-03 4.201535532535064172e-05 1.448591678803970223e-03 -7.682429351101825732e-04 -2.021258997851222827e-03 3.006531264264568348e-03 4.646427588159444608e-03 1.343166156257552361e-02 8.671279606577752055e-03 7.499032772214468678e-03
1.948506333807091149e-03 6.113783500269877411e-05 2.175698872690305218e-03 -1.152647257828559851e-03 -3.032695775983984283e-03 4.509389437458847724e-03 6.969187891966517091e-03 2.014845198413948296e-02 1.300797781901952624e-02 1.124739205935849223e-02
2.598226607862723619e-03 7.899675672042385816e-05 2.904689780454020216e-03 -1.537241040809559896e-03 -4.044672096328559736e-03 6.011974946008240284e-03 9.291645627750134279e-03 2.686587895057122866e-02 1.734539310349299257e-02 1.499497296224675501e-02
3.248055373490042405e-03 9.558700986272582103e-05 3.635571524009078084e-03 -1.922024942375544828e-03 -5.057188956869936372e-03 7.514287017769473095e-03 1.161380059987312391e-02 3.358394002933994676e-02 2.168353415286090186e-02 1.874177018832571748e-02
3.897992273658315056e-03 1.109034509374001373e-04 4.368351235795476378e-03 -2.306999612288361621e-03 -6.070247339763306868e-03 9.016324878214951322e-03 1.393565260085406765e-02 4.030263276938729489e-02 2.602240973615803366e-02 2.248777840162856367e-02
4.548036949390348548e-03 1.249409034822770905e-04 5.103036057379451915e-03 -2.692165690859484907e-03 -7.083848210823915845e-03 1.051808775047827563e-02 1.625720141120798670e-02 4.702195470098177732e-02 3.036202869939851404e-02 2.623299222222270910e-02
5.198189039859127912e-03 1.376941579798042058e-04 5.839633137994040130e-03 -3.077523808019722723e-03 -8.097992519009115236e-03 1.201957485540192626e-02 1.857844679928960865e-02 5.374190333558103577e-02 3.470239996638035257e-02 2.997740622565428156e-02
5.848448182490560872e-03 1.491579717767333238e-04 6.578149633019981200e-03 -3.463074582348614656e-03 -9.112681195892209651e-03 1.352078541158683797e-02 2.089938852113467499e-02 6.046247616570336186e-02 3.904353253948773805e-02 3.372101494238371328e-02
6.498814013068870965e-03 1.593270690125744241e-04 7.318592702404527403e-03 -3.848818620059576978e-03 -1.012791515513078097e-02 1.502171863544516685e-02 2.322002632030079755e-02 6.718367066480659955e-02 4.338543550048645780e-02 3.746381285721686605e-02
