0.000000000000000000e+00 0.000000000000000000e+00 0.000000000000000000e+00 0.000000000000000000e+00
5.676740220997831578e-04 -3.813781053277947512e-04 2.035901045952588206e-03 1.172845189344904606e-03
1.135087847348199321e-03 -7.626418153080778781e-04 4.072329497767528984e-03 2.345802774534209469e-03
1.702241286837832303e-03 -1.143791094099199041e-03 6.109285600740792938e-03 3.518872733318124252e-03
2.269134151489461508e-03 -1.524825905864858654e-03 8.146769600260275399e-03 4.692055043396157858e-03
2.835766252052273131e-03 -1.905746214774449573e-03 1.018478174183237023e-02 5.865349682418995181e-03
3.402137399103453367e-03 -2.286551985002992313e-03 1.222332227108286276e-02 7.038756627990515671e-03
3.968247403047356174e-03 -2.667243180730918210e-03 1.426239143375815019e-02 8.212275857664387210e-03
4.534096074115106893e-03 -3.047819766144345670e-03 1.630198947572479226e-02 9.385907348948695217e-03
5.099683222363484217e-03 -3.428281705434545884e-03 1.834211664297128591e-02 1.055965107930111752e-02
5.665008657674874652e-03 -3.808628962798909275e-03 2.038277318160849894e-02 1.173350702613255858e-02
