0.000000000000000000e+00 0.000000000000000000e+00 0.000000000000000000e+00 0.000000000000000000e+00 0.000000000000000000e+00 0.000000000000000000e+00 0.000000000000000000e+00 0.000000000000000000e+00 0.000000000000000000e+00 0.000000000000000000e+00
1.255098644845703158e-03 2.236718687246748612e-03 -2.047558612760602779e-05 -1.982431308579351084e-03 -1.488910437385430365e-03 4.909620582928791565e-04 5.941225664842755133e-03 9.070689577833234221e-03 6.454782059932963161e-03 1.792948969085496683e-03
2.509108487810530596e-03 4.475586443258679041e-03 -4.076159737773782377e-05 -3.966846469276368199e-03 -2.977086864414920167e-03 9.797857457197294007e-04 1.188315382320807162e-02 1.814413705596469237e-02 1.291023995767251117e-02 3.583900077409935339e-03
3.762026540637607944e-03 6.716605336953783943e-03 -6.085366818227690502e-05 -5.953250723452662568e-03 -4.464527485956178328e-03 1.466469533528848247e-03 1.782578652048453366e-02 2.722034257629669940e-02 1.936637454417094312e-02 5.372851815481116330e-03
5.013849799115112534e-03 8.959777359908587674e-03 -8.074733138598738126e-05 -7.941649308205052035e-03 -5.951230519432392993e-03 1.951011873920160304e-03 2.376912579307290455e-02 3.629930630482882531e-02 2.582318667708347060e-02 7.159802671044092522e-03
6.264575242885047669e-03 1.120510442356277905e-02 -1.004380164145953803e-04 -9.932047454699513556e-03 -7.437194195333491839e-03 2.433411199945038732e-03 2.971317366622125422e-02 4.538102843431442157e-02 3.228067722020160069e-02 8.944751129254878419e-03
7.514199835262013252e-03 1.345258835637522243e-02 -1.199210474810033338e-04 -1.192445038642601235e-02 -8.922416757729862216e-03 2.913665925416461522e-03 3.565793215175783182e-02 5.446550918703145505e-02 3.873884704286353897e-02 1.072769567285498937e-02
8.762720523062044950e-03 1.570223090093265245e-02 -1.391916418385509384e-04 -1.391886331736749000e-02 -1.040689646478835939e-02 3.391774444833031699e-03 4.160340324571597942e-02 6.355274881766757866e-02 4.519769701935077294e-02 1.250863478234451841e-02
1.001013423644501153e-02 1.795403371101291640e-02 -1.582449080876932417e-04 -1.591529145008044321e-02 -1.189063158928922552e-02 3.867735133313816766e-03 4.754958892585142705e-02 7.264274761631939192e-02 5.165722802826024085e-02 1.428756693615454432e-02
1.125643788877068834e-02 2.020799834860445565e-02 -1.770758445489004941e-04 -1.791373997368271923e-02 -1.337362041914297306e-02 4.341546346550531274e-03 5.349649114904950903e-02 8.173550591160703982e-02 5.811744095186414938e-02 1.606449061081510407e-02
1.250162837647206086e-02 2.246412628088619023e-02 -1.956793377073315354e-04 -1.991421406174372077e-02 -1.485586125790648929e-02 4.813206420772851019e-03 5.944411184861676106e-02 9.083102407390451771e-02 6.457833667545885559e-02 1.783940428112091789e-02
