0.000000000000000000e+00 0.000000000000000000e+00 0.000000000000000000e+00 0.000000000000000000e+00 0.000000000000000000e+00 0.000000000000000000e+00 0.000000000000000000e+00 0.000000000000000000e+00
4.250325450185596810e-04 1.360873198642118080e-05 -3.640063680526457718e-05 -3.145426861604483501e-04 1.475824990375446729e-03 1.895958690024167467e-03 1.136146503992174804e-03 1.186286613134199166e-03
8.498400572518295063e-04 2.723018902967562195e-05 -7.275092760011528305e-05 -6.289734397009951340e-04 2.951955005602203627e-03 3.792030284879054428e-03 2.272223908704954463e-03 2.372773358376952142e-03
1.274422404429679731e-03 4.086441038338921132e-05 -1.090508569170128741e-04 -9.432922237155724147e-04 4.428390272140477618e-03 5.688214854282730090e-03 3.408232156437869358e-03 3.559460279504279064e-03
1.698779454038753514e-03 5.451143539818706157e-05 -1.453004092816797361e-04 -1.257499001302934136e-03 5.905131016766985465e-03 7.584512467961556509e-03 4.544171189437056814e-03 4.746347420247008786e-03
2.122911073322252245e-03 6.817130352319641256e-05 -1.814995692124795105e-04 -1.571593735566219514e-03 7.382177466589513737e-03 9.480923195676048756e-03 5.680040949902822114e-03 5.933434824293585229e-03
2.546817129279004867e-03 8.184405430644471483e-05 -2.176483212212240996e-04 -1.885576389613356904e-03 8.859529849047873343e-03 1.137744710722218659e-02 6.815841379986013575e-03 7.120722535290282922e-03
2.970497488662725630e-03 9.552972739525100623e-05 -2.537466498125260598e-04 -2.199446926557413994e-03 1.033718839191425515e-02 1.327408427242919749e-02 7.951572421791367959e-03 8.308210596841990661e-03
3.393952017981283122e-03 1.092283625360332221e-04 -2.897945394840608421e-04 -2.513205309515744324e-03 1.181515332329398545e-02 1.517083476116199911e-02 9.087234017375196357e-03 9.495899052510295077e-03
3.817180583495836596e-03 1.229399995751018042e-04 -3.257919747265200635e-04 -2.826851501610954179e-03 1.329342487162759809e-02 1.706769864331953920e-02 1.022282610874609282e-02 1.068378794581466805e-02
4.240183051220309043e-03 1.366646784586645659e-04 -3.617389400233508921e-04 -3.140385465970593586e-03 1.477200326568992028e-02 1.896467598883672806e-02 1.135834863786552677e-02 1.187187732023174506e-02
