0.000000000000000000e+00 0.000000000000000000e+00 0.000000000000000000e+00 0.000000000000000000e+00 0.000000000000000000e+00 0.000000000000000000e+00 0.000000000000000000e+00 0.000000000000000000e+00 0.000000000000000000e+00 0.000000000000000000e+00
5.409283402330321592e-04 1.547400637188453033e-04 1.244229078957649720e-05 -1.429618853163520909e-04 -6.169076181502627281e-04 1.783875887768829457e-03 1.091876454333342086e-03 1.131153156346481094e-03 1.210373776513205780e-03 2.086675957137656100e-03
1.081356255926977641e-03 3.094291583386732901e-04 2.489922828139032546e-05 -2.858543917246307510e-04 -1.233410362728253572e-03 3.567802241680833025e-03 2.183525254670112218e-03 2.262204776649677160e-03 2.420827032411353510e-03 4.174491095267273896e-03
1.621283368835012718e-03 4.640672885828946962e-04 3.737084278122465326e-05 -4.286774837575344399e-04 -1.849507971820223270e-03 5.351777054802037310e-03 3.274945851742704604e-03 3.393154838545050893e-03 3.631360311767214185e-03 6.263447668425254494e-03
2.160709300112924770e-03 6.186544591540598824e-04 4.985716474112261313e-05 -5.714311257480110279e-04 -2.465200183240177229e-03 7.135798309647845179e-03 4.366137693561357620e-03 4.524003319570770419e-03 4.841974161366608201e-03 8.353547941265143315e-03
2.699633670304548740e-03 7.731906747362626191e-04 6.235822476257465617e-05 -7.141152818264142861e-04 -3.080486734549342694e-03 8.919863978070638466e-03 5.457100225384182990e-03 5.654750197177271960e-03 6.052669130755912279e-03 1.044479418920244915e-02
3.238056099336459638e-03 9.276759399951846471e-04 7.487405359907681169e-05 -8.567299159187011020e-04 -3.695367363054231392e-03 1.070397202119170721e-02 6.547832889699336731e-03 6.785395448724136462e-03 7.263445772258702617e-03 1.253718869848806372e-02
3.775976206514847222e-03 1.082110259577829777e-03 8.740468215575198903e-05 -9.992749917452331109e-04 -4.309841805804938419e-03 1.248812038933617280e-02 7.638335126206784176e-03 7.915939051481506866e-03 8.474304640995373311e-03 1.463073376627731757e-02
4.313393610520011717e-03 1.236493638111855423e-03 9.995014149129257644e-05 -1.141750472818732704e-03 -4.923909799594040904e-03 1.427230702196277679e-02 8.728606371799205871e-03 9.046380982627133874e-03 9.685246294898197661e-03 1.672543170070104820e-02
4.850307929402853171e-03 1.390826080206053776e-03 1.125104628188257089e-04 -1.284156322443208041e-03 -5.537571080954458227e-03 1.605652984759676702e-02 9.818646060544080484e-03 1.017672121924801699e-02 1.089627129473267828e-02 1.882128482094020880e-02
5.386718780580111374e-03 1.545107590449086316e-03 1.250856775070544318e-04 -1.426492503712071093e-03 -6.150825386157418931e-03 1.784078678376049484e-02 1.090845362366530021e-02 1.130695973833705306e-02 1.210738020411340418e-02 2.091829545729564227e-02
