0.000000000000000000e+00 0.000000000000000000e+00 0.000000000000000000e+00 0.000000000000000000e+00 0.000000000000000000e+00 0.000000000000000000e+00 0.000000000000000000e+00 0.000000000000000000e+00
1.939987459350195174e-05 2.938468284982495571e-04 1.098937789076683577e-04 -8.104343827698842154e-04 -2.142102663920060534e-04 3.164668998649661810e-04 2.976023542664056869e-03 1.583580817939647450e-03
3.868595933965601372e-05 5.874242571264350716e-04 2.201122885112373169e-04 -1.620197969322615100e-03 -4.286601000907162926e-04 6.325472637582120082e-04 5.953529488648646659e-03 3.165705085974689168e-03
5.785813233677232595e-05 8.807319326830706898e-04 3.306561416422144776e-04 -2.429290558366822578e-03 -6.433496739436617108e-04 9.482408897030618084e-04 8.932520924279652164e-03 4.746368053716336875e-03
7.691627150077415373e-05 1.173769501508179023e-03 4.415259526226755792e-04 -3.237711948465161766e-03 -8.582791610052245470e-04 1.263547575679209445e-03 1.191300094493710424e-02 6.325564962866031364e-03
9.586025456374937324e-05 1.466536609487539052e-03 5.527223372792501675e-04 -4.045461938053634098e-03 -1.073448734544846456e-03 1.578467119640127514e-03 1.489497265512939803e-02 7.903291047289075222e-03
1.146899590722031103e-04 1.759032902047958247e-03 6.642459129537336016e-04 -4.852540325428367218e-03 -1.288858568050553792e-03 1.892999319507486684e-03 1.787843916854667606e-02 9.479541532985833602e-03
1.334052623848491325e-04 2.051258024152774213e-03 7.760972985138525322e-04 -5.658946908733254212e-03 -1.504508835233808869e-03 2.207143973167224275e-03 2.086340360811338168e-02 1.105431163806822221e-02
1.520060416706440619e-04 2.343211620296727169e-03 8.882771143637700068e-04 -6.464681485945782645e-03 -1.720399710033358991e-03 2.520900878463400510e-03 2.384986910604180305e-02 1.262759657273025173e-02
1.704921739073465923e-04 2.634893334501421918e-03 1.000785982454327223e-03 -7.269743854864204984e-03 -1.936531366616078224e-03 2.834269833194214949e-03 2.683783880388682097e-02 1.419939153922172674e-02
1.888635358787020058e-04 2.926302810310045608e-03 1.113624526294773294e-03 -8.074133813093992140e-03 -2.152903979385189549e-03 3.147250635107260927e-03 2.982731585260107662e-02 1.576969173182091871e-02
