0.000000000000000000e+00 0.000000000000000000e+00 0.000000000000000000e+00 0.000000000000000000e+00
6.956259529006220133e-03 -6.956259529006242684e-03 1.086660060010756490e-02 1.617470711372628184e-02
1.392907853522951274e-02 -1.392907853522951794e-02 2.173302731483348418e-02 3.234958811283453195e-02
2.091853855664544889e-02 -2.091853855664539338e-02 3.259931095258712663e-02 4.852461218891442052e-02
2.792472114049213139e-02 -2.792472114049211057e-02 4.346548267410134392e-02 6.469974818123437610e-02
3.494770776227564685e-02 -3.494770776227556358e-02 5.433157399799367487e-02 8.087496457117621107e-02
4.198757973863208315e-02 -4.198757973863211090e-02 6.519761680511025614e-02 9.705022947789314347e-02
4.904441813354103175e-02 -4.904441813354089297e-02 7.606364334160023444e-02 1.132255106552370605e-01
5.611830365730223480e-02 -5.611830365730213765e-02 8.692968622067452633e-02 1.294007754899972051e-01
6.320931655760013423e-02 -6.320931655760016199e-02 9.779577842301991064e-02 1.455759910014855774e-01
7.031753650187973215e-02 -7.031753650187971827e-02 1.086619532958470191e-01 1.617511238424923226e-01
