0.000000000000000000e+00 0.000000000000000000e+00 0.000000000000000000e+00 0.000000000000000000e+00 0.000000000000000000e+00 0.000000000000000000e+00
4.680994070187128632e-03 -1.284067636760794547e-03 -3.396926433426613809e-03 6.096009366975631630e-03 1.386925827987105404e-02 5.611761142540176543e-03
9.347512780944819757e-03 -2.577134246212125362e-03 -6.770378534733130678e-03 1.218006897475992778e-02 2.776386786443923657e-02 1.121012073957386446e-02
1.399767261699549556e-02 -3.879011998687923943e-03 -1.011866061830841990e-02 1.825188227576357222e-02 4.168450164311220119e-02 1.679470244928413930e-02
1.862945920791965471e-02 -5.189471106447857661e-03 -1.343998810147271211e-02 2.431114301526662511e-02 5.563185564284569423e-02 2.236511649943377991e-02
2.324071812447722762e-02 -6.508234751948321212e-03 -1.673248337253014500e-02 3.035753490843471833e-02 6.960664979097198890e-02 2.792095924752605041e-02
2.782914504628277233e-02 -7.834973466803868414e-03 -1.999417157948043394e-02 3.639073131843975628e-02 8.360962867267109078e-02 3.346181274520841631e-02
3.239227527560437081e-02 -9.169298913889324665e-03 -2.322297636171666985e-02 4.241039493819453998e-02 9.764156227642084573e-02 3.898724431109090033e-02
3.692747257876408118e-02 -1.051075702640746901e-02 -2.641671555235851690e-02 4.841617747813956041e-02 1.117032467200577417e-01 4.449680611689499354e-02
4.143191734706476448e-02 -1.185882046214049856e-02 -2.957309688492641003e-02 5.440771936211546284e-02 1.257955049496360944e-01 4.999003479272745576e-02
4.590259408488341769e-02 -1.321288034004358680e-02 -3.268971374484221787e-02 6.038464943235927890e-02 1.399191874033016147e-01 5.546645105820467714e-02
