0.000000000000000000e+00 0.000000000000000000e+00 0.000000000000000000e+00 0.000000000000000000e+00 0.000000000000000000e+00 0.000000000000000000e+00 0.000000000000000000e+00 0.000000000000000000e+00
2.150397216062497827e-03 -5.656761620263372082e-04 7.297214898596756250e-04 -2.314442543895821498e-03 5.161931134569740579e-03 7.541966119284452749e-03 8.948239994476725120e-03 4.915519701134288787e-03
4.304809343693498727e-03 -1.137107711586139019e-03 1.465333511622396011e-03 -4.633035143729691968e-03 1.032057825745931121e-02 1.508700199281107560e-02 1.789991999234308295e-02 9.827813656316658486e-03
6.463258329679433430e-03 -1.714365297230781033e-03 2.206906715713663914e-03 -6.955799748162153247e-03 1.547591399171460366e-02 2.263513353195616140e-02 2.685506602292498865e-02 1.473685730179953926e-02
8.625766385142102227e-03 -2.297520847407665684e-03 2.954513062605267949e-03 -9.282758600339564847e-03 2.062791060526047299e-02 3.018638696060509802e-02 3.581370446174834965e-02 1.964262577024656481e-02
1.079235599152706185e-02 -2.886647603362646301e-03 3.708225858287045491e-03 -1.161393424645132573e-02 2.577654000214057994e-02 3.774078882248785294e-02 4.477586203883782839e-02 2.454509388385921892e-02
1.296304990688414149e-02 -3.481820153194298446e-03 4.468119790993915763e-03 -1.394934954468338151e-02 3.092177371347883466e-02 4.529836598872276354e-02 5.374156584732504849e-02 2.944423614726328353e-02
1.513787117246772305e-02 -4.083114467120244062e-03 5.234270969242857049e-03 -1.628902767458999257e-02 3.606358288814387469e-02 5.285914566556976918e-02 6.271084335239066054e-02 3.434002674015117218e-02
1.731684311968504156e-02 -4.690607934013269788e-03 6.006756961234417831e-03 -1.863299214690572123e-02 4.120193828310832890e-02 6.042315540240083410e-02 7.168372240055076450e-02 3.923243950966055771e-02
1.949998937742324773e-02 -5.304379399276644425e-03 6.785656835677956675e-03 -2.098126681382431191e-02 4.633681025348288657e-02 6.799042309991021327e-02 8.066023122930948697e-02 4.412144796248331641e-02
2.168733387979036864e-02 -5.924509204127599918e-03 7.571051204102435123e-03 -2.333387587976493149e-02 5.146816874221044752e-02 7.556097701856162585e-02 8.964039847719709742e-02 4.900702525668194920e-02
