0.000000000000000000e+00 0.000000000000000000e+00 0.000000000000000000e+00 0.000000000000000000e+00
4.349160359277815641e-04 -1.785686058801008800e-04 1.083116473923750140e-03 1.966549352919268447e-05
8.696753282904681444e-04 -3.570473383720295453e-04 2.166238716700014024e-03 3.915851919638576098e-05
1.304277877712338527e-03 -5.354361813014519612e-04 3.249366719691694320e-03 5.847907934417681828e-05
1.738723684841356545e-03 -7.137351184966721739e-04 4.332500474300209764e-03 7.762717635890207168e-05
2.173012750351721069e-03 -8.919441337885958537e-04 5.415639971970764160e-03 9.660281267385249630e-05
2.607145074943317559e-03 -1.070063211011630265e-03 6.498785204194318550e-03 1.154059907680674658e-04
3.041120659341886665e-03 -1.248092334003232965e-03 7.581936162505104049e-03 1.340367131664116156e-04
3.474939504298887177e-03 -1.426031486603685644e-03 8.665092838482893467e-03 1.524949824392441409e-04
3.908601610591284393e-03 -1.603880652656258917e-03 9.748255223751674248e-03 1.707808012031010849e-04
4.342106979021487234e-03 -1.781639816006940847e-03 1.083142330997915147e-02 1.888941721190688324e-04
