0.000000000000000000e+00 0.000000000000000000e+00 0.000000000000000000e+00 0.000000000000000000e+00 0.000000000000000000e+00 0.000000000000000000e+00 0.000000000000000000e+00 0.000000000000000000e+00
6.019192665106124288e-04 8.970050280321231263e-05 -1.035679889692242285e-04 -5.399277602662025822e-04 2.002981229741471539e-03 1.081484207156791465e-03 1.322413983189442985e-03 1.652313085501726231e-03
1.203444187874589061e-03 1.794065998355393488e-04 -2.071376706757618944e-04 -1.079539014023244608e-03 4.006697968066002397e-03 2.162791098539889201e-03 2.644866743670902694e-03 3.304985534180660944e-03
1.804574422866371238e-03 2.691183180538807523e-04 -3.107090777245640313e-04 -1.618833607916459437e-03 6.011150481864922790e-03 3.243920613342540782e-03 3.967358395865969167e-03 4.958017279536996308e-03
2.405309629967712984e-03 3.588356844065425095e-04 -4.142822427657540888e-04 -2.157811388567945111e-03 8.016339037670692017e-03 4.324872690797369398e-03 5.289889054389729575e-03 6.611408254654174525e-03
3.005649467369715406e-03 4.485587258325016841e-04 -5.178571984957129615e-04 -2.696472202578365646e-03 1.002226390167323608e-02 5.405647270182612797e-03 6.612458834060432576e-03 8.265158392212812455e-03
3.605593592972592722e-03 5.382874692618281037e-04 -6.214339776569730760e-04 -3.234815896527092408e-03 1.202892533971751388e-02 6.486244290823024901e-03 7.935067849897912973e-03 9.919267624487625515e-03
4.205141664385417255e-03 6.280219416158029991e-04 -7.250126130386004911e-04 -3.772842316972180050e-03 1.403632361730092551e-02 7.566663692089823333e-03 9.257716217125821698e-03 1.157373588334788955e-02
4.804293338925629160e-03 7.177621698059299948e-04 -8.285931374759803337e-04 -4.310551310450130152e-03 1.604445899957395935e-02 8.646905413400731918e-03 1.058040405117119387e-02 1.322856310025615108e-02
5.403048273618847770e-03 8.075081807346440148e-04 -9.321755838511803323e-04 -4.847942723475986634e-03 1.805333175133711984e-02 9.726969394220730952e-03 1.190313146766572641e-02 1.488374920626708842e-02
6.001406125198192887e-03 8.972600012946186938e-04 -1.035759985092732675e-03 -5.385016402544091224e-03 2.006294213703864807e-02 1.080685557406057574e-02 1.322589858244545627e-02 1.653929413202611873e-02
