0.000000000000000000e+00 0.000000000000000000e+00 0.000000000000000000e+00 0.000000000000000000e+00
6.601145949299024041e-03 -6.601145949299035316e-03 1.485833480663513451e-02 1.356313923722048814e-02
1.321840684312281661e-02 -1.321840684312283222e-02 2.971650119167296850e-02 2.712644689603826639e-02
1.985186294581546898e-02 -1.985186294581547245e-02 4.457449086420952472e-02 4.068993126735756527e-02
2.650159512554724206e-02 -2.650159512554716573e-02 5.943229551376140452e-02 5.425360066166145384e-02
3.316768483350650276e-02 -3.316768483350655133e-02 7.428990680134364699e-02 6.781746341793480626e-02
3.985021408180901281e-02 -3.985021408180897118e-02 8.914731634919616232e-02 8.138152791393810093e-02
4.654926542003684498e-02 -4.654926542003691436e-02 1.040045157290411110e-01 9.494580257794867084e-02
5.326492191028666529e-02 -5.326492191028676243e-02 1.188614964487194059e-01 1.085102959021260055e-01
5.999726710055220541e-02 -5.999726710055208745e-02 1.337182499370534738e-01 1.220750164576477198e-01
6.674638499620628995e-02 -6.674638499620631771e-02 1.485747675267342360e-01 1.356399729118229758e-01
