0.000000000000000000e+00 0.000000000000000000e+00 0.000000000000000000e+00 0.000000000000000000e+00 0.000000000000000000e+00 0.000000000000000000e+00
6.938230638205797763e-04 -5.220973976986511775e-05 -3.934072678278353451e-04 2.401481955847667524e-03 1.119655607494417183e-03 1.214811011027390909e-03
1.388571551239026333e-03 -1.048996297477140316e-04 -7.849678876158671130e-04 4.810386759363306439e-03 2.239209317869140115e-03 2.423382404635593661e-03
2.084261166007874994e-03 -1.580758875392382910e-04 -1.174662041993231954e-03 7.226809544771549756e-03 3.358660631486623267e-03 3.625622049268675730e-03
2.780907869283017093e-03 -2.117448401117748898e-04 -1.562469548736835625e-03 9.650847147518390456e-03 4.478009033475522510e-03 4.821436194815068715e-03
3.478527884521962540e-03 -2.659129258680101196e-04 -1.948369853790778887e-03 1.208259813953290081e-02 5.597253993468752527e-03 6.010729441682598727e-03
4.177137702776232211e-03 -3.205866971105190326e-04 -2.332342022543977805e-03 1.452216286812220251e-02 6.716394965115111623e-03 7.193404704669691986e-03
4.876754088110397956e-03 -3.757728225738419061e-04 -2.714364730863565774e-03 1.696964349591330995e-02 7.835431385574994148e-03 8.369363175886369161e-03
5.577394083149654104e-03 -4.314780900226013031e-04 -3.094416255873487769e-03 1.942514404187413446e-02 8.954362674996463670e-03 9.538504286700803456e-03
6.279075014763511875e-03 -4.877094089202298872e-04 -3.472474466471715555e-03 2.188877042344655743e-02 1.007318823597401665e-02 1.070072566866787402e-02
6.981814499886311413e-03 -5.444738131682155596e-04 -3.848516813577642932e-03 2.436063049983193396e-02 1.119190745299016888e-02 1.185592311342636984e-02
