0.000000000000000000e+00 0.000000000000000000e+00 0.000000000000000000e+00 0.000000000000000000e+00
1.439724300524539580e-04 -3.461800038763919603e-04 2.348673776483641180e-04 6.521508575632214933e-04
2.879058809253346070e-04 -6.922363088678608030e-04 4.696933741327644594e-04 1.304184852154915324e-03
4.318003615921817942e-04 -1.038168919215326806e-03 7.044779881076190667e-04 1.956101945252831324e-03
5.756558810355764206e-04 -1.383977839186739623e-03 9.392212182437738137e-04 2.607902098378071798e-03
7.194724482475095030e-04 -1.729663073077878591e-03 1.173923063227224565e-03 3.259585273098914750e-03
8.632500722291742241e-04 -2.075224625212602689e-03 1.408583521759193286e-03 3.911151431029560865e-03
1.006988761991072347e-03 -2.420662499942322857e-03 1.643202592557282829e-03 4.562600533830864918e-03
1.150688526552877443e-03 -2.765976701646505071e-03 1.877780274354863381e-03 5.213932543210913866e-03
1.294349374943426327e-03 -3.111167234732353098e-03 2.112316565900132243e-03 5.865147420923226204e-03
1.437971316200857075e-03 -3.456234103634481507e-03 2.346811465957492071e-03 6.516245128768515318e-03
