0.000000000000000000e+00 0.000000000000000000e+00 0.000000000000000000e+00 0.000000000000000000e+00 0.000000000000000000e+00 0.000000000000000000e+00 0.000000000000000000e+00 0.000000000000000000e+00
4.650891563138802071e-04 8.613202973554952074e-05 -8.863258525533883553e-05 -4.563590083264693824e-04 1.549728508030426104e-03 1.008032928411754445e-03 9.977721406985186597e-04 1.514752441901089357e-03
9.299522360261997271e-04 1.722249234214067598e-04 -1.772638148405219745e-04 -9.123592149022801724e-04 3.100150528789936619e-03 2.016085892690731157e-03 1.995399604649344179e-03 3.029604959291300019e-03
1.394589867509319269e-03 2.582784591556806222e-04 -2.658939222511283408e-04 -1.367999660845359289e-03 4.651270128668756956e-03 3.024159949210549359e-03 2.992881333973000484e-03 4.544553616616020184e-03
1.859002690658187766e-03 3.442924116394271376e-04 -3.545231443443486825e-04 -1.823279375405657213e-03 6.203091435818675406e-03 4.032256170390925883e-03 3.990216254718163651e-03 6.059594416544469668e-03
2.323191357137125053e-03 4.302665521042965831e-04 -4.431517214098892638e-04 -2.278197375716265859e-03 7.755618641449182546e-03 5.040375645038982014e-03 4.987403276529451743e-03 7.574723298693469484e-03
2.787156530600951899e-03 5.162006482475082689e-04 -5.317798972345279046e-04 -2.732752666567268146e-03 9.308856001017464660e-03 6.048519478656420520e-03 5.984441292338593503e-03 9.089936138443874269e-03
3.250898886918846854e-03 6.020944641652235764e-04 -6.204079191665585243e-04 -3.186944240175441315e-03 1.086280783544620217e-02 7.056688793753585626e-03 6.981329178049925158e-03 1.060522874572495007e-02
3.714419114403800723e-03 6.879477602846899732e-04 -7.090360381826937885e-04 -3.640771075948056983e-03 1.241747853236612430e-02 8.064884730169518193e-03 7.978065792216019678e-03 1.212059686377534029e-02
4.177717914047474924e-03 7.737602932934016823e-04 -7.976645089562940053e-04 -4.094232140242704335e-03 1.397287254739272046e-02 9.073108445402877642e-03 8.974649975709713887e-03 1.363603616787548330e-02
4.640795999761425199e-03 8.595318160691230516e-04 -8.862935899266105111e-04 -4.547326386119412457e-03 1.552899440542478311e-02 1.008136111494602020e-02 9.971080551386757654e-03 1.515154226404988314e-02
