0.000000000000000000e+00 0.000000000000000000e+00 0.000000000000000000e+00 0.000000000000000000e+00 0.000000000000000000e+00 0.000000000000000000e+00 0.000000000000000000e+00 0.000000000000000000e+00
2.117895399190527269e-03 2.488429437507535852e-04 -5.503275890346964305e-04 -1.816410748931990716e-03 5.792523601524447383e-03 7.507181110424478512e-03 6.826160417695355254e-03 4.596042204591797332e-03
4.236986659094419544e-03 4.969056323637301327e-04 -1.101194190353026094e-03 -3.632698096069831954e-03 1.158796990152801028e-02 1.501480721362078580e-02 1.365060385040656361e-02 9.190433646121399028e-03
6.357277172113455152e-03 7.441862046576480129e-04 -1.652604295427538778e-03 -5.448859076250122876e-03 1.738635061999013048e-02 2.252288101439762352e-02 2.047332509680463430e-02 1.378316515791238109e-02
8.478770317286065533e-03 9.906828185447180083e-04 -2.204562442628756752e-03 -7.264890688054435886e-03 2.318767751303991986e-02 3.003140523547877944e-02 2.729431892877594995e-02 1.837422748922624624e-02
1.060146947290303843e-02 1.236393650097362355e-03 -2.757073217712807060e-03 -9.080789900088899816e-03 2.899196239380803439e-02 3.754038263205732029e-02 3.411358010304051114e-02 2.296361131501589714e-02
1.272537801599514344e-02 1.481316894486140422e-03 -3.310141254596437634e-03 -1.089655365063924193e-02 3.479921713259020305e-02 4.504981599259548497e-02 4.093110336110886843e-02 2.755130723501548334e-02
1.485049932181499097e-02 1.725450766939997521e-03 -3.863771236141528859e-03 -1.271217884732488840e-02 4.060945365700123488e-02 5.255970813963461302e-02 4.774688342922935036e-02 3.213730577281824485e-02
1.697683676330979247e-02 1.968793503725228995e-03 -4.417967894949722044e-03 -1.452766236675814837e-02 4.642268395212581500e-02 6.007006193063740146e-02 5.456091501833361390e-02 3.672159737494534032e-02
1.910439371058905364e-02 2.211343363144048849e-03 -4.972736014168517224e-03 -1.634300105420329052e-02 5.223892006066151866e-02 6.758088025884313732e-02 6.137319282397264014e-02 4.130417240990873207e-02
2.123317353038387673e-02 2.453098626552679441e-03 -5.528080428305689846e-03 -1.815819172324047159e-02 5.805817408305440075e-02 7.509216605415308665e-02 6.818371152624866371e-02 4.588502116725844820e-02
