0.000000000000000000e+00 0.000000000000000000e+00 0.000000000000000000e+00 0.000000000000000000e+00 0.000000000000000000e+00 0.000000000000000000e+00
4.186041826659320686e-04 5.029088961798474847e-05 -7.218638962821904981e-04 1.273763113192334000e-03 1.099073001991532263e-03 2.481745212735060949e-03
8.366235020365313680e-04 1.006243340523322682e-04 -1.443389963848277016e-03 2.546285259376356025e-03 2.198075068877804791e-03 4.966014596971689461e-03
1.254057373381644008e-03 1.510003723554400310e-04 -2.164577321429079527e-03 3.817561038293900300e-03 3.297006132692876113e-03 7.452814645978399558e-03
1.670905209937196840e-03 2.014190436982434191e-04 -2.885425082945093558e-03 5.087585029873878048e-03 4.395866124675118329e-03 9.942151878210602964e-03
2.087166422909161358e-03 2.518803873675719458e-04 -3.605932357515276559e-03 6.356351794160068104e-03 5.494654975272410431e-03 1.243403283749107066e-02
2.502840421457427217e-03 3.023844427668703110e-04 -4.326098249425280352e-03 7.623855871225430035e-03 6.593372614136751124e-03 1.492846409314095048e-02
2.917926612680041623e-03 3.529312494166050580e-04 -5.045921858095217365e-03 8.890091781080871128e-03 7.692018970117656465e-03 1.742545224010736207e-02
3.332424401596224221e-03 4.035208469545050500e-04 -5.765402278047854039e-03 1.015505402358738915e-02 8.790593971256031522e-03 1.992500389909525674e-02
3.746333191130721187e-03 4.541532751369379184e-04 -6.484538598875970276e-03 1.141873707836431329e-02 9.889097544776690243e-03 2.242712571669731522e-02
4.159652382096323993e-03 5.048285738388769411e-04 -7.203329905209467782e-03 1.268113540469980628e-02 1.098752961708436733e-02 2.493182436552518477e-02
