0.000000000000000000e+00 0.000000000000000000e+00 0.000000000000000000e+00 0.000000000000000000e+00
4.930015335788986942e-04 -6.211336911423987958e-04 1.568474236923356625e-03 2.079024930142408037e-03
9.855636404137255863e-04 -1.241928437100578604e-03 3.136754771069634636e-03 4.159405611191213659e-03
1.477686068933820865e-03 -1.862383787283132140e-03 4.704839529405137506e-03 6.241144458467970738e-03
1.969368567644667802e-03 -2.482499289551583221e-03 6.272726431824994335e-03 8.324243894512120892e-03
2.460610885140645902e-03 -3.102274490212526305e-03 7.840413391178970362e-03 1.040870634908512386e-02
2.951412770104017060e-03 -3.721708934009249937e-03 9.407898313248560379e-03 1.249453425920073885e-02
3.441773971306707775e-03 -4.340802164113939828e-03 1.097517909671969633e-02 1.458173006914999757e-02
3.931694237610069975e-03 -4.959553722119925713e-03 1.254225363315927995e-02 1.667029623053276760e-02
4.421173317965171150e-03 -5.577963148033346016e-03 1.410911980698836832e-02 1.876023520228398481e-02
4.910210961413531174e-03 -6.196029980265593123e-03 1.567577549545833698e-02 2.085154945070397461e-02
