0.000000000000000000e+00 0.000000000000000000e+00 0.000000000000000000e+00 0.000000000000000000e+00
4.739233467475360319e-03 -4.739233467475395013e-03 1.006152195694649983e-02 1.273392219513633239e-02
9.485384154949233482e-03 -9.485384154949243890e-03 2.011871297898285699e-02 2.547217532518308500e-02
1.423847145274228371e-02 -1.423847145274230279e-02 3.017155949044590668e-02 3.821477296580271660e-02
1.899851485350270708e-02 -1.899851485350276606e-02 4.022004780818128067e-02 5.096172880015020085e-02
2.376553395610277869e-02 -2.376553395610262950e-02 5.026416414093951013e-02 6.371305661947487819e-02
2.853954847081836832e-02 -2.853954847081846893e-02 6.030389458872913166e-02 7.646877032376798999e-02
3.332057822595609065e-02 -3.332057822595607677e-02 7.033922514213039601e-02 8.922888392244952838e-02
3.810864317609585078e-02 -3.810864317609576057e-02 8.037014168157642635e-02 1.019934115350863424e-01
4.290376341214394151e-02 -4.290376341214389988e-02 9.039662997661242205e-02 1.147623673921336213e-01
4.770595917339727488e-02 -4.770595917339717773e-02 1.004186756851422058e-01 1.275357658356864043e-01
