0.000000000000000000e+00 0.000000000000000000e+00 0.000000000000000000e+00 0.000000000000000000e+00
5.165268564780806961e-03 -5.165268564780831247e-03 1.576394854880088653e-02 9.550501481501726814e-03
1.033882982557533282e-02 -1.033882982557526170e-02 3.153979411064990190e-02 1.908910594995530743e-02
1.552071508804243015e-02 -1.552071508804221504e-02 4.732758297494990551e-02 2.861576711595796227e-02
2.071095593519591688e-02 -2.071095593519581279e-02 6.312736177161459850e-02 3.813043834959574385e-02
2.590958423259340226e-02 -2.590958423259320798e-02 7.893917748330517292e-02 4.763307266820824420e-02
3.111663213565257075e-02 -3.111663213565238340e-02 9.476307745847215025e-02 5.712362272334380736e-02
3.633213209940995558e-02 -3.633213209940970578e-02 1.105991094251921325e-01 6.660204078692655294e-02
4.155611689106888940e-02 -4.155611689106852163e-02 1.264473215057606570e-01 7.606827873666058282e-02
4.678861960572426593e-02 -4.678861960572404388e-02 1.423077622320172153e-01 8.552228804070655110e-02
5.202967368569711565e-02 -5.202967368569675483e-02 1.581804805613619691e-01 9.496401974166462923e-02
