0.000000000000000000e+00 0.000000000000000000e+00 0.000000000000000000e+00 0.000000000000000000e+00 0.000000000000000000e+00 0.000000000000000000e+00
8.221933462811668609e-04 -5.800310023652197045e-05 -3.154325073729975499e-04 3.018294058484286783e-03 1.022813594508982429e-03 9.307807610555023396e-04
1.643571392022209754e-03 -1.158523524088791795e-04 -6.305161345630601495e-04 6.039241248439311538e-03 2.045311247288417351e-03 1.860932593131839254e-03
2.464132184016201970e-03 -1.735473146637015590e-04 -9.452507053546285645e-04 9.062846196611911917e-03 3.067492416233673618e-03 2.790453873053357070e-03
3.283873763033204416e-03 -2.310875435699577811e-04 -1.259636042375478519e-03 1.208911354422709770e-02 4.089356557288662854e-03 3.719342971962698308e-03
4.102794163807684316e-03 -2.884725941002930618e-04 -1.573671967085703846e-03 1.511804794718600922e-02 5.110903124429767679e-03 4.647598255266053267e-03
4.920891415010653601e-03 -3.457020196229389935e-04 -1.887358299768178600e-03 1.814965407614831105e-02 6.132131569651845526e-03 5.575218082596907453e-03
5.738163539222173107e-03 -4.027753718915906209e-04 -2.200694859519121242e-03 2.118393661661270577e-02 7.153041342956042645e-03 6.502200807779437604e-03
6.554608552903549296e-03 -4.596922010358209004e-04 -2.513681464237329816e-03 2.422090026900268131e-02 8.173631892333936555e-03 7.428544778790064154e-03
7.370224466368994511e-03 -5.164520555514435802e-04 -2.826317930615713028e-03 2.726054974874778797e-02 9.193902663757034036e-03 8.354248337721071477e-03
8.185009283757590376e-03 -5.730544822906598074e-04 -3.138604074129939300e-03 3.030288978636984376e-02 1.021385310116016375e-02 9.279309820742431825e-03
