0.000000000000000000e+00 0.000000000000000000e+00 0.000000000000000000e+00 0.000000000000000000e+00 0.000000000000000000e+00 0.000000000000000000e+00 0.000000000000000000e+00 0.000000000000000000e+00
8.619457138102481347e-04 -1.715090527517753064e-04 4.240906465837250788e-05 -6.453692216063420216e-04 2.213337085228375255e-03 2.040929825920501182e-03 1.199533946041156894e-03 1.839060509967890399e-03
1.723311055970746207e-03 -3.432968925403059738e-04 8.502221210388919413e-05 -1.290374741989157347e-03 4.426664729220790816e-03 4.082139545188945458e-03 2.398870619568342372e-03 3.678436556007256501e-03
2.584095966749364384e-03 -5.153638564734734336e-04 1.278395292082491969e-04 -1.935016447304791854e-03 6.639980733688333366e-03 6.123629599336698551e-03 3.598010006340317170e-03 5.518127624182493293e-03
3.444300387878987142e-03 -6.877102823111461540e-04 1.708611028631263446e-04 -2.579294224022375508e-03 8.853282894854389018e-03 8.165400430678454446e-03 4.796952092254726588e-03 7.358133199024650267e-03
4.303924262576061359e-03 -8.603365084738042508e-04 2.140870199810211358e-04 -3.223207958929578607e-03 1.106656900349963293e-02 1.020745248234954106e-02 5.995696863361353775e-03 9.198452763548827654e-03
5.162967535543560964e-03 -1.033242874045543162e-03 2.575173674951730944e-04 -3.866757539132976290e-03 1.327983684495115911e-02 1.224978619831104502e-02 7.194244305863684887e-03 1.103908579924929578e-02
6.021430152973898664e-03 -1.206429718776460408e-03 3.011522323602472601e-04 -4.509942852059682650e-03 1.549308419907201480e-02 1.429240202335138599e-02 8.392594406116881192e-03 1.288003178609780155e-02
6.879312062551556223e-03 -1.379897383084743769e-03 3.449917015533969229e-04 -5.152763785457698323e-03 1.770630884025023444e-02 1.633530040309091186e-02 9.590747150630202916e-03 1.472129020253960807e-02
7.736613213456647146e-03 -1.553646208059404664e-03 3.890358620742373312e-04 -5.795220227397006839e-03 1.991950853738845562e-02 1.837848178398308885e-02 1.078870252606448782e-02 1.656286052549048315e-02
8.593333556367327083e-03 -1.727676535462955264e-03 4.332848009456685473e-04 -6.437312066270231212e-03 2.213268105389370674e-02 2.042194661332076208e-02 1.198646051923291274e-02 1.840474223033301479e-02
