0.000000000000000000e+00 0.000000000000000000e+00 0.000000000000000000e+00 0.000000000000000000e+00 0.000000000000000000e+00 0.000000000000000000e+00 0.000000000000000000e+00 0.000000000000000000e+00
5.233792794811477833e-04 1.400280696887671488e-04 -1.073867743794194662e-04 -6.441309655371796426e-04 1.685364047791648419e-03 1.113449332652572668e-03 1.245802915596501241e-03 2.166491375658509931e-03
1.046259015199303742e-03 2.800868578736897033e-04 -2.147683708053667729e-04 -1.287885255112160895e-03 3.370553279697798867e-03 2.226664686640848941e-03 2.491672266073107888e-03 4.334432677423318003e-03
1.568638857315680273e-03 4.201764550281727713e-04 -3.221448487423790694e-04 -1.931262444274039862e-03 5.055565181184578337e-03 3.339645650591203767e-03 3.737608495613351477e-03 6.503826877845063012e-03
2.090518455741617165e-03 5.602969516916290983e-04 -4.295162676959507595e-04 -2.574262107130191775e-03 6.740397227209538912e-03 4.452391811489876151e-03 4.983612050031703718e-03 8.674676960627316497e-03
2.611897460138371593e-03 7.004484384688623461e-04 -5.368826872121759729e-04 -3.216883816350794498e-03 8.425046882179808641e-03 5.564902754681189112e-03 6.229683376788576650e-03 1.084698592071706158e-02
3.132775519915811761e-03 8.406310060294296636e-04 -6.442441668781153643e-04 -3.859127143160858125e-03 1.010951159990240711e-02 6.677178063861687399e-03 7.475822925000125997e-03 1.302075676436047387e-02
3.653152284231137546e-03 9.808447451077817111e-04 -7.516007663197630173e-04 -4.500991657330498386e-03 1.179378882353383957e-02 7.789217321068593776e-03 8.722031145442727187e-03 1.519599250915796076e-02
4.173027401986723582e-03 1.121089746501993927e-03 -8.589525452029467658e-04 -5.142476927166950845e-03 1.347787598552935631e-02 8.901020106672853649e-03 9.968308490562341126e-03 1.737269618412290093e-02
4.692400521829512110e-03 1.261366101074206606e-03 -9.662995632319486012e-04 -5.783582519504323026e-03 1.516177050759458939e-02 1.001258599936860789e-02 1.121465541448201514e-02 1.955087082973812687e-02
5.211271292148924802e-03 1.401673899749463284e-03 -1.073641880149228201e-03 -6.424307999695334954e-03 1.684546980063299573e-02 1.112391457616607876e-02 1.246107237300964413e-02 2.173051949801358892e-02
