0.000000000000000000e+00 0.000000000000000000e+00 0.000000000000000000e+00 0.000000000000000000e+00 0.000000000000000000e+00 0.000000000000000000e+00 0.000000000000000000e+00 0.000000000000000000e+00 0.000000000000000000e+00 0.000000000000000000e+00
3.744402549314478860e-04 1.007505586828192414e-04 4.074971520091193236e-06 -2.729531676521247984e-06 -7.526458600029179748e-04 1.146223455561444287e-03 8.209393970180221042e-04 8.722432543909122834e-04 1.347495058724283452e-03 2.840958149023771820e-03
7.485381303567045785e-04 2.013451394541800467e-04 7.966830621890783588e-06 -5.276420902587575544e-06 -1.504578538132757010e-03 2.291949595357123566e-03 1.641712789754218001e-03 1.744165126060737798e-03 2.694950578075793173e-03 5.684280315174639747e-03
1.122293517472987539e-03 3.017835216403659602e-04 1.167513404401442123e-05 -7.640496708392522130e-06 -2.255796415887321126e-03 3.437176677062862926e-03 2.462320063042095896e-03 2.615765286435956048e-03 4.042366320861168726e-03 8.529970252367399114e-03
1.495706307063347697e-03 4.020654837631161614e-04 1.519943723529653033e-05 -9.821587444915761938e-06 -3.006297870142230193e-03 4.581902953199174650e-03 3.282761101101532887e-03 3.487043406065562685e-03 5.389742049159634146e-03 1.137803172446047451e-02
1.868776389492712549e-03 5.021908035233284013e-04 1.853929434459747959e-05 -1.181952076438144479e-05 -3.756081273133659876e-03 5.726126671110163754e-03 4.103035787535049862e-03 4.357999154611244368e-03 6.737077524333041564e-03 1.422846850537969922e-02
2.241503654704358160e-03 6.021592577947737068e-04 2.169425821445796637e-05 -1.363412361578453827e-05 -4.505144992439843836e-03 6.869846072940564811e-03 4.923144005321812393e-03 5.228632200841619795e-03 8.084372507025178178e-03 1.708128437916588138e-02
2.613887992214672037e-03 7.019706226205293552e-04 2.466388037536080887e-05 -1.526522223885327004e-05 -5.253487390962199508e-03 8.013059395611522168e-03 5.743085636815079172e-03 6.098942212626667567e-03 9.431626757158710975e-03 1.993648314001941757e-02
2.985929291108921704e-03 8.016246732066457242e-04 2.744771103889810250e-05 -1.671264215931987863e-05 -6.001106826906215351e-03 9.155764870794320595e-03 6.562860563735139520e-03 6.968928856931487677e-03 1.077884003393399584e-02 2.279406859234895527e-02
3.357627440037101556e-03 9.011211839178430395e-04 3.004529909152643216e-05 -1.797620818304157458e-05 -6.748001653762956097e-03 1.029796072488613559e-02 7.382468667165948024e-03 7.838591799810931682e-03 1.212601209582672875e-02 2.565404455081849236e-02
3.728982327208581454e-03 1.000459928272158560e-03 3.245619208849754916e-05 -1.905574439059405959e-05 -7.494170220289701062e-03 1.143964517898506637e-02 8.201909827550223075e-03 8.707930706404399396e-03 1.347314270058655103e-02 2.851641484039318941e-02
