0.000000000000000000e+00 0.000000000000000000e+00 0.000000000000000000e+00 0.000000000000000000e+00 0.000000000000000000e+00 0.000000000000000000e+00 0.000000000000000000e+00 0.000000000000000000e+00 0.000000000000000000e+00 0.000000000000000000e+00
5.766747303043290567e-04 1.682101079751253318e-04 4.400601587953721609e-06 -1.641174710123818761e-04 -6.021681625674370902e-04 1.910178485458370124e-03 1.208656836134767119e-03 1.214153316069913014e-03 1.250100544981860287e-03 2.010176606389815334e-03
1.152733828667966247e-03 3.363917533058992794e-04 8.848510987928513501e-06 -3.281611807719329497e-04 -1.203994371715538022e-03 3.820342794561064521e-03 2.416974620540822405e-03 2.428204356489668293e-03 2.500367422246776907e-03 4.021665495163103017e-03
1.728174993691968192e-03 5.045452806379058328e-04 1.334440877658783171e-05 -4.921308205507401133e-04 -1.805480220994390905e-03 5.730482909602832575e-03 3.624949563228310485e-03 3.642153123474653649e-03 3.750804405577757954e-03 6.034476970220503320e-03
2.302995886078597603e-03 6.726710407212362899e-04 1.788898858766442657e-05 -6.560260751983057904e-04 -2.406627340436125195e-03 7.640588615427401989e-03 4.832577800968720395e-03 4.855999619121264405e-03 5.001415341924872471e-03 8.048621533315269277e-03
2.877194127620869620e-03 8.407693905749338316e-04 2.248295746181297491e-05 -8.198466229710633501e-04 -3.007437397545945773e-03 9.550649494269388903e-03 6.039855395369452679e-03 6.069743845412593070e-03 6.252204153350492816e-03 1.006410988928887161e-02
3.450767300255991928e-03 1.008840693637194771e-03 2.712703617101662777e-05 -9.835921353686626067e-04 -3.607912098212201404e-03 1.146065492082553976e-02 7.246778331045672372e-03 7.283385804216127579e-03 7.503174838856430974e-03 1.208095295102507710e-02
4.023712945094635833e-03 1.176885319918816609e-03 3.182195955508536518e-05 -1.147262276965507191e-03 -4.208053187641298126e-03 1.337059405718623098e-02 8.453342513731670893e-03 8.496925497273953576e-03 8.754331476263723516e-03 1.409916184455375227e-02
4.596028561418438046e-03 1.344903646161084865e-03 3.656847686657241337e-05 -1.310856705239390324e-03 -4.807862451320526510e-03 1.528045584761393572e-02 9.659543768346550915e-03 9.710362926201646788e-03 1.000567822414912510e-02 1.611874791429935422e-02
5.167711605647994609e-03 1.512896055998771711e-03 4.136735212502584593e-05 -1.474375070391704609e-03 -5.407341716009436174e-03 1.719022901316907825e-02 1.086537783699451608e-02 1.092369809248036790e-02 1.125721932383687632e-02 1.813972272849091738e-02
5.738759490282695913e-03 1.680862940127557815e-03 4.621936448474690129e-05 -1.637817015164826822e-03 -6.006492850761063589e-03 1.909990204617535367e-02 1.207084037690825049e-02 1.213693099745014221e-02 1.250895910145367364e-02 2.016209808472710363e-02
