0.000000000000000000e+00 0.000000000000000000e+00 0.000000000000000000e+00 0.000000000000000000e+00
4.734446056701978843e-03 -4.734446056702033487e-03 1.562794248093733740e-02 7.457398925165276485e-03
9.475946381537637270e-03 -9.475946381537677168e-03 3.130873511363554962e-02 1.486194769857002683e-02
1.422449732797346697e-02 -1.422449732797323799e-02 4.704324428185485685e-02 2.221277993645309756e-02
1.898009334586282099e-02 -1.898009334586264404e-02 6.283235579117567304e-02 2.950900983323526128e-02
2.374272683216273327e-02 -2.374272683216249388e-02 7.867697541521992410e-02 3.674973161529403176e-02
2.851238797385166612e-02 -2.851238797385167306e-02 9.457802945890757262e-02 4.393401897770909253e-02
3.328906458309032618e-02 -3.328906458309001393e-02 1.105364653392151009e-01 5.106092450350404460e-02
3.807274192474367769e-02 -3.807274192474333768e-02 1.265532521838950153e-01 5.812947906492665212e-02
4.286340253649836840e-02 -4.286340253649807697e-02 1.426293814486396805e-01 6.513869120628472398e-02
4.766102604190607800e-02 -4.766102604190573105e-02 1.587658675531533059e-01 7.208754650787378704e-02
