0.000000000000000000e+00 0.000000000000000000e+00 0.000000000000000000e+00 0.000000000000000000e+00
2.519429896544171806e-04 -8.647032248564249070e-04 5.892831773743719337e-04 2.909061941734005560e-03
5.037823311919133401e-04 -1.728568706683672072e-03 1.178438318391580213e-03 5.819852207640179714e-03
7.555180291308756079e-04 -2.591595065318860920e-03 1.767465270211986432e-03 8.732372844610473972e-03
1.007150087918255851e-03 -3.453780917098524771e-03 2.356363879692071998e-03 1.164662590498545362e-02
1.258678511929035891e-03 -4.315124874843080834e-03 2.945133993383750211e-03 1.456261344670766594e-02
1.510103305465124168e-03 -5.175625547839884238e-03 3.533775457531336452e-03 1.748033753335396720e-02
1.761424472755666361e-03 -6.035281541825567898e-03 4.122288118070644401e-03 2.039980023416880159e-02
2.012642017955924758e-03 -6.894091458968528742e-03 4.710671820627513467e-03 2.332100362409690944e-02
2.263755945147137311e-03 -7.752053897850845823e-03 5.298926410515225789e-03 2.624394978381719423e-02
2.514766258335532963e-03 -8.609167453450573132e-03 5.887051732734434675e-03 2.916864079977560253e-02
