0.000000000000000000e+00 0.000000000000000000e+00 0.000000000000000000e+00 0.000000000000000000e+00 0.000000000000000000e+00 0.000000000000000000e+00
2.703247126798359774e-03 -2.268122238480391271e-05 -2.680565904413451019e-03 6.956152926033690870e-03 1.023322369134238921e-02 6.866384747544520759e-03
5.408494721224652718e-03 -4.566953268810144614e-05 -5.362825188536557777e-03 1.391331272123469583e-02 2.046547740870129778e-02 1.373273259990493225e-02
8.115747164108941258e-03 -6.896992382658087735e-05 -8.046777240282307689e-03 2.087148957288716133e-02 3.069675867840975306e-02 2.059903584346423414e-02
1.082500883696366732e-02 -9.258748676965701183e-05 -1.073242135019396824e-02 2.783069383799409782e-02 4.092706508992314390e-02 2.746528653176432549e-02
1.353628412065066566e-02 -1.165274124887436327e-04 -1.341975670816194892e-02 3.479093604719588756e-02 5.115639429873508615e-02 3.433147647867102609e-02
1.624957739399455689e-02 -1.407949939385266108e-04 -1.610878240005622630e-02 4.175222690881254944e-02 6.138474402937761643e-02 4.119759725133231160e-02
1.896489303234454721e-02 -1.653956280714199978e-04 -1.879949740427300925e-02 4.871457731301546967e-02 7.161211207850676219e-02 4.806364016292051511e-02
2.168223540608095121e-02 -1.903348178843482577e-04 -2.149190058819671484e-02 5.567799833613823468e-02 8.183849631807295355e-02 5.492959626515224458e-02
2.440160887906784801e-02 -2.156181744988813764e-04 -2.418599070456910888e-02 6.264250124512653339e-02 9.206389469857620411e-02 6.179545634058054848e-02
2.712301780704900328e-02 -2.412514192758922690e-04 -2.688176638777312055e-02 6.960809750214207170e-02 1.022883052524135167e-01 6.866121089464843896e-02
