0.000000000000000000e+00 0.000000000000000000e+00 0.000000000000000000e+00 0.000000000000000000e+00
5.843508114015831577e-04 -4.618825766260964199e-04 1.365832710486906488e-03 9.087735580954186014e-04
1.168610693581414572e-03 -9.236783420920604507e-04 2.731590711538838586e-03 1.817411176522735778e-03
1.752779704182872702e-03 -1.385387303022416481e-03 4.097273660010167413e-03 2.725912686713672078e-03
2.336857900990176474e-03 -1.847009466044980102e-03 5.462881212258110554e-03 3.634277919975094362e-03
2.920845341932658441e-03 -2.308544837791846362e-03 6.828413024150245363e-03 4.542506707491688472e-03
3.504742085085371401e-03 -2.769993424900194564e-03 8.193868751065156233e-03 5.450598880326854023e-03
4.088548188668679646e-03 -3.231355234011137716e-03 9.559248047890919753e-03 6.358554269420870798e-03
4.672263711048472989e-03 -3.692630271770823425e-03 1.092455056902351396e-02 7.266372705592545438e-03
5.255888710736461231e-03 -4.153818544829495849e-03 1.228977596836767182e-02 8.174054019538912197e-03
5.839423246390010661e-03 -4.614920059841780622e-03 1.365492389933462523e-02 9.081598041831060938e-03
