0.000000000000000000e+00 0.000000000000000000e+00 0.000000000000000000e+00 0.000000000000000000e+00 0.000000000000000000e+00 0.000000000000000000e+00 0.000000000000000000e+00 0.000000000000000000e+00 0.000000000000000000e+00 0.000000000000000000e+00
1.633662747632920551e-03 4.895085023382941608e-04 1.115747692176382883e-05 -6.430142075267711787e-04 -1.491314520261580222e-03 4.521060007249453130e-03 5.474161550231734265e-03 5.397367554950048725e-03 5.044236417105275351e-03 3.716952254104247122e-03
3.267564091436318298e-03 9.787590764938035315e-04 2.244258478588455168e-05 -1.286138802892741479e-03 -2.982626950757285775e-03 9.043341919534828369e-03 1.094809358682058767e-02 1.079428931557960963e-02 1.008801178615211652e-02 7.433818950373607959e-03
4.901704189347903459e-03 1.467751451851406330e-03 3.385590056508491416e-05 -1.929374829318620697e-03 -4.473936713419706529e-03 1.356684737812656125e-02 1.642179602658280085e-02 1.619076450659220207e-02 1.513132622515572789e-02 1.115059919681772767e-02
6.536083192165888928e-03 1.956485353062367098e-03 4.539800472471095319e-05 -2.572723330840944768e-03 -5.965243220126916109e-03 1.809157801341930785e-02 2.189526880014813770e-02 2.158679235224503917e-02 2.017417985706012468e-02 1.486729208521176022e-02
8.170701244376856257e-03 2.444960500557282618e-03 5.706948023200550738e-05 -3.216185350667733877e-03 -7.456545875555566603e-03 2.261753544793593251e-02 2.736851185197170314e-02 2.698237207617979957e-02 2.521657281151297100e-02 1.858389669528804147e-02
9.805558483981112808e-03 2.933176610375242983e-03 6.887091252422931215e-05 -3.859761930813554887e-03 -8.947844077167949051e-03 2.714472129593428415e-02 3.284152514076599250e-02 3.237750290157980632e-02 3.025850522483200869e-02 2.230041209457536699e-02
1.144065504231792617e-02 3.421133393985768736e-03 8.080288947555336852e-05 -4.503454111723369756e-03 -1.043913721520140468e-02 3.167313716300316356e-02 3.831430863994059188e-02 3.777218405133221657e-02 3.529997723996786824e-02 2.601683733823677638e-02
1.307599104388905420e-02 3.908830558103463040e-03 9.286600136104478272e-05 -5.147262931884718368e-03 -1.193042467266084219e-02 3.620278464564938292e-02 4.378686233805065275e-02 4.316641474819693514e-02 4.034098900646170688e-02 2.973317146890983725e-02
1.471156660618224560e-02 4.396267804497121408e-03 1.050608408202566551e-04 -5.791189427425681192e-03 -1.342170582531337919e-02 4.073366533087319219e-02 4.925918623925575057e-02 4.856019421498150579e-02 4.538154068039779165e-02 3.344941351654252826e-02
1.634738183949304563e-02 4.883444829790235461e-03 1.173880028185175090e-04 -6.435234631703117512e-03 -1.491298004168718251e-02 4.526578079573687768e-02 5.473128036378806238e-02 5.395352167472301785e-02 5.042163242434792580e-02 3.716556249823165653e-02
