0.000000000000000000e+00 0.000000000000000000e+00 0.000000000000000000e+00 0.000000000000000000e+00
4.216345213412554804e-03 -4.216345213412583427e-03 8.847597036922453390e-03 1.139030277120368223e-02
8.438146844684402820e-03 -8.438146844684357717e-03 1.769161439180544013e-02 2.278418522444701846e-02
1.266541846305675734e-02 -1.266541846305679550e-02 2.653204247194564103e-02 3.418165695243292196e-02
1.689817370171180569e-02 -1.689817370171178834e-02 3.536887161797001855e-02 4.558272761453437127e-02
2.113642625987604412e-02 -2.113642625987598861e-02 4.420209210348459428e-02 5.698740693714611505e-02
2.538018990555261645e-02 -2.538018990555261992e-02 5.303169413469623061e-02 6.839570471406085372e-02
2.962947847895307241e-02 -2.962947847895315567e-02 6.185766785001690221e-02 7.980763080686609223e-02
3.388430589670320819e-02 -3.388430589670327064e-02 7.068000331964620353e-02 9.122319514536300633e-02
3.814468615690492365e-02 -3.814468615690495834e-02 7.949869054513794553e-02 1.026424077279972785e-01
4.241063334514212635e-02 -4.241063334514214023e-02 8.831371945895973019e-02 1.140652786223015219e-01
