0.000000000000000000e+00 0.000000000000000000e+00 0.000000000000000000e+00 0.000000000000000000e+00
1.529515636826576236e-02 -1.529515636826567042e-02 1.238773808474974772e-02 1.129495460013966654e-02
2.931038726974708949e-02 -2.931038726974845993e-02 2.477515087308765004e-02 2.259023449670450462e-02
4.003812364392576872e-02 -4.003812364398039170e-02 3.716104014994990601e-02 3.388703790467056942e-02
4.431016424997780839e-02 -4.431016425059583486e-02 4.954215426806904410e-02 4.518861647082109134e-02
4.006878107908627001e-02 -4.006878108280058359e-02 6.191280008587798922e-02 5.650066333792627682e-02
2.890163314341698264e-02 -2.890163314341462342e-02 7.426475673898200180e-02 6.783139937034762812e-02
1.377205144231227751e-02 -1.377205144233913103e-02 8.658925919350266009e-02 7.918958960073822773e-02
-3.232482560824015763e-03 3.232482560809185612e-03 9.889461369762958531e-02 9.056692778148404954e-02
-2.085049714335835552e-02 2.085049714338710336e-02 1.112011450320805339e-01 1.019430891319092480e-01
-3.840650027353361556e-02 3.840650027351527607e-02 1.235188781643160594e-01 1.133080486845770007e-01
