0.000000000000000000e+00 0.000000000000000000e+00 0.000000000000000000e+00 0.000000000000000000e+00 0.000000000000000000e+00 0.000000000000000000e+00
2.018627638549566790e-03 9.911716316634740231e-04 -3.009799270213032139e-03 3.458134876870497948e-03 9.439733444571524190e-03 7.237367422345741472e-03
4.037552800459191793e-03 1.984502190442544080e-03 -6.022054990901684265e-03 6.914661872629098219e-03 1.888004183585276913e-02 1.447576777909407274e-02
6.056775444184286927e-03 2.979996709823433485e-03 -9.036772154007617630e-03 1.036958364227415913e-02 2.832092096747008958e-02 2.171520262161891202e-02
8.076295515911144363e-03 3.977660196842652471e-03 -1.205395571275355744e-02 1.382290282920991750e-02 3.776236664364802237e-02 2.895567350229346498e-02
1.009611294961603595e-02 4.977497628159752510e-03 -1.507361057777554907e-02 1.727462206372318634e-02 4.720437468179111001e-02 3.619718197342484955e-02
1.211622766717698231e-02 5.979513945917277334e-03 -1.809574161309406015e-02 2.072474396141447961e-02 5.664694091517087637e-02 4.343972958614145813e-02
1.413663957853803985e-02 6.983714053380827777e-03 -2.112035363191857792e-02 2.417327112157850733e-02 6.609006119570887128e-02 5.068331788922793291e-02
1.615734858193098450e-02 7.990102810350386414e-03 -2.414745139228093029e-02 2.762020612553165236e-02 7.553373139687322158e-02 5.792794842789802945e-02
1.817835456415465775e-02 8.998685028334573593e-03 -2.717703959248874215e-02 3.106555153489171800e-02 8.497794741668987517e-02 6.517362274250942944e-02
2.019965740091544601e-02 1.000946546547880518e-02 -3.020912286639369781e-02 3.450930988979717534e-02 9.442270518087741982e-02 7.242034236720396034e-02
