0.000000000000000000e+00 0.000000000000000000e+00 0.000000000000000000e+00 0.000000000000000000e+00 0.000000000000000000e+00 0.000000000000000000e+00 0.000000000000000000e+00 0.000000000000000000e+00 0.000000000000000000e+00 0.000000000000000000e+00
5.563096516728592870e-04 1.225727877073460106e-04 2.016614257252130366e-05 -1.519319179286229024e-04 -5.093572204474025155e-04 1.912038059548179557e-03 1.066196249037765610e-03 1.023829130832366397e-03 1.028240615577697033e-03 1.659209601083476426e-03
1.112214492195823202e-03 2.450837864911888510e-04 4.037230501825440031e-05 -3.038201734809077006e-04 -1.018358572399305278e-03 3.824829021205154896e-03 2.132315008773414799e-03 2.047551994921436788e-03 2.056417020238831498e-03 3.318770355082707995e-03
1.667714162153397959e-03 3.675329874215635178e-04 6.061853813674070933e-05 -4.556647581336455361e-04 -1.527003879727751017e-03 5.738373378091007893e-03 3.198356244216047847e-03 3.071168557293570221e-03 3.084529206896904040e-03 4.978682123864578216e-03
2.222808301656092628e-03 4.899203815739761091e-04 8.090489280092620292e-05 -6.074656633414978997e-04 -2.035292966284346118e-03 7.652671623916375808e-03 4.264319920345399639e-03 4.094678782955371577e-03 4.112577168434822586e-03 6.638944768750852828e-03
2.777496550340051700e-03 6.122459600280358858e-04 1.012314199571566356e-04 -7.592228805365462815e-04 -2.543225655900898784e-03 9.567724252999820420e-03 5.330206002117446502e-03 5.118082636896393624e-03 5.140560897712079767e-03 8.299558150526556780e-03
3.331778547367062349e-03 7.345097138678359895e-04 1.215981706265481792e-04 -9.109364011282009618e-04 -3.050801772389467176e-03 1.148353176027010029e-02 6.396014454465273787e-03 6.141380084089785585e-03 6.168480387561818198e-03 9.960522129438263358e-03
3.885653931422388633e-03 8.567116341816810371e-04 1.420051959041974119e-04 -1.062606216503274087e-03 -3.558021139542314956e-03 1.340009464126705463e-02 7.461745242296626869e-03 7.164571089491671672e-03 7.196335630791971492e-03 1.162183656519204071e-02
4.439122340713622453e-03 9.788517120625714329e-04 1.624525469601434597e-04 -1.214232318025820290e-03 -4.064883581131792031e-03 1.531741339214569113e-02 8.527398330498658224e-03 8.187655618042483791e-03 8.224126620184714354e-03 1.328350131695289066e-02
4.992183412970134515e-03 1.100929938607359861e-03 1.829402750390514366e-04 -1.365814697036682847e-03 -4.571388920910721826e-03 1.723548850967499685e-02 9.592973683931917475e-03 9.210633634664773181e-03 9.251853348496362830e-03 1.494551624334403486e-02
5.544836785441267617e-03 1.222946304917512609e-03 2.034684314604934426e-04 -1.517353344853887348e-03 -5.077536982612057374e-03 1.915432049124069294e-02 1.065847126743505770e-02 1.023350510426516112e-02 1.027951580845802397e-02 1.660788120244395191e-02
