0.000000000000000000e+00 0.000000000000000000e+00 0.000000000000000000e+00 0.000000000000000000e+00
1.378624408750921300e-02 -1.378624408750895800e-02 1.532627724760511449e-02 1.301636965693690751e-02
2.719348904346962498e-02 -2.719348904346936130e-02 3.064742530601027859e-02 2.603786850307498665e-02
3.928535781034528385e-02 -3.928535781034913493e-02 4.596078787332701782e-02 3.906715284030640167e-02
4.818384343259959207e-02 -4.818384343282231669e-02 6.126102614128060148e-02 5.210956147665449928e-02
5.114973628187997889e-02 -5.114973629010761969e-02 7.653901855111577834e-02 6.517421596816347362e-02
4.663895300300894414e-02 -4.663895300300742452e-02 9.178233956836907848e-02 7.827354185888375782e-02
3.597276060576763690e-02 -3.597276060679643894e-02 1.069736647913436395e-01 9.142486354073994792e-02
2.150292633166573167e-02 -2.150292633166350775e-02 1.221143348876411738e-01 1.046268403486957377e-01
5.261304924343512823e-03 -5.261304930341770270e-03 1.372433506145996074e-01 1.178404715388917390e-01
-1.146539462932251452e-02 1.146539463595000474e-02 1.523850428390744194e-01 1.310414262162120091e-01
