0.000000000000000000e+00 0.000000000000000000e+00 0.000000000000000000e+00 0.000000000000000000e+00 0.000000000000000000e+00 0.000000000000000000e+00 0.000000000000000000e+00 0.000000000000000000e+00
6.823214336755395459e-04 2.238027030182025787e-03 -1.938093294290574873e-03 -9.822551695669494778e-04 2.079300387292096035e-03 1.031890117458164960e-02 9.265508544304744062e-03 3.146308397104562345e-03
1.357469257122641357e-03 4.485706012696843471e-03 -3.883729150530310700e-03 -1.959446119289182369e-03 4.154846489487074371e-03 2.064072294041753922e-02 1.853541671960548184e-02 6.289050857056034671e-03
2.025330305834913917e-03 6.743104727804004328e-03 -5.836959611347081536e-03 -2.931475422291727421e-03 6.226594447790994614e-03 3.096549558131496058e-02 2.780978070731102147e-02 9.428184773432227161e-03
2.685788948389097441e-03 9.010291527864353056e-03 -7.797836940936195976e-03 -3.898243535317027705e-03 8.294499452132630263e-03 4.129325012167591596e-02 3.708865773153283141e-02 1.256366670779048879e-02
3.338727006886768600e-03 1.128733534358645693e-02 -9.766413611305691661e-03 -4.859648739167417644e-03 1.035851570945211554e-02 5.162401834813806073e-02 4.637210609269745709e-02 1.569545236612785583e-02
3.984023673576536292e-03 1.357430569124187109e-02 -1.174274228796896337e-02 -5.815587076849254924e-03 1.241859641041887646e-02 6.195783283171379247e-02 5.566018520315543783e-02 1.882349657441054203e-02
4.621555423398962005e-03 1.587127268102334066e-02 -1.372687581512743206e-02 -6.765952289294664170e-03 1.447469369446597286e-02 7.229472695042034325e-02 6.495295562496311570e-02 2.194775325313213024e-02
5.251195922176263471e-03 1.817830702674594692e-02 -1.571886720039533669e-02 -7.710635748526558850e-03 1.652675861302126473e-02 8.263473491236909829e-02 7.425047911003690437e-02 2.506817539083718363e-02
5.872815930137795758e-03 2.049548005711513202e-02 -1.771876959913403632e-02 -8.649526388118722320e-03 1.857474109080661101e-02 9.297789177928356130e-02 8.355281864290191318e-02 2.818471501655556502e-02
6.486283200450827617e-03 2.282286372880877601e-02 -1.972663629847195427e-02 -9.582510630787341444e-03 2.061858988505500118e-02 1.033242334904046350e-01 9.286003848629002799e-02 3.129732317108137318e-02
