0.000000000000000000e+00 0.000000000000000000e+00 0.000000000000000000e+00 0.000000000000000000e+00 0.000000000000000000e+00 0.000000000000000000e+00 0.000000000000000000e+00 0.000000000000000000e+00 0.000000000000000000e+00 0.000000000000000000e+00
1.058888114021553934e-03 -1.491552482621580551e-04 6.321045531520883476e-05 7.124628022646357700e-05 -1.044189599853292526e-03 4.331317796245931495e-03 4.153806211019821747e-03 4.949893557479828274e-03 3.946561531837653250e-03 4.420609839991014069e-03
2.118623350903486423e-03 -2.992507536987803985e-04 1.265886593066922099e-04 1.432611605282791420e-04 -2.089222415575370077e-03 8.662137475492201477e-03 8.307941349652892687e-03 9.900078304819388136e-03 7.893524993093158776e-03 8.840695744352235208e-03
3.179209983534681764e-03 -4.502919938822221978e-04 1.901348149493848911e-04 2.160499007941067912e-04 -3.135102703915828692e-03 1.299245490419039320e-02 1.246240944311209284e-02 1.485055396574798924e-02 1.184089551124996309e-02 1.326025297393462060e-02
4.240652314168503849e-03 -6.022844895132006132e-04 2.538491189782560685e-04 2.896178080210619950e-04 -4.181834750158954644e-03 1.732226591771495600e-02 1.661721454735974601e-02 1.980132025880852048e-02 1.578867824920878252e-02 1.767927675595799483e-02
5.302954675650281731e-03 -7.552338051156673969e-04 3.177317626631838247e-04 3.639702367549324177e-04 -5.229422868442300774e-03 2.165156632214411056e-02 2.077236074913936525e-02 2.475237689647872760e-02 1.973687840668536531e-02 2.209776228540677456e-02
6.366121431643793384e-03 -9.091455494944441790e-04 3.817829316547158292e-04 4.391125896690667961e-04 -6.277871401948607183e-03 2.598035189392549835e-02 2.492785216635576978e-02 2.970372358507123930e-02 2.368550122059677812e-02 2.651570472469972489e-02
7.430156976856843072e-03 -1.064025376199680042e-03 4.460028058270292667e-04 5.150503181523685692e-04 -7.327184723098393269e-03 3.030861837953593291e-02 2.908369294846184852e-02 3.465536002463184828e-02 2.763455196545108739e-02 3.093309920335060234e-02
8.495065737271474335e-03 -1.219878983998450191e-03 5.103915591161997493e-04 5.917889229061249964e-04 -8.377367233744235919e-03 3.463636149514115470e-02 3.323988727685248112e-02 3.960728590883819816e-02 3.158403595374330991e-02 3.534994081762741353e-02
9.560852170373878092e-03 -1.376712117353658246e-03 5.749493593559138957e-04 6.693339545507550996e-04 -9.428423365363730602e-03 3.896357692624465019e-02 3.739643936526174106e-02 4.455950092489432274e-02 3.553395853635501339e-02 3.976622463020619558e-02
1.062752076538723417e-02 -1.534530566909182887e-03 6.396763681097610357e-04 7.476910142411360288e-04 -1.048035757925465210e-02 4.329026032733517687e-02 4.155335346016762049e-02 4.951200475342604906e-02 3.948432510295946801e-02 4.418194566982135835e-02
