0.000000000000000000e+00 0.000000000000000000e+00 0.000000000000000000e+00 0.000000000000000000e+00 0.000000000000000000e+00 0.000000000000000000e+00 0.000000000000000000e+00 0.000000000000000000e+00 0.000000000000000000e+00 0.000000000000000000e+00
1.485133754829174018e-03 -5.148874791713772782e-04 -4.136826017828057847e-04 7.773456566934713353e-04 -1.333909332439033426e-03 4.241910120983120869e-03 6.762235495269165210e-03 2.625894579133938433e-03 5.507538751677841689e-03 3.807211113149905693e-03
2.971785473042888506e-03 -1.031696923838181000e-03 -8.279438507380529593e-04 1.557055395381611897e-03 -2.669200095768741073e-03 8.483071216799874942e-03 1.352559456425772404e-02 5.251265397699579618e-03 1.101572153623955365e-02 7.613927392289583998e-03
4.459962806769262114e-03 -1.550438438802786544e-03 -1.242785377480715679e-03 2.339139825156501349e-03 -4.005878817614922857e-03 1.272348100996049600e-02 2.029007911965708538e-02 7.876112925504248977e-03 1.652454982932813343e-02 1.142014726988906451e-02
5.949673457229158989e-03 -2.071122194244205249e-03 -1.658208821798621332e-03 3.123609629708568123e-03 -5.343952072922375507e-03 1.696313719591619612e-02 2.705569109504662312e-02 1.050043762317715360e-02 2.203402512178670447e-02 1.522586916544592210e-02
7.440925176252703548e-03 -2.593758430343247410e-03 -2.074215832871686895e-03 3.910475569330755345e-03 -6.683426484453552051e-03 2.120203744854564504e-02 3.382243244762144635e-02 1.312423994311929729e-02 2.754414892047072835e-02 1.903109148862756894e-02
8.933725766236876031e-03 -3.118357457342998094e-03 -2.490808069307119677e-03 4.699748481366646316e-03 -8.024308723098909704e-03 2.544017941968367350e-02 4.059030515867851491e-02 1.574752032937282512e-02 3.305492274850810319e-02 2.283581263913251821e-02
1.042808308008798777e-02 -3.644929655587598408e-03 -2.907987199175555287e-03 5.491439280649956269e-03 -9.366605508184123324e-03 2.967756073863248370e-02 4.735931123411368099e-02 1.837027921748924861e-02 3.856634814556490071e-02 2.664003100654485645e-02
1.192400502114915502e-02 -4.173485475538937436e-03 -3.325754900045441165e-03 6.285558959934892977e-03 -1.071032360777608022e-02 3.391417901165970361e-02 5.412945270493307176e-02 2.099251703439624153e-02 4.407842666811599697e-02 3.044374497018713030e-02
1.342149954311079585e-02 -4.704035437772088185e-03 -3.744112859018491717e-03 7.082118590317644687e-03 -1.205546983898506119e-02 3.815003182148238997e-02 6.090073162777847465e-02 2.361423419826366721e-02 4.959115988972440103e-02 3.424695289896689809e-02
1.492057464990540275e-02 -5.236590132946554108e-03 -4.163062772763081315e-03 7.881129321647133146e-03 -1.340205106826457271e-02 4.238511672673566516e-02 6.767315008546639921e-02 2.623543111836760394e-02 5.510454940132349100e-02 3.804965315122281477e-02
