0.000000000000000000e+00 0.000000000000000000e+00 0.000000000000000000e+00 0.000000000000000000e+00 0.000000000000000000e+00 0.000000000000000000e+00 0.000000000000000000e+00 0.000000000000000000e+00 0.000000000000000000e+00 0.000000000000000000e+00
1.476739943662997052e-03 -2.579171457299089657e-04 2.266675102698974655e-04 -3.055199876596579158e-05 -1.414938309437131867e-03 2.624854388937078106e-03 7.239493798933460678e-03 4.736975165607878145e-03 8.535219221513764068e-03 1.937461425546765925e-03
2.954293665242627241e-03 -5.172190145809595638e-04 4.536303434817038054e-04 -6.079069477458488857e-05 -2.829914299368810771e-03 5.248445773635030190e-03 1.448019886349482047e-02 9.473797059441183693e-03 1.707198009983880785e-02 3.873586204667747203e-03
4.432663051103127687e-03 -7.779125065550114397e-04 6.808896581038197636e-04 -9.071341631190776855e-05 -4.244926786340078549e-03 7.870772501916922792e-03 2.172211361683039008e-02 1.421047279824439770e-02 2.561027837420329356e-02 5.808374710421528725e-03
5.911849987740271789e-03 -1.040004587141070544e-03 9.084465927307523204e-04 -1.203174263348803699e-04 -5.659974566995123503e-03 1.049183291200945535e-02 2.896523646153096113e-02 1.894700955780405718e-02 3.415010974834623014e-02 7.741827322464790717e-03
7.391856361464208859e-03 -1.303502288355700865e-03 1.136302264702750446e-03 -1.495999201927972200e-04 -7.075056417618439536e-03 1.311162533241560547e-02 3.620956577932026021e-02 2.368341457342192785e-02 4.269146989020926319e-02 9.673944427327170470e-03
8.872684058074120639e-03 -1.568412709802253363e-03 1.364457768679085137e-03 -1.785580232907973443e-04 -8.490171093660296014e-03 1.573014808178911650e-02 4.345509993074313237e-02 2.841969514036375016e-02 5.123435443164229414e-02 1.160472641869472743e-02
1.035433496252524330e-02 -1.834743019744059910e-03 1.592914175166277712e-03 -2.071887886990024519e-04 -9.905317329248829877e-03 1.834739946880944300e-02 5.070183725485328391e-02 3.315585861428464731e-02 5.977875896813032719e-02 1.353417369769418024e-02
1.183681095858890586e-02 -2.102500456194377615e-03 1.821672529000424937e-03 -2.354891947082124112e-04 -1.132049383668676246e-02 2.096337779205796267e-02 5.794977606889878397e-02 3.789191241162762069e-02 6.832467905853820134e-02 1.546228667318814282e-02
1.332011392850335034e-02 -2.371692328020225463e-03 2.050733847782231032e-03 -2.634561423337329275e-04 -1.273569930593187322e-02 2.357808133989480054e-02 6.519891466801130964e-02 4.262786400999189068e-02 7.687211022488089907e-02 1.738906576207036730e-02
1.480424575261962521e-02 -2.642326016060862238e-03 2.280099120268769611e-03 -2.910864527685052758e-04 -1.415093240405920251e-02 2.619150839033916947e-02 7.244925132489239694e-02 4.736372094846978686e-02 8.542104795211802326e-02 1.931451138956913338e-02
