0.000000000000000000e+00 0.000000000000000000e+00 0.000000000000000000e+00 0.000000000000000000e+00 0.000000000000000000e+00 0.000000000000000000e+00 0.000000000000000000e+00 0.000000000000000000e+00 0.000000000000000000e+00 0.000000000000000000e+00
6.662547894978810463e-04 9.797997851362628095e-04 7.215595244473978166e-04 -4.218889708001538445e-05 -2.325425202001478800e-03 8.952672096784653919e-04 2.695769996943087748e-03 5.252238459763223372e-03 7.594832786826920604e-03 7.029453117687072504e-03
1.322863175125666216e-03 1.964078905127245034e-03 1.451051212748595727e-03 -7.770260695113303910e-05 -4.660290686050309536e-03 1.756285318317294189e-03 5.364335279851115829e-03 1.050358471808765862e-02 1.521577655393540132e-02 1.409514127160560633e-02
1.969683171702556104e-03 2.952885476903058855e-03 2.188584681555537197e-03 -1.064314826501363675e-04 -7.004721847510977407e-03 2.582573135111136588e-03 8.005319378164059418e-03 1.575402334519536429e-02 2.286319495871823315e-02 2.119757389550607982e-02
2.606570099744650801e-03 3.946268135321694126e-03 2.934271511576448319e-03 -1.282635322502857170e-04 -9.358846214392424478e-03 3.373640845553946537e-03 1.061833888940109764e-02 2.100353847206846286e-02 3.053745825910567438e-02 2.833726981746487183e-02
3.233376521680457558e-03 4.944276036402074984e-03 3.688225290684024864e-03 -1.430843589244987658e-04 -1.172279348984187411e-02 4.128989820457542627e-03 1.320300332044381519e-02 2.625211377638143884e-02 3.823894346312041448e-02 3.551475747408838757e-02
3.849952176266496426e-03 5.946958860396903482e-03 4.450561658130456830e-03 -1.507770992740260080e-04 -1.409669559551959828e-02 4.848112419961699004e-03 1.575891492450286896e-02 3.149973246792717174e-02 4.596803448248161506e-02 4.273057513051661122e-02
4.456143911145347622e-03 6.954366814692365673e-03 5.221398349898258295e-03 -1.512223598673836239e-04 -1.648068671586830000e-02 5.530491792378116472e-03 1.828566853362177669e-02 3.674637727350708871e-02 5.372512229038497317e-02 4.998527110639634091e-02
5.051795613485126832e-03 7.966550636517272244e-03 6.000855245222124976e-03 -1.442981519341125958e-04 -1.887490334328997821e-02 6.175601667720574325e-03 2.078285138658474834e-02 4.199203042127089280e-02 6.151060508358738299e-02 5.727940400802321308e-02
5.636748138635649420e-03 8.983561595450328952e-03 6.789054414313785632e-03 -1.298798241565015700e-04 -2.127948432424292546e-02 6.782906145756995887e-03 2.325004295208258145e-02 4.723667362447469403e-02 6.932488844893158753e-02 6.461354296683928522e-02
6.210839236740319305e-03 1.000545149570552551e-02 7.586120167325287322e-03 -1.078399935000389463e-04 -2.369457090627082735e-02 7.351859478415902031e-03 2.568681474698158648e-02 5.248028806463998774e-02 7.716838553445561077e-02 7.198826788449051717e-02
