0.000000000000000000e+00 0.000000000000000000e+00 0.000000000000000000e+00 0.000000000000000000e+00 0.000000000000000000e+00 0.000000000000000000e+00 0.000000000000000000e+00 0.000000000000000000e+00
4.027186525753594071e-04 8.920252328978338970e-05 -6.337246755549410680e-05 -7.916040481531393591e-04 1.011835519856950014e-03 1.174936071593212818e-03 1.333011767891802493e-03 2.996529543249117078e-03
8.052601460108617382e-04 1.782879528888102656e-04 -1.269027300511933254e-04 -1.582291850780677888e-03 2.023581894894776328e-03 2.349845793674438382e-03 2.665663853023416199e-03 5.995318594717968796e-03
1.207624465862165708e-03 2.672561649137108922e-04 -1.905912498791151397e-04 -2.372061408466630272e-03 3.035238776611762310e-03 3.524729140170794559e-03 3.997955733868959610e-03 8.996371125680236586e-03
1.609811597546544201e-03 3.561070349561618097e-04 -2.544384911843999082e-04 -3.160910714910737662e-03 4.046805815566422229e-03 4.699586084744599747e-03 5.329886887088707004e-03 1.199969112111432847e-02
2.011821526341537204e-03 4.448404380762032459e-04 -3.184449198885036156e-04 -3.948837756884994096e-03 5.058282661375092595e-03 5.874416600793851660e-03 6.661456787518633266e-03 1.500528257993198264e-02
2.413654237383491656e-03 5.334562487981477433e-04 -3.826110037007737774e-04 -4.735840514197561107e-03 6.069668962706093081e-03 7.049220661452399068e-03 7.992664908156175280e-03 1.801314951506527429e-02
2.815309715666144182e-03 6.219543411076382039e-04 -4.469372121306156519e-04 -5.521916959652784299e-03 7.080964367272987552e-03 8.223998239586499670e-03 9.323510720147788755e-03 2.102329595355194661e-02
3.216787946039197967e-03 7.103345884470242547e-04 -5.114240164991035306e-04 -6.307065059014132710e-03 8.092168521830521780e-03 9.398749307793701629e-03 1.065399369277400532e-02 2.403572593662305773e-02
3.618088913207256115e-03 7.985968637119537873e-04 -5.760718899512253920e-04 -7.091282770964125841e-03 9.103281072167694957e-03 1.057347383840060405e-02 1.198411329343766589e-02 2.705044351979144987e-02
4.019212601727750397e-03 8.867410392467879208e-04 -6.408813074678677271e-04 -7.874568047066071719e-03 1.011430166310318783e-02 1.174817180346134429e-02 1.331386898764848684e-02 3.006745277294168781e-02
