0.000000000000000000e+00 0.000000000000000000e+00 0.000000000000000000e+00 0.000000000000000000e+00
6.250146870519153117e-03 -6.250146870519172199e-03 7.369800936423673982e-03 1.692713242794690112e-02
1.251314044646498723e-02 -1.251314044646494039e-02 1.473914460371632089e-02 3.385472212502493861e-02
1.878904714130891218e-02 -1.878904714130893647e-02 2.210807494259727640e-02 5.078272515051438646e-02
2.507793361510548755e-02 -2.507793361510547367e-02 2.947663632140028883e-02 6.771109713608192138e-02
3.137986676720797008e-02 -3.137986676720803253e-02 3.684487354493447275e-02 8.463979327691800725e-02
3.769491373469131823e-02 -3.769491373469131823e-02 4.421283186248040065e-02 1.015687683237428557e-01
4.402314189791200344e-02 -4.402314189791209365e-02 5.158055697494928760e-02 1.184979765756444953e-01
5.036461889488255683e-02 -5.036461889488261234e-02 5.894809504127285910e-02 1.354273718736913323e-01
5.671941264642776925e-02 -5.671941264642772762e-02 6.631549268411893183e-02 1.523569075952158347e-01
6.308759139443537167e-02 -6.308759139443534392e-02 7.368279699507321312e-02 1.692865366486320522e-01
