0.000000000000000000e+00 0.000000000000000000e+00 0.000000000000000000e+00 0.000000000000000000e+00
1.010144183809045734e-02 -1.010144183809013468e-02 1.177920645530741370e-02 1.329124133964824234e-02
2.028465725173893286e-02 -2.028465725173832224e-02 2.355971491910616514e-02 2.658118067080490407e-02
3.055143383047958031e-02 -3.055143383047875111e-02 3.534157330542703201e-02 3.986977007943987017e-02
4.090362443638945883e-02 -4.090362443638822371e-02 4.712483129710802465e-02 5.315695988271435662e-02
5.134315016953253097e-02 -5.134315016953106686e-02 5.890954043361172621e-02 6.644269854116632845e-02
6.187200341710478307e-02 -6.187200341710293039e-02 7.069575419976484310e-02 7.972693256996893352e-02
7.249225095986873424e-02 -7.249225095986638889e-02 8.248352811363186821e-02 9.300960645105717239e-02
8.320603709636636980e-02 -8.320603709636381629e-02 9.427291981085200723e-02 1.062906625487930884e-01
9.401558672713582199e-02 -9.401558672713292153e-02 1.060639891214818636e-01 1.195700410331186070e-01
1.049232083156172862e-01 -1.049232083156140666e-01 1.178567981335119641e-01 1.328476798160441452e-01
