0.000000000000000000e+00 0.000000000000000000e+00 0.000000000000000000e+00 0.000000000000000000e+00 0.000000000000000000e+00 0.000000000000000000e+00
3.412394112130188398e-03 2.548983111955302125e-04 -3.667292423325789735e-03 6.237296601033652348e-03 1.318615500632699770e-02 7.355546855067485700e-03
6.826919054098063572e-03 5.105257547180328155e-04 -7.337444808816028299e-03 1.247262893619228118e-02 2.637527246530285696e-02 1.471009552336115418e-02
1.024357848489132299e-02 7.668830860830855344e-04 -1.101046157097422366e-02 1.870600270823169139e-02 3.956734222144980134e-02 2.206365045760328575e-02
1.366237600078735147e-02 1.023970957596391203e-03 -1.468634695838355597e-02 2.493742362123380768e-02 5.276235411088928823e-02 2.941621611758952690e-02
1.708331512877045086e-02 1.281789909307159275e-03 -1.836510503807740544e-02 3.116689737134421129e-02 6.596029797945629491e-02 3.676779696134029746e-02
2.050639931966528537e-02 1.540340359357156297e-03 -2.204673967902205656e-02 3.739442963683611842e-02 7.916116370221515375e-02 4.411839743551791704e-02
2.393163194097074412e-02 1.799622593703800819e-03 -2.573125453467429991e-02 4.362002606747127781e-02 9.236494120446030187e-02 5.146802196506579385e-02
2.735901626938385539e-02 2.059636755195176465e-03 -2.941865302457855741e-02 4.984369227311875872e-02 1.055716204842876010e-01 5.881667494201917035e-02
3.078855548299629097e-02 2.320382831974505088e-03 -3.310893831497022793e-02 5.606543381159639905e-02 1.187811916368256004e-01 6.616436071343155534e-02
3.422025265315097736e-02 2.581860645199715761e-03 -3.680211329835021694e-02 6.228525617569634354e-02 1.319936448802158657e-01 7.351108356836953683e-02
