0.000000000000000000e+00 0.000000000000000000e+00 0.000000000000000000e+00 0.000000000000000000e+00 0.000000000000000000e+00 0.000000000000000000e+00 0.000000000000000000e+00 0.000000000000000000e+00
3.634914415995192877e-04 1.631285064470540131e-04 -2.072154935920753551e-05 -7.963115369730382588e-04 1.184726522635771561e-03 8.901639871861679026e-04 1.467043607317092789e-03 2.757172336332843528e-03
7.266532617030431983e-04 3.261448661033510390e-04 -4.140353106361371497e-05 -1.591887091745843074e-03 2.369237063871360190e-03 1.780054234371227385e-03 2.934033468146912682e-03 5.516194370470326597e-03
1.089485462203980447e-03 4.890488964449080621e-04 -6.204598604817359306e-05 -2.386725338908508593e-03 3.553531005891179869e-03 2.669670561519984445e-03 4.400969428231761051e-03 8.277068159590120905e-03
1.451988045004604187e-03 6.518404145367501885e-04 -8.264895533285882652e-05 -3.180824950121984192e-03 4.737607729660498271e-03 3.559012788266975418e-03 5.867851332812718673e-03 1.103979576467855987e-02
1.814161012014442074e-03 8.145192370275699742e-04 -1.032124800200114788e-04 -3.974184594112847857e-03 5.921466614910705049e-03 4.448080733919577978e-03 7.334679026636072019e-03 1.380437925061596231e-02
2.176004365149464964e-03 9.770851801481732213e-04 -1.237366012951565382e-04 -4.766802936662105188e-03 7.105107040137016369e-03 5.336874217454510259e-03 8.801452353952493590e-03 1.657082068619405643e-02
2.537518106331321244e-03 1.139538059709951229e-03 -1.442213604265477794e-04 -5.558678640595712817e-03 8.288528382591090621e-03 6.225393057519175259e-03 1.026817115851424468e-02 1.933912214412856351e-02
2.898702237486198638e-03 1.301877691102712280e-03 -1.646667987662357973e-04 -6.349810365772382871e-03 9.471730018277059807e-03 7.113637072427352222e-03 1.173483528357366010e-02 2.210928570107809077e-02
3.259556760544501768e-03 1.464103889293183166e-03 -1.850729577493114106e-04 -7.140196769073944849e-03 1.065471132194342578e-02 8.001606080159156739e-03 1.320144457188081669e-02 2.488131343765600037e-02
3.620081677438976697e-03 1.626216468823386352e-03 -2.054398788951763597e-04 -7.929836504394082927e-03 1.183747166707899146e-02 8.889299898359603533e-03 1.466799886568155402e-02 2.765520743844811224e-02
