0.000000000000000000e+00 0.000000000000000000e+00 0.000000000000000000e+00 0.000000000000000000e+00 0.000000000000000000e+00 0.000000000000000000e+00 0.000000000000000000e+00 0.000000000000000000e+00 0.000000000000000000e+00 0.000000000000000000e+00
1.326207311259265144e-03 -7.073112372870296160e-04 1.322169426032694575e-03 -2.426740989408138899e-04 -1.698391401064301611e-03 2.710993326970512814e-03 4.682006865701254447e-03 5.951289006541182758e-03 9.079242291696511952e-03 3.539327341936542113e-03
2.653547164027356825e-03 -1.417870314143998903e-03 2.647658907498933421e-03 -4.857483814083721554e-04 -3.397587375974041486e-03 5.421319724391996005e-03 9.364143775390266003e-03 1.190272237892184282e-02 1.816089069619613791e-02 7.076641090792050795e-03
3.982022522430774848e-03 -2.131694179958914040e-03 3.976483766739346767e-03 -7.292248416388242768e-04 -5.097587267572472637e-03 8.130977257797492724e-03 1.404640896879719852e-02 1.785430551267982655e-02 2.724495020303586632e-02 1.061193455622779815e-02
5.311636355561495833e-03 -2.848799945450424496e-03 5.308659390338602013e-03 -9.731054246963179773e-04 -6.798390375753739397e-03 1.083996397746198742e-02 1.872880064769981770e-02 2.380604386993715946e-02 3.633142585222201570e-02 1.414520098406361198e-02
6.642391637227050734e-03 -3.569204885025020150e-03 6.644201225899948673e-03 -1.217392021362025947e-03 -8.499995956740266645e-03 1.354827791815120183e-02 2.341131697516725396e-02 2.975794298039169047e-02 4.542032273479803400e-02 1.767643355572283415e-02
7.974291345691934818e-03 -4.292926439169802814e-03 7.983124778564356511e-03 -1.462086462721634691e-03 -1.020240322236518407e-02 1.625591709886395342e-02 2.809395607478782850e-02 3.571000844230259874e-02 5.451164599342783051e-02 2.120562538769508315e-02
9.307338463413554128e-03 -5.019982216879357445e-03 9.325445607259768427e-03 -1.707190514435560046e-03 -1.190561133935873206e-02 1.896287952257665402e-02 3.277671602987825700e-02 4.166224592346505495e-02 6.360540082299584452e-02 2.473276953100744802e-02
1.064153597677010982e-02 -5.750389998116179832e-03 1.067117932066666795e-02 -1.952705870680416546e-03 -1.360961942864053094e-02 2.166916317597962147e-02 3.745959488268145454e-02 4.761466116217266675e-02 7.270159247122562340e-02 2.825785897070994326e-02
1.197688687578264861e-02 -6.484167736303126858e-03 1.202034157288463939e-02 -2.198634147747775911e-03 -1.531442656461672568e-02 2.437476602921349877e-02 4.214259063354332258e-02 5.356725996816105728e-02 8.180022623932108050e-02 3.178088662537654346e-02
1.331339415383006250e-02 -7.221333560846217477e-03 1.337294805878543047e-02 -2.444976877286635444e-03 -1.702003177448312837e-02 2.707968603560284224e-02 4.682570124007810058e-02 5.952004822353150482e-02 9.090130748263126892e-02 3.530184534661807982e-02
