0.000000000000000000e+00 0.000000000000000000e+00 0.000000000000000000e+00 0.000000000000000000e+00
9.267863992744888781e-04 -4.844581182933996549e-04 2.901286059546250191e-03 1.331430444243181938e-03
1.852673436030195016e-03 -9.684909483231444235e-04 5.804057339543064291e-03 2.662424333692387998e-03
2.777659799826279023e-03 -1.452098646560370972e-03 8.708313557458897264e-03 3.992980862825321747e-03
3.701744179150693714e-03 -1.935281369980782623e-03 1.161405442446371457e-02 5.323099226408477443e-03
4.624925261441145859e-03 -2.418039276072227878e-03 1.452127964549446842e-02 6.652778619522447916e-03
5.547201733088082294e-03 -2.900372522833839610e-03 1.742998891922631008e-02 7.982018237565068758e-03
6.468572279435928080e-03 -3.382281268776037454e-03 2.034018193804680574e-02 9.310817276252042821e-03
7.389035584785525954e-03 -3.863765672920476627e-03 2.325185838802740212e-02 1.063917493162243148e-02
8.308590332396004197e-03 -4.344825894799035290e-03 2.616501794889567259e-02 1.196709040003779423e-02
9.227235204487222592e-03 -4.825462094454638536e-03 2.907966029400973346e-02 1.329456287818823156e-02
