0.000000000000000000e+00 0.000000000000000000e+00 0.000000000000000000e+00 0.000000000000000000e+00 0.000000000000000000e+00 0.000000000000000000e+00
5.771324105823075765e-04 -2.500304635244572711e-05 -4.333338369651695810e-04 1.964448077249404939e-03 1.040563486482273727e-03 1.396201925339997894e-03
1.154535763786093336e-03 -5.022609761016788333e-05 -8.656687504442064441e-04 3.932493621352829011e-03 2.081048038453532732e-03 2.789778206482807985e-03
1.732217043087407862e-03 -7.567180959043051690e-05 -1.296996544866929049e-03 5.904176929983613251e-03 3.121453548657749169e-03 4.180689320643919855e-03
2.310183343698906950e-03 -1.013428812833779181e-04 -1.727308890649762591e-03 7.879538965074003518e-03 4.161779906714933169e-03 5.568895097578113913e-03
2.888441875048129281e-03 -1.272420557793911555e-04 -2.156597321339913994e-03 9.858621367307026512e-03 5.202026999076283728e-03 6.954354705953425322e-03
3.466999963024259852e-03 -1.533721211753015447e-04 -2.584853230708832050e-03 1.184146647017722195e-02 6.242194708932430509e-03 8.337026639827093202e-03
4.045865052282097973e-03 -1.797359115040789883e-04 -3.012067869770639408e-03 1.382811731439494672e-02 7.282282916116752068e-03 9.716868704784737548e-03
4.625044708598380523e-03 -2.063363076862941112e-04 -3.438232343724375618e-03 1.581861766265269670e-02 8.322291497003126912e-03 1.109383800373691178e-02
5.204546621285030365e-03 -2.331762385058084783e-04 -3.863337608816330791e-03 1.781301201476537949e-02 9.362220324406516497e-03 1.246789092236568787e-02
5.784378605659511868e-03 -2.602586816105338847e-04 -4.287374469123440661e-03 1.981134562318977860e-02 1.040206926747490844e-02 1.383898311420692605e-02
