0.000000000000000000e+00 0.000000000000000000e+00 0.000000000000000000e+00 0.000000000000000000e+00 0.000000000000000000e+00 0.000000000000000000e+00
4.876514642052041937e-04 1.832539974710302542e-05 -5.932942985329141706e-04 1.589270509996250358e-03 1.113165170666178616e-03 2.005746296092670439e-03
9.744049530486563818e-04 3.682013763187885161e-05 -1.186668920518324857e-03 3.176687700790990429e-03 2.226241946393360278e-03 4.014447051484510212e-03
1.460253771406410002e-03 5.548638832212969785e-05 -1.780129601171472932e-03 4.762219092202933483e-03 3.339230267571934117e-03 6.026135297033375499e-03
1.945191109987177112e-03 7.432636424623060949e-05 -2.373682176495736651e-03 6.345831634719086012e-03 4.452130072721272903e-03 8.040844642919091345e-03
2.429210042633658112e-03 9.334231648912990850e-05 -2.967332585732898424e-03 7.927491696303669289e-03 5.564941298460346179e-03 1.005860929239086460e-02
2.912303523694410087e-03 1.125365356432242686e-04 -3.561086873574955628e-03 9.507165049619587666e-03 6.677663879452597033e-03 1.207946405488692296e-02
3.394464385323558032e-03 1.319113526816117978e-04 -4.154951192432625000e-03 1.108481685890560023e-02 7.790297748339486579e-03 1.410344435950978623e-02
3.875685334704902056e-03 1.514691398554566116e-04 -4.748931804762546172e-03 1.266041166651011435e-02 8.902842835679367073e-03 1.613058626885362223e-02
4.355958951203348778e-03 1.712123116136705632e-04 -5.343035085456616928e-03 1.423391337906318270e-02 1.001529906987912513e-02 1.816092649320987309e-02
4.835277683435378407e-03 1.911433255490873446e-04 -5.937267524290691136e-03 1.580528525328126974e-02 1.112766637712609905e-02 2.019450240515701864e-02
