0.000000000000000000e+00 0.000000000000000000e+00 0.000000000000000000e+00 0.000000000000000000e+00 0.000000000000000000e+00 0.000000000000000000e+00
5.601975585082295903e-04 5.851562927138672569e-05 -4.307174482396927077e-04 2.173048643130649771e-03 1.170288525118468471e-03 1.475492520717280615e-03
1.119891469793121101e-03 1.171214737173761498e-04 -8.611573689226839417e-04 4.347254452066518816e-03 2.340570509883181834e-03 2.951339789374286728e-03
1.679081005537826944e-03 1.758176403361473203e-04 -1.291319591506323713e-03 6.522618731609659132e-03 3.510845954050731063e-03 4.427541850229749568e-03
2.237765435816536572e-03 2.346042363572132801e-04 -1.721203945307926697e-03 8.699142789241963436e-03 4.681114857278425440e-03 5.904098747324469654e-03
2.795944029089442086e-03 2.934813692443305911e-04 -2.150810259506639663e-03 1.087682793516574209e-02 5.851377219128203050e-03 7.381010524489345533e-03
3.353616052196205059e-03 3.524491466966167812e-04 -2.580138363141431471e-03 1.305567548231473599e-02 7.021633039064540012e-03 8.858277225341512282e-03
3.910780770350879426e-03 4.115076766494959039e-04 -3.009188085111824586e-03 1.523568674636464546e-02 8.191882316454969157e-03 1.033589889328556319e-02
4.467437447135737608e-03 4.706570672751031080e-04 -3.437959254177338879e-03 1.741686304574246308e-02 9.362125050569635940e-03 1.181387557151110553e-02
5.023585344495620948e-03 5.298974269840993215e-04 -3.866451698956872764e-03 1.959920570163937656e-02 1.053236124057962617e-02 1.329220730299241794e-02
5.579223722732498322e-03 5.892288644261790918e-04 -4.294665247928727489e-03 2.178271603801958112e-02 1.170259088555919078e-02 1.477089413048592904e-02
