0.000000000000000000e+00 0.000000000000000000e+00 0.000000000000000000e+00 0.000000000000000000e+00 0.000000000000000000e+00 0.000000000000000000e+00 0.000000000000000000e+00 0.000000000000000000e+00 0.000000000000000000e+00 0.000000000000000000e+00
6.155208471504030384e-04 1.157374619728193102e-03 9.096853502911758692e-04 2.410102192877038247e-05 -2.706681839098497994e-03 5.356543415235611588e-04 2.626615168400877991e-03 5.832072681990030198e-03 8.801254062942142492e-03 8.266362836443125889e-03
1.217701410679790808e-03 2.320742089571912158e-03 1.830276946667710406e-03 5.755985478566021801e-05 -5.426280301704861087e-03 1.024205358437153910e-03 5.215857679912288755e-03 1.166287450291652282e-02 1.763840211186569126e-02 1.658257852946977071e-02
1.806325161676146330e-03 3.490168388508494996e-03 2.761940318261178751e-03 1.005492228398569346e-04 -8.158983091285810368e-03 1.464928790561024303e-03 7.767157624737592615e-03 1.749237880233239784e-02 2.651199207939574851e-02 2.494941997687447413e-02
2.381171018056948366e-03 4.665720144814147589e-03 3.704844252491710805e-03 1.532459693734953068e-04 -1.090498138473618497e-02 1.857086121288445630e-03 1.027993351136385035e-02 2.332055808406837544e-02 3.542258285315879468e-02 3.336767579532151640e-02
2.942013225108498081e-03 5.847464634558529120e-03 4.659160873322448077e-03 2.158311730972061523e-04 -1.366446990608639889e-02 2.199924230860614283e-03 1.275359197381476829e-02 2.914738398675937453e-02 4.437074454978201521e-02 4.183815071528523138e-02
3.488621232291681893e-03 7.035469779479875535e-03 5.625065721695762452e-03 2.884902682415654319e-04 -1.643764700170873699e-02 2.492675039658995024e-03 1.518752747010438525e-02 3.497282725319551117e-02 5.335705879709020522e-02 5.036166598775340675e-02
4.020759566184807857e-03 8.229804144194391088e-03 6.602737838212018040e-03 3.714131684389556168e-04 -1.922471471703016827e-02 2.734555141209111303e-03 1.758112197159411236e-02 4.079685769842506665e-02 6.238211902477976828e-02 5.893905980309471770e-02
4.538187699419051271e-03 9.430536932695306185e-03 7.592359848123083829e-03 4.647943945245394844e-04 -2.202587887476173747e-02 2.924765424539460621e-03 1.993374464292794329e-02 4.661944417656536249e-02 7.144653076385848456e-02 6.757118772251111127e-02
5.040659915466389612e-03 1.063773798409046491e-02 8.594118048709905450e-03 5.688332063798302515e-04 -2.484134915464639506e-02 3.062490685551564045e-03 2.224475151222279901e-02 5.244055454625538848e-02 8.055091195515778901e-02 7.625892312251623950e-02
5.527925169124991295e-03 1.185147776752878274e-02 9.608202499119727902e-03 6.837337389551971165e-04 -2.767133917472843624e-02 3.146899227036616814e-03 2.451348513117073899e-02 5.826015563468547875e-02 8.969589326722583744e-02 8.500315765288486702e-02
