0.000000000000000000e+00 0.000000000000000000e+00 0.000000000000000000e+00 0.000000000000000000e+00 0.000000000000000000e+00 0.000000000000000000e+00 0.000000000000000000e+00 0.000000000000000000e+00
2.302774613096803468e-04 -5.829372932775873478e-05 3.775784035093196625e-05 -5.051381650338967327e-04 3.019335919908081511e-04 1.615518348281062442e-03 1.592969406436159970e-03 1.053464829209883749e-03
4.604676296920501787e-04 -1.165396497932588086e-04 7.548296042318597431e-05 -1.010174283025774009e-03 6.037404521533008741e-04 3.231115361639872244e-03 3.186035104138951624e-03 2.106825596985285095e-03
6.905705001482278973e-04 -1.747376875424440433e-04 1.131753515449449553e-04 -1.515108389839572335e-03 9.054205574977012031e-04 4.846791045217417951e-03 4.779197153332925135e-03 3.160082153095609796e-03
9.205860676825589235e-04 -2.328877686223477161e-04 1.508350050526171128e-04 -2.019940521381038620e-03 1.206973885051426318e-03 6.462545404117727224e-03 6.372455614265950564e-03 4.213234347196482231e-03
1.150514327302562274e-03 -2.909898189794750184e-04 1.884619122905647169e-04 -2.524670713600984853e-03 1.508400411857130450e-03 8.078378443422547586e-03 7.965810547221251203e-03 5.266282028835229945e-03
1.380355274019269074e-03 -3.490437644600929913e-04 2.260560646113257081e-04 -3.029299002494908848e-03 1.809700114974902452e-03 9.694290168188721135e-03 9.559262012518041085e-03 6.319225047451992351e-03
1.610108902847531614e-03 -4.070495308098136776e-04 2.636174533758540647e-04 -3.533825424103641082e-03 2.110872971481580693e-03 1.131028058345082479e-02 1.115281007051038310e-02 7.372063252378191142e-03
1.839775208805087027e-03 -4.650070436729432746e-04 3.011460699533491229e-04 -4.038250014512465187e-03 2.411918958469851538e-03 1.292634969421932283e-02 1.274645478158918481e-02 8.424796492837364689e-03
2.069354186913165746e-03 -5.229162285927892347e-04 3.386419057208575113e-04 -4.542572809851692581e-03 2.712838053049111946e-03 1.454249750548153655e-02 1.434019620618017833e-02 9.477424617944207874e-03
2.298845832196110082e-03 -5.807770110111808853e-04 3.761049520641451208e-04 -5.046793846296138142e-03 3.013630232344803768e-03 1.615872402220163914e-02 1.593403440474528213e-02 1.052994747670419479e-02
