0.000000000000000000e+00 0.000000000000000000e+00 0.000000000000000000e+00 0.000000000000000000e+00 0.000000000000000000e+00 0.000000000000000000e+00
-7.933055804589291677e-05 -7.976577618494986483e-07 -1.314113931602071690e-04 -3.474335972380868586e-04 1.588301003335996922e-03 2.577831065027729449e-04
-1.587179681907628919e-04 -1.585641465217415222e-06 -2.627667633467054508e-04 -6.949832135779546215e-04 3.176401467726498729e-03 5.155179100098938871e-04
-2.381622342208398406e-04 -2.363944337155804657e-06 -3.940661207824630152e-04 -1.042648780216893882e-03 4.764301290904115332e-03 7.732044066529239999e-04
-3.176633598988328334e-04 -3.132559613028202186e-06 -5.253094757054121901e-04 -1.390430228312605375e-03 6.352000370693286838e-03 1.030842592583767125e-03
-3.972213489636012987e-04 -3.891480536683968565e-06 -6.564968383697175180e-04 -1.738327488988493158e-03 7.939498605040859122e-03 1.288432463974259349e-03
-4.768362051299286273e-04 -4.640700360759512341e-06 -7.876282190450995110e-04 -2.086340493328248807e-03 9.526795892015729739e-03 1.545974017017566699e-03
-5.565079320887350014e-04 -5.380212346489224485e-06 -9.187036280169026854e-04 -2.434469172380805679e-03 1.111389212980946027e-02 1.803467247927092922e-03
-6.362365335069952938e-04 -6.110009763598811528e-06 -1.049723075586424725e-03 -2.782713457157878854e-03 1.270078721673605603e-02 2.060912152936790649e-03
-7.160220130277994031e-04 -6.830085890239128734e-06 -1.180686572070358984e-03 -3.131073278633462065e-03 1.428748105123276053e-02 2.318308728300646181e-03
-7.958643742707618117e-04 -7.540434013584212470e-06 -1.311594127801170382e-03 -3.479548567747023716e-03 1.587397353185996188e-02 2.575656970293523865e-03
