0.000000000000000000e+00 0.000000000000000000e+00 0.000000000000000000e+00 0.000000000000000000e+00 0.000000000000000000e+00 0.000000000000000000e+00 0.000000000000000000e+00 0.000000000000000000e+00
2.032599824977057376e-04 4.444172886786302732e-04 -1.466164492973653108e-04 -6.905809514271886527e-04 3.806888722043306355e-04 1.306243060745392558e-03 1.907995019364632948e-03 1.782482055610866986e-03
4.063686521031048006e-04 8.888798822103811080e-04 -2.931500423402557559e-04 -1.380725827235127585e-03 7.611032725439244480e-04 2.612504721896205442e-03 3.816013087328000344e-03 3.565025305225727383e-03
6.093260263160012310e-04 1.333387848870885590e-03 -4.396006204667300297e-04 -2.070434591085668595e-03 1.141243102954847891e-03 3.918785006033111661e-03 5.724054057657974870e-03 5.347629015667617822e-03
8.121321226163481961e-04 1.777941257093382721e-03 -5.859680247332265052e-04 -2.759707207045320691e-03 1.521108265395797101e-03 5.225083935758788323e-03 7.632117783716732030e-03 7.130292452419039612e-03
1.014786958465251770e-03 2.222540175474136369e-03 -7.322520959094024583e-04 -3.448543639594599166e-03 1.900698661851870546e-03 6.531401533709462956e-03 9.540204118482961335e-03 8.913014879650056274e-03
1.217290551304903200e-03 2.667184672772181676e-03 -8.784526744775059083e-04 -4.136943853627775801e-03 2.280014194331088460e-03 7.837737822556161207e-03 1.144831291455178195e-02 1.069579556021676807e-02
1.419642918558044337e-03 3.111874817909766975e-03 -1.024569600631523164e-03 -4.824907814453386484e-03 2.659054764866029992e-03 9.144092825005131417e-03 1.335644402413508659e-02 1.247863375565659225e-02
1.621844077627632510e-03 3.556610679972951189e-03 -1.170602714275739004e-03 -5.512435487794573388e-03 3.037820275512626705e-03 1.045046656379613505e-02 1.526459729906086589e-02 1.426152872618564015e-02
1.823894045896473203e-03 4.001392328211591902e-03 -1.316551855024432772e-03 -6.199526839789042468e-03 3.416310628347363383e-03 1.175685906170391253e-02 1.717277259077288482e-02 1.604447973069389813e-02
2.025792840726796124e-03 4.446219832040133359e-03 -1.462416862200162631e-03 -6.886181836990220087e-03 3.794525725468933172e-03 1.306327034153833243e-02 1.908096975032992984e-02 1.782748602674315633e-02
