0.000000000000000000e+00 0.000000000000000000e+00 0.000000000000000000e+00 0.000000000000000000e+00
2.521361357943756082e-04 -4.921505483528969532e-04 6.957515263897609764e-04 1.293987541228203446e-03
5.042184849096608898e-04 -9.840692770047010374e-04 1.391512306418180240e-03 2.588028235445585801e-03
7.562470393298628647e-04 -1.475756148347340431e-03 2.087282329776211746e-03 3.882122124015681408e-03
1.008221791041043550e-03 -1.967211124723485839e-03 2.783061586161248747e-03 5.176269248474306937e-03
1.260142732031417374e-03 -2.458434168429087310e-03 3.478850065278861221e-03 6.470469650543001806e-03
1.512009854290755247e-03 -2.949425241712251219e-03 4.174647756840351755e-03 7.764723372130088314e-03
1.763823149811096988e-03 -3.440184306773760251e-03 4.870454650564712100e-03 9.059030455330324694e-03
2.015582610586262678e-03 -3.930711325766028663e-03 5.566270736177840808e-03 1.035339094242659908e-02
2.267288228612454170e-03 -4.421006260792953967e-03 6.262096003412816886e-03 1.164780487588729270e-02
2.518939995887151378e-03 -4.911069073909605544e-03 6.957930442009976554e-03 1.294227229837044239e-02
