0.000000000000000000e+00 0.000000000000000000e+00 0.000000000000000000e+00 0.000000000000000000e+00 0.000000000000000000e+00 0.000000000000000000e+00 0.000000000000000000e+00 0.000000000000000000e+00
2.023761774198867944e-04 1.611994422003837314e-04 2.634717398696617173e-05 -7.853131259238048520e-04 3.125389490650853723e-04 7.727469427146580090e-04 1.749103820843209058e-03 2.409154116884641445e-03
4.046832058186545741e-04 3.222866451605410089e-04 5.273312917983802821e-05 -1.569998034606430535e-03 6.248994688343714396e-04 1.545381619653540036e-03 3.498237411974852197e-03 4.819198828811682711e-03
6.069211034924091534e-04 4.832615654518073053e-04 7.915788331427742284e-05 -2.354054125848620109e-03 9.370814977708475258e-04 2.317904018397349587e-03 5.247400720851478489e-03 7.230134438983341905e-03
8.090898887181703766e-04 6.441241596413140990e-04 1.056214541048058929e-04 -3.137480798775097064e-03 1.249084974310360171e-03 3.090314126561874951e-03 6.996593694673580548e-03 9.641961250705781764e-03
1.011189579754482063e-03 8.048743842923643341e-04 1.321238592444941816e-04 -3.920277451838025118e-03 1.560909836865833440e-03 3.862611931802648231e-03 8.745816280405695198e-03 1.205467956744623453e-02
1.213220194841429980e-03 9.655121959646084401e-04 1.586651164056950870e-04 -4.702443482813995108e-03 1.872556023823264372e-03 4.634797421812162851e-03 1.049506842477532231e-02 1.446828969283739386e-02
1.415181752200650673e-03 1.126037551213154202e-03 1.852452432391828163e-04 -5.483978288801284566e-03 2.184023473545172473e-03 5.406870584322777916e-03 1.224435007427224914e-02 1.688279193067747375e-02
1.617074270034780806e-03 1.286450406589287375e-03 2.118642573742911533e-04 -6.264881266217518438e-03 2.495312124368846782e-03 6.178831407103251364e-03 1.399366117514768207e-02 1.929818658493437714e-02
1.818897766528066373e-03 1.446750718639802083e-03 2.385221764184753594e-04 -7.045151810796900470e-03 2.806421914605514070e-03 6.950679877961811297e-03 1.574300167341442097e-02 2.171447395974635680e-02
2.020652259845459337e-03 1.606938443906756435e-03 2.652190179572263867e-04 -7.824789317587246829e-03 3.117352782541036628e-03 7.722415984744059568e-03 1.749237151484515917e-02 2.413165435942618217e-02
