0.000000000000000000e+00 0.000000000000000000e+00 0.000000000000000000e+00 0.000000000000000000e+00 0.000000000000000000e+00 0.000000000000000000e+00 0.000000000000000000e+00 0.000000000000000000e+00 0.000000000000000000e+00 0.000000000000000000e+00
1.537226010682559698e-03 4.135536998832089399e-04 -4.429603123240997975e-05 -4.716077464745401936e-04 -1.434875927312972022e-03 4.257086007088860952e-03 5.312266292989939118e-03 5.232443864672805395e-03 5.027622952346416825e-03 3.882935937501502763e-03
3.074714677628507219e-03 8.266475105973367793e-04 -8.865884418268613412e-05 -9.430144805763420075e-04 -2.869688857861966372e-03 8.515301030358305573e-03 1.062449014438616481e-02 1.046433302162953251e-02 1.005463070079925733e-02 7.765955204340164314e-03
4.612466776773084184e-03 1.239280104359502532e-03 -1.330882002899113487e-04 -1.414220599844561495e-03 -4.304438075333486685e-03 1.277464750627774551e-02 1.593667186365980634e-02 1.569566704522339443e-02 1.508102225584224965e-02 1.164905647742096179e-02
6.150483080435410060e-03 1.651450140416395578e-03 -1.775838574156007963e-04 -1.885226503240420518e-03 -5.739122854470818900e-03 1.703512787083891894e-02 2.124881176461997784e-02 2.092644552297470012e-02 2.010679662245625637e-02 1.553223841444151439e-02
7.688764360793485207e-03 2.063156267448699056e-03 -2.221455716542950626e-04 -2.356032587876396960e-03 -7.173742462925438747e-03 2.129674456494348028e-02 2.656091016474842678e-02 2.615666805460281977e-02 2.513195280068857007e-02 1.941549965725125615e-02
9.227311389820105209e-03 2.474397123474678974e-03 -2.667730974143670344e-04 -2.826639248820639154e-03 -8.608296161212563788e-03 2.555950003438187124e-02 3.187296738523408279e-02 3.138633425230042545e-02 3.015648978555858853e-02 2.329883883165952824e-02
1.076612493921970046e-02 2.885171335753368427e-03 -3.114661874996020423e-04 -3.297046878895715412e-03 -1.004278320266819777e-02 2.982339672980942324e-02 3.718498375100728198e-02 3.661544374101550342e-02 3.518040656696416052e-02 2.718225454723354265e-02
1.230520578036240278e-02 3.295477520687843751e-03 -3.562245931965080104e-04 -3.767255868474104867e-03 -1.147720283340758832e-02 3.408843710672557203e-02 4.249695959077914170e-02 4.184399615873032191e-02 4.020370212958630091e-02 3.106574539710123262e-02
1.384455468421969676e-02 3.705314283728576141e-03 -4.010480643607122753e-04 -4.237266605268193154e-03 -1.291155429228373758e-02 3.835462362544703185e-02 4.780889523707490540e-02 4.707199115675057138e-02 4.522637545279237226e-02 3.494930995774621352e-02
1.538417242129731799e-02 4.114680219277069492e-03 -4.459363495099219477e-04 -4.707079474116243958e-03 -1.434583681084894077e-02 4.262195875108393261e-02 5.312079102627623173e-02 5.229942839999202758e-02 5.024842551053719519e-02 3.883294678880596512e-02
