0.000000000000000000e+00 0.000000000000000000e+00 0.000000000000000000e+00 0.000000000000000000e+00 0.000000000000000000e+00 0.000000000000000000e+00
3.399035690079193345e-03 -1.916987986051515384e-03 -1.482047704027660397e-03 1.083380840023750839e-02 9.052153043811291683e-03 1.623935998106663036e-03
6.803640688910403238e-03 -3.843013382587691720e-03 -2.960627306322812999e-03 2.168421805824508053e-02 1.810203959713982402e-02 3.233537228926273207e-03
1.021384123977941982e-02 -5.778124239222171520e-03 -4.435717000557293406e-03 3.255129466330536347e-02 2.714964915276455934e-02 4.828748510396966773e-03
1.362966375013658846e-02 -7.722368949474584313e-03 -5.907294800662138586e-03 4.343510415289995874e-02 3.619497143691318558e-02 6.409514178809205126e-03
1.705113479289553646e-02 -9.675796253602970617e-03 -7.375338539292814778e-03 5.433571271354410703e-02 4.523799641685613548e-02 7.975778080377518217e-03
2.047828110802478105e-02 -1.163845524161753742e-02 -8.839825866407515984e-03 6.525318678176507403e-02 5.427871430844762035e-02 9.527483562720821114e-03
2.391112960446329511e-02 -1.361039535649524561e-02 -1.030073424796820736e-02 7.618759304521942333e-02 6.331711558361559355e-02 1.106457346625400878e-02
2.734970736238880040e-02 -1.559166639761869894e-02 -1.175804096477037729e-02 8.713899844395273098e-02 7.235319097780736064e-02 1.258699011548437309e-02
3.079404163587327881e-02 -1.758231852446115462e-02 -1.321172311141243470e-02 9.810747017179262397e-02 8.138693149739080479e-02 1.409467531021671265e-02
3.424415985595904988e-02 -1.958240226054661776e-02 -1.466175759541260559e-02 1.090930756778717287e-01 9.041832842702660078e-02 1.558757031665734816e-02
