0.000000000000000000e+00 0.000000000000000000e+00 0.000000000000000000e+00 0.000000000000000000e+00 0.000000000000000000e+00 0.000000000000000000e+00
2.582768844823077532e-04 8.830424155799944689e-05 -5.495765563826034801e-04 8.227490787596069156e-04 8.303000226138000086e-04 1.859270771758619574e-03
5.163935020869746175e-04 1.766097203059301796e-04 -1.098804903299231521e-03 1.645399466219642616e-03 1.660535606725450789e-03 3.719329907758605648e-03
7.743498583913811101e-04 2.649164126018453995e-04 -1.647684648650595430e-03 2.467951001433971343e-03 2.490706687508345042e-03 5.580177923499495159e-03
1.032145958981014978e-03 3.532242947516271497e-04 -2.196215399806454062e-03 3.290403523317765328e-03 3.320813199992066461e-03 7.441815335062635685e-03
1.289781809449379313e-03 4.415333430077791107e-04 -2.744396763606557835e-03 4.112756870646677547e-03 4.150855079062924780e-03 9.304242659130053383e-03
1.547257415398249668e-03 5.298435335698951920e-04 -3.292228346358664313e-03 4.935010882056966620e-03 4.980832259461429913e-03 1.116746041298469390e-02
1.804572782436954584e-03 6.181548425844055582e-04 -3.839709753837978762e-03 5.757165396044687349e-03 5.810744675784917240e-03 1.303146911451354834e-02
2.061727916182644251e-03 7.064672461439153736e-04 -4.386840591285251154e-03 6.579220250965222769e-03 6.640592262485586934e-03 1.489626928220796204e-02
2.318722822259981081e-03 7.947807202876854297e-04 -4.933620463405623442e-03 7.401175285032853511e-03 7.470374953869293559e-03 1.676186143516735991e-02
2.575557506301048415e-03 8.830952410008594336e-04 -5.480048974367945219e-03 8.223030336320729175e-03 8.300092684096160162e-03 1.862824609309926549e-02
