0.000000000000000000e+00 0.000000000000000000e+00 0.000000000000000000e+00 0.000000000000000000e+00 0.000000000000000000e+00 0.000000000000000000e+00 0.000000000000000000e+00 0.000000000000000000e+00 0.000000000000000000e+00 0.000000000000000000e+00
1.026660625769775610e-03 1.081172574014234618e-03 6.363365719041820393e-04 -2.733602597803537482e-04 -2.470809489835602661e-03 1.862341038174222026e-03 3.668171937762592424e-03 5.992176026176108256e-03 7.915110140314079307e-03 7.300090398015804741e-03
2.050753619751817351e-03 2.163126111935514267e-03 1.274628613573385114e-03 -5.444704179120077574e-04 -4.944037904843287187e-03 3.716198978184533357e-03 7.329678699389868129e-03 1.198337865903438895e-02 1.583557914892629037e-02 1.461094358213074068e-02
3.072267265366573387e-03 3.245860336598969768e-03 1.914883981341574878e-03 -8.133190140625417772e-04 -7.419692546286218819e-03 5.561539346473567610e-03 1.098449706043452476e-02 1.797360392086418471e-02 2.376142579286502632e-02 2.193260247421536038e-02
4.091189769086754635e-03 4.329374946943142372e-03 2.557110561071252852e-03 -1.079894532898886123e-03 -9.897780720769544863e-03 7.398327466814599677e-03 1.463260365378377288e-02 2.396284783720978306e-02 3.169266899121329917e-02 2.926511017298077943e-02
5.107509263850310184e-03 5.413669619432507317e-03 3.201316266115672091e-03 -1.344185379669962915e-03 -1.237830974579857968e-02 9.226528464872636379e-03 1.827397497307785626e-02 2.995110643631107225e-02 3.962932780250030818e-02 3.660850997235214066e-02
6.121213808359381517e-03 6.498744007759781408e-03 3.847509036593280748e-03 -1.606179878695580820e-03 -1.486128694956597752e-02 1.104610726637031762e-02 2.190858737128360129e-02 3.593837574949515501e-02 4.757142142759879927e-02 4.396284536143755389e-02
7.132291386370098914e-03 7.584597742545679672e-03 4.495696838631901317e-03 -1.865866271781957929e-03 -1.734671967076893348e-02 1.285702859522624975e-02 2.553641705924977051e-02 4.192465181156830589e-02 5.551896921271437524e-02 5.132816002445486636e-02
8.140729905971370167e-03 8.671230431035539116e-03 5.145887663581755547e-03 -2.123232716561405768e-03 -1.983461525845737691e-02 1.465925697167191379e-02 2.915744010423642826e-02 4.790993066120606547e-02 6.347199065246916794e-02 5.870449784061494009e-02
9.146517198853967856e-03 9.758641656791799956e-03 5.798089527195165321e-03 -2.378267284752070328e-03 -2.232498107191807982e-02 1.645275671033710058e-02 3.277163242842447144e-02 5.389420834134175942e-02 7.143050539308172520e-02 6.609190288395312696e-02
1.014964101956943553e-02 1.084683097938368875e-02 6.452310468775969594e-03 -2.630957960332560609e-03 -2.481782448059478147e-02 1.823749191831536623e-02 3.637896980739963038e-02 5.987748089955279018e-02 7.939453323565034970e-02 7.349041942311125564e-02
