0.000000000000000000e+00 0.000000000000000000e+00 0.000000000000000000e+00 0.000000000000000000e+00 0.000000000000000000e+00 0.000000000000000000e+00 0.000000000000000000e+00 0.000000000000000000e+00 0.000000000000000000e+00 0.000000000000000000e+00
1.629263288406362312e-03 6.342789797310426601e-04 -1.272041193270932475e-05 -5.665558824479998172e-04 -1.684265974939575580e-03 4.214398098344726735e-03 5.506719430151837090e-03 5.802087725033662491e-03 5.702882516742641128e-03 4.611003272952761758e-03
3.258604818759498582e-03 1.268574112701185367e-03 -2.550930519561406349e-05 -1.132977753099670155e-03 -3.368691874385447340e-03 8.428977537084948388e-03 1.101294457617204431e-02 1.160380273122702845e-02 1.140540640106574993e-02 9.223050827478819838e-03
4.888024501602005085e-03 1.902885976902026063e-03 -3.836666257011353900e-05 -1.699266510765185412e-03 -5.053277306426228258e-03 1.264373766725560011e-02 1.651867538061720445e-02 1.740514445385401426e-02 1.710757176431801710e-02 1.383614383678094355e-02
6.517522240635635102e-03 2.537215144484873501e-03 -5.129246507045153326e-05 -2.265423058111850317e-03 -6.738021863233483247e-03 1.685867782282431115e-02 2.202391179808146568e-02 2.320611232904270377e-02 2.280937872997663290e-02 1.845028345269005693e-02
8.147097933886626731e-03 3.171562182414939222e-03 -6.428669327403647299e-05 -2.831448298667567538e-03 -8.422925125693411785e-03 2.107379732370751393e-02 2.752865379544053304e-02 2.900670579355672796e-02 2.851082743619386475e-02 2.306547081350038275e-02
9.776751473584321256e-03 3.805927652125799289e-03 -7.734932741644377774e-05 -3.397343136295734398e-03 -1.010798666336977167e-02 2.528909547536424204e-02 3.303290135217594459e-02 3.480692428506271946e-02 3.421191803591266262e-02 2.768170704365953416e-02
1.140648274604029455e-02 4.440312109160815882e-03 -9.048034748895708405e-05 -3.963108474647723811e-03 -1.179320603447531028e-02 2.950457156838594275e-02 3.853665446071351947e-02 4.060676724240742941e-02 3.991265069698046730e-02 3.229899325345787775e-02
1.303629163152842003e-02 5.074716102804943327e-03 -1.036797333404770698e-04 -4.528745216592661160e-03 -1.347858278585000770e-02 3.372022487807425917e-02 4.403991312675985953e-02 4.640623410590712095e-02 4.561302560225317937e-02 3.691733053871398135e-02
1.466617800416481626e-02 5.709140175702712497e-03 -1.169474647835884104e-04 -5.094254263623773302e-03 -1.516411645294933087e-02 3.793605466401023252e-02 4.954267736965009550e-02 5.220532431764784292e-02 5.131304294969439572e-02 4.153671998046176012e-02
1.629614173178926817e-02 6.343584863464872721e-03 -1.302835217034700559e-04 -5.659636515240935861e-03 -1.684980655983861486e-02 4.215206016961447338e-02 5.504494722269833579e-02 5.800403732179924832e-02 5.701270295246673586e-02 4.615716264463463198e-02
