0.000000000000000000e+00 0.000000000000000000e+00 0.000000000000000000e+00 0.000000000000000000e+00 0.000000000000000000e+00 0.000000000000000000e+00 0.000000000000000000e+00 0.000000000000000000e+00
1.328477986884030876e-03 9.921346276744423542e-04 1.990278853860182756e-04 -2.519640486355977701e-03 2.697134050333177199e-03 5.712789410066716929e-03 8.450253496436207698e-03 7.358287818629918875e-03
2.649794206348978724e-03 1.991373652219361259e-03 4.062341633267659035e-04 -5.047402007837149644e-03 5.366533988378272176e-03 1.140887316438864846e-02 1.691565735962428582e-02 1.474586501415807091e-02
3.963827788350323886e-03 2.997820485209852330e-03 6.217516087400180597e-04 -7.583399867750407336e-03 8.007772645263814409e-03 1.708800472038455448e-02 2.539644317718368557e-02 2.216317373476319255e-02
5.270455326997211705e-03 4.011580436772671683e-03 8.457158829865764641e-04 -1.012775164675638537e-02 1.062041412296139443e-02 2.274993242171967703e-02 3.389284722791228305e-02 2.961066523355004865e-02
6.569550954654777494e-03 5.032760669596277568e-03 1.078265502916462290e-03 -1.268057712716713289e-02 1.320401414200261976e-02 2.839439970979617395e-02 4.240511031695029520e-02 3.708879958893068762e-02
7.860986107524343958e-03 6.061470348226371575e-03 1.319542047586750450e-03 -1.524199850333717021e-02 1.575811913877115528e-02 3.402114458089335741e-02 5.093347823459010160e-02 4.459804655496060061e-02
9.144629568895246488e-03 7.097820611998730683e-03 1.569690152479204497e-03 -1.781214033337283342e-02 1.828226649178119056e-02 3.962989972408269279e-02 5.947820165184887486e-02 5.213888539303900005e-02
1.042034737140478708e-02 8.141924636962569531e-03 1.828857612742184387e-03 -2.039112962110915805e-02 2.077598417771932271e-02 4.522039231499968420e-02 6.803953630029910271e-02 5.971180521926908180e-02
1.168800272465147887e-02 9.193897681559554808e-03 2.097195467864715335e-03 -2.297909587407539339e-02 2.323879053226251407e-02 5.079234387283539792e-02 7.661774310003988120e-02 6.731730525868526160e-02
1.294745594051200169e-02 1.025385713349430405e-02 2.374858089004373840e-03 -2.557617116301033611e-02 2.567019400358712400e-02 5.634547011286345636e-02 8.521308829153355358e-02 7.495589510737547811e-02
