0.000000000000000000e+00 0.000000000000000000e+00 0.000000000000000000e+00 0.000000000000000000e+00 0.000000000000000000e+00 0.000000000000000000e+00 0.000000000000000000e+00 0.000000000000000000e+00
1.293432120019964195e-03 1.079405972835238659e-03 2.704283725284976534e-04 -2.643266465383722463e-03 2.505901790400047111e-03 5.694629633256022803e-03 8.795892749262016613e-03 7.786069175559743455e-03
2.578525996608739025e-03 2.166965026594974784e-03 5.503383889964262587e-04 -5.295829412199993050e-03 4.979782490602584905e-03 1.137002659470784209e-02 1.760928570066012250e-02 1.560589191098529782e-02
3.855139565040886090e-03 3.262796080887093129e-03 8.398877374489448905e-04 -7.957823383376534665e-03 7.421142945476521223e-03 1.702590166789856238e-02 2.644044889626734340e-02 2.345998653579134743e-02
5.123127795672205095e-03 4.367020195555366274e-03 1.139237555858530621e-03 -1.062938554708569260e-02 9.829473931286353619e-03 2.266195970373878141e-02 3.528965778612690174e-02 3.134888197276028410e-02
6.382342616248608616e-03 5.479760617526481525e-03 1.448552524526893360e-03 -1.331065575830171765e-02 1.220425590153981568e-02 2.827789946751370354e-02 4.415719336400125011e-02 3.927311800933542402e-02
7.632632831760480241e-03 6.601142828835507986e-03 1.768000961369363497e-03 -1.600177662196480138e-02 1.454495872513472156e-02 3.387341348115443379e-02 5.304334230719303517e-02 4.723324557738539653e-02
8.873844041744606559e-03 7.731294595864893551e-03 2.097754920183405886e-03 -1.870289355779228974e-02 1.685104141653527912e-02 3.944818786058527926e-02 6.194839712057744613e-02 5.522982704164773604e-02
1.010581855494687049e-02 8.870346019827782952e-03 2.437990292003694350e-03 -2.141415486677786251e-02 1.912195185769115582e-02 4.500190214798033272e-02 7.087265628498418124e-02 6.326343649716856254e-02
1.132839530124230519e-02 1.001842958852961624e-02 2.788886909652219838e-03 -2.413571179942343436e-02 2.135712651141183707e-02 5.053422913872921557e-02 7.981642441009137445e-02 7.133466007606947823e-02
1.254140974070866964e-02 1.117568022944135341e-02 3.150628655594828360e-03 -2.686771862574405950e-02 2.355599012588487084e-02 5.604483470293612768e-02 8.878001239197626238e-02 7.944409626398282742e-02
