0.000000000000000000e+00 0.000000000000000000e+00 0.000000000000000000e+00 0.000000000000000000e+00 0.000000000000000000e+00 0.000000000000000000e+00
3.736020564224298846e-04 5.327022999035389297e-05 -6.804191176174509675e-04 1.147395847428117968e-03 1.085413110236438383e-03 2.358098055613587832e-03
7.454358305070764345e-04 1.070012919086982777e-04 -1.361731794604518391e-03 2.288755673462257272e-03 2.170728996418906393e-03 4.723351629957610147e-03
1.115482980476043993e-03 1.611989116788772045e-04 -2.043952395843085662e-03 3.423994409299547029e-03 3.255947167001359711e-03 7.095848734661960693e-03
1.483724837870544063e-03 2.158689124651017683e-04 -2.727095512794126732e-03 4.553025546756684673e-03 4.341067116177722493e-03 9.475678898361625940e-03
1.850142401610675204e-03 2.710172164260105467e-04 -3.411175967624890167e-03 5.675761112066881470e-03 5.426088323656071480e-03 1.186293319683786283e-02
2.214716330452681965e-03 3.266498468307174022e-04 -4.096208817693697962e-03 6.792111634899391723e-03 6.511010254216891696e-03 1.425770428648055060e-02
2.577426935237462843e-03 3.827729302286995441e-04 -4.782209360135231471e-03 7.901986116600558802e-03 7.595832357266312299e-03 1.666008643861899285e-02
2.938254170929552583e-03 4.393926986761168365e-04 -5.469193136553423748e-03 9.005291997615976277e-03 8.680554066366308330e-03 1.907017557474680047e-02
3.297177628437635791e-03 4.965154920192729792e-04 -6.157175937823891436e-03 1.010193512408335582e-02 9.765174798752112792e-03 2.148806930267270487e-02
3.654176526206348759e-03 5.541477602377228775e-04 -6.846173809006462184e-03 1.119181971356526806e-02 1.084969395483451060e-02 2.391386695362212808e-02
