0.000000000000000000e+00 0.000000000000000000e+00 0.000000000000000000e+00 0.000000000000000000e+00 0.000000000000000000e+00 0.000000000000000000e+00
1.061403258107005646e-03 3.409094592864125080e-03 -4.470497850971011031e-03 -4.992382533864795973e-04 1.176762624197034805e-02 1.199282312193840176e-02
2.120641600586742163e-03 6.830413893648489866e-03 -8.951055494235001311e-03 -1.000190869175805308e-03 2.353876139279586013e-02 2.398385169742430628e-02
3.177703776076827406e-03 1.026403417667508255e-02 -1.344173795275158123e-02 -1.502862238867048745e-03 3.531344612956352491e-02 3.597304944087000717e-02
4.232578462004879527e-03 1.371003242246808529e-02 -1.794261088447263869e-02 -2.007256905509381684e-03 4.709172157824362270e-02 4.796037976935448727e-02
5.285254269837539112e-03 1.716848631852935930e-02 -2.245374058836643177e-02 -2.513379567876170180e-03 5.887362932635627211e-02 5.994580579413069654e-02
6.335719750676333667e-03 2.063947426045546762e-02 -2.697519401113112475e-02 -3.021235084656216218e-03 7.065921143619760536e-02 7.192929031159159270e-02
7.383963401224124569e-03 2.412307535344548545e-02 -3.150703875466899506e-02 -3.530828478668560696e-03 8.244851045865851658e-02 8.391079579366511609e-02
8.429973670152317647e-03 2.761936941423975139e-02 -3.604934308439128321e-02 -4.042164941082065574e-03 9.424156944767110577e-02 9.589028437758835566e-02
9.473738964898947845e-03 3.112843697352966899e-02 -4.060217593842771477e-02 -4.555249835644067762e-03 1.060384319753258642e-01 1.078677178550176974e-01
1.051524765893218326e-02 3.465035927887792633e-02 -4.516560693780913988e-02 -5.070088702906438288e-03 1.178391421477063827e-01 1.198430576604211928e-01
