0.000000000000000000e+00 0.000000000000000000e+00 0.000000000000000000e+00 0.000000000000000000e+00 0.000000000000000000e+00 0.000000000000000000e+00 0.000000000000000000e+00 0.000000000000000000e+00
3.516424862465792342e-04 3.264144353719438145e-04 -3.033122684539196561e-04 -4.504823284874094613e-04 9.147975674805679247e-04 1.315697005800618453e-03 1.356352147369976370e-03 1.364335151306652694e-03
7.030983169582907593e-04 6.528796977591474256e-04 -6.066910143862850463e-04 -9.006878945538763451e-04 1.829529837773060438e-03 2.631378951398961538e-03 2.712639410608618483e-03 2.728900710034812879e-03
1.054367495638811741e-03 9.793958157360495471e-04 -9.101362771536380134e-04 -1.350616602185873445e-03 2.744196668130620669e-03 3.947045769674536499e-03 4.068861675058228940e-03 4.093696716925307282e-03
1.405450025828554718e-03 1.305962817896068719e-03 -1.213648096160286228e-03 -1.800268355304816652e-03 3.658797915717208749e-03 5.262697393327304962e-03 5.425018825866702483e-03 5.458723212760725231e-03
1.756345911105689460e-03 1.632580732852407677e-03 -1.517226510861437779e-03 -2.249643057768990501e-03 4.573333437613987321e-03 6.578333754884266651e-03 6.781110747994420658e-03 6.823980238374068204e-03
2.107055155085470980e-03 1.959249589238919523e-03 -1.820871560762466358e-03 -2.698740613372399132e-03 5.487803090816515197e-03 7.893954786697836984e-03 8.137137326215465247e-03 8.189467834649289540e-03
2.457577761420526741e-03 2.285969415709476499e-03 -2.124583285419759209e-03 -3.147560925844802935e-03 6.402206732235373593e-03 9.209560420946300702e-03 9.493098445114969350e-03 9.555186042520005113e-03
2.807913733800630491e-03 2.612740240938158428e-03 -2.428361724440128520e-03 -3.596103898851624875e-03 7.316544218695457055e-03 1.052515058963453265e-02 1.084899398909225550e-02 1.092113490297093314e-02
3.158063075952515127e-03 2.939562093619204133e-03 -2.732206917481465411e-03 -4.044369435993339437e-03 8.230815406936226736e-03 1.184072522459083537e-02 1.220482384235643467e-02 1.228731445703631041e-02
3.508025791639964638e-03 3.266435002467154777e-03 -3.036118904252614603e-03 -4.492357440805455279e-03 9.145020153610513430e-03 1.315628425746947008e-02 1.356058788893095210e-02 1.365372474580070321e-02
