0.000000000000000000e+00 0.000000000000000000e+00 0.000000000000000000e+00 0.000000000000000000e+00
5.837672890008509296e-04 -6.102765206216415918e-04 2.414454635681469175e-03 2.546142296346629030e-03
1.166893415178289761e-03 -1.219836617523499317e-03 4.830398700267215378e-03 5.093942167173168278e-03
1.749377267174356300e-03 -1.828678976789177785e-03 7.247834265567253825e-03 7.643402058616954702e-03
2.331217730609855179e-03 -2.436802280754703839e-03 9.666763409347928909e-03 1.019452442435350020e-02
2.912413688069424335e-03 -3.044205207984424302e-03 1.208718821541007044e-02 1.274731172570335233e-02
3.492964019087033047e-03 -3.650886433254283466e-03 1.450911077361984394e-02 1.530176643167492634e-02
4.072867600132555610e-03 -4.256844627533806248e-03 1.693253317994328211e-02 1.785789101900891324e-02
4.652123304597508870e-03 -4.862078457967159567e-03 1.935745753647768672e-02 2.041568797222162793e-02
5.230730002781011807e-03 -5.466586587855960799e-03 2.178388595148594842e-02 2.297515978365047978e-02
5.808686561876220435e-03 -6.070367676640329828e-03 2.421182053942894791e-02 2.553630895349824625e-02
