0.000000000000000000e+00 0.000000000000000000e+00 0.000000000000000000e+00 0.000000000000000000e+00 0.000000000000000000e+00 0.000000000000000000e+00 0.000000000000000000e+00 0.000000000000000000e+00
6.859668682694101309e-04 -2.113624936072475374e-04 1.693180298064990463e-04 -6.599630890831906498e-04 2.073068029460081035e-03 1.048909233059025416e-03 7.269481655082784622e-04 2.147287169729757486e-03
1.371521697847409528e-03 -4.228415596747588752e-04 3.386955050434699039e-04 -1.319516058785027155e-03 4.146608669174167879e-03 2.097677747807368161e-03 1.453643617190776040e-03 4.295273619595967041e-03
2.056664250316574908e-03 -6.344372551075771636e-04 5.081323948097557497e-04 -1.978658576953192579e-03 6.220621209902270007e-03 3.146305513737110426e-03 2.180086300599690021e-03 6.443959096625744704e-03
2.741394287711885862e-03 -8.461496369892205181e-04 6.776286682678265985e-04 -2.637390311608300668e-03 8.295104939379488451e-03 4.194792500545428161e-03 2.906276161437899245e-03 8.593343345745832820e-03
3.425711572526116046e-03 -1.057978762583547307e-03 8.471842946447754414e-04 -3.295710930947880288e-03 1.037005914231624130e-02 5.243138678149447673e-03 3.632213145570174859e-03 1.074342610978846688e-02
4.109615867712287061e-03 -1.269924689336565876e-03 1.016799243233722097e-03 -3.953620103347709434e-03 1.244548310039193285e-02 6.291344016687903593e-03 4.357897199024644320e-03 1.289420712948630143e-02
4.793106936685438517e-03 -1.481987474876794502e-03 1.186473483394082746e-03 -4.611117497363676800e-03 1.452137609224136462e-02 7.339408486522112050e-03 5.083328267992032884e-03 1.504568614346504622e-02
5.476184543325324228e-03 -1.694167177016910790e-03 1.356206984552207982e-03 -5.268202781733718164e-03 1.659773739344776872e-02 8.387332058236074764e-03 5.808506298825535236e-03 1.719786288823646481e-02
6.158848451978225433e-03 -1.906463853754701001e-03 1.525999716202357508e-03 -5.924875625379005979e-03 1.867456627653237000e-02 9.435114702637897172e-03 6.533431238043172981e-03 1.935073709819041393e-02
6.841098427459705103e-03 -2.118877563273725752e-03 1.695851647907220235e-03 -6.581135697406379284e-03 2.075186201094449470e-02 1.048275639076109642e-02 7.258103032325621470e-03 2.150430850558950058e-02
