0.000000000000000000e+00 0.000000000000000000e+00 0.000000000000000000e+00 0.000000000000000000e+00 0.000000000000000000e+00 0.000000000000000000e+00 0.000000000000000000e+00 0.000000000000000000e+00
3.628788885036509336e-04 -1.804358553572202027e-05 1.089774585919365033e-04 -5.424250948452974397e-04 1.408094385342552064e-03 1.219573314944699064e-03 1.262799043033567591e-03 1.772020547503881443e-03
7.255489835945951082e-04 -3.608071806549778917e-05 2.179216159062171570e-04 -1.084541189999122836e-03 2.816521453140974612e-03 2.439167124516853323e-03 2.525552418060424305e-03 3.544419401421771299e-03
1.088010094221425732e-03 -5.411138897868031784e-05 3.268324522025502980e-04 -1.626348048539094085e-03 4.225281511251248803e-03 3.658781425628565218e-03 3.788260101857199649e-03 5.317196943807432977e-03
1.450262028922373082e-03 -7.213558964536088492e-05 4.357099477239329672e-04 -2.167845433004568240e-03 5.634374868121468094e-03 4.878416215157592266e-03 5.050922071173379047e-03 7.090353557605181406e-03
1.812304595822361759e-03 -9.015331141612323773e-05 5.445540826978125101e-04 -2.709033105392627799e-03 7.043801832805961921e-03 6.098071489953953324e-03 6.313538302738976732e-03 8.863889626682186842e-03
2.174137602631307301e-03 -1.081645456227473445e-04 6.533648373350212264e-04 -3.249910827156829093e-03 8.453562714964960034e-03 7.317747246838990534e-03 7.576108773265580708e-03 1.063780553583210456e-02
2.535760856643272561e-03 -1.261692835767017030e-04 7.621421918305725266e-04 -3.790478359204047919e-03 9.863657824868319116e-03 8.537443482605652084e-03 8.838633459444550367e-03 1.241210167077791589e-02
2.897174164734632375e-03 -1.441675165708825360e-04 8.708861263631970020e-04 -4.330735461892490021e-03 1.127408747339746393e-02 9.757160194017301322e-03 1.010111233794859162e-02 1.418677841817720352e-02
3.258377333362745196e-03 -1.621592358779754808e-04 9.795966210948835358e-04 -4.870681895029863560e-03 1.268485197204671441e-02 1.097689737780981056e-02 1.136354538542998574e-02 1.596183616562264762e-02
3.619370168564918326e-03 -1.801444327512004631e-04 1.088273656171113166e-03 -5.410317417870502514e-03 1.409595163292566046e-02 1.219665503068929381e-02 1.262593257852174036e-02 1.773727530164749544e-02
