0.000000000000000000e+00 0.000000000000000000e+00 0.000000000000000000e+00 0.000000000000000000e+00 0.000000000000000000e+00 0.000000000000000000e+00 0.000000000000000000e+00 0.000000000000000000e+00 0.000000000000000000e+00 0.000000000000000000e+00
1.550678687854988892e-03 6.294379706844265530e-04 9.100827275671825997e-05 -5.068324489093797500e-04 -1.764292475654820423e-03 3.992514255544973162e-03 5.388415305878651966e-03 5.822293427283303444e-03 6.017547825037951846e-03 4.786271332816379419e-03
3.100118161577954373e-03 1.259459068388235929e-03 1.831342798792764915e-04 -1.012598306658965552e-03 -3.530113196346748410e-03 7.980610853057817922e-03 1.077255675053465957e-02 1.164407168741965481e-02 1.203849932980055430e-02 9.578345668852614181e-03
4.648296084944558010e-03 1.890075630457045469e-03 2.763953845310384390e-04 -1.517283750190016140e-03 -5.297483342792336583e-03 1.196421001982606383e-02 1.615236376525084130e-02 1.746533437913393855e-02 1.806291435639610990e-02 1.437630391216104114e-02
6.195189662754689922e-03 2.521300232388163157e-03 3.708093072990034569e-04 -2.020874667582927935e-03 -7.066424527795862540e-03 1.594323032898062667e-02 2.152777453579356876e-02 2.328608109937330140e-02 2.409085399003466077e-02 1.918022862168603307e-02
7.740775630177691366e-03 3.153145694701646028e-03 4.663941365920893853e-04 -2.523356646879983643e-03 -8.836958807413175174e-03 1.991758865669238099e-02 2.689872597241899782e-02 2.910631144444358887e-02 3.012238058983006395e-02 2.399020405558153005e-02
9.285030240679023258e-03 3.785625088959521101e-03 5.631683382488108635e-04 -3.024714968203186423e-03 -1.060910869238818749e-02 2.388720013816493168e-02 3.226515367665033773e-02 3.492602500984368086e-02 3.615755782186440975e-02 2.880631621554059080e-02
1.082792925357171400e-02 4.418751743969402852e-03 6.611507654448252509e-04 -3.524934595625947402e-03 -1.238289715994308690e-02 2.785197812225285313e-02 3.762699190700923707e-02 4.074522139009147115e-02 4.219645069329210074e-02 3.362865289251276701e-02
1.236944792117641335e-02 5.052539252176743018e-03 7.603606689138959172e-04 -4.024000168787199294e-03 -1.415834766593929497e-02 3.181183412465465876e-02 4.298417354366994986e-02 4.656390017853856422e-02 4.823912558751069363e-02 3.845730371387673374e-02
1.390956097557640228e-02 5.687001476254949228e-03 8.608177074912164856e-04 -4.521895994238776112e-03 -1.593548415741720056e-02 3.576667777962684591e-02 4.833663005198828022e-02 5.238206096716738897e-02 5.428565030045440915e-02 4.329236019210423725e-02
1.544824261495368091e-02 6.322152555899161926e-03 9.625419589930151246e-04 -5.018606036516515614e-03 -1.771433108553346208e-02 3.971641679016696402e-02 5.368429144486886601e-02 5.819970334637821624e-02 6.033609407803352392e-02 4.813391577498233459e-02
