0.000000000000000000e+00 0.000000000000000000e+00 0.000000000000000000e+00 0.000000000000000000e+00 0.000000000000000000e+00 0.000000000000000000e+00 0.000000000000000000e+00 0.000000000000000000e+00
5.623630140491755287e-04 8.639928658697172117e-05 -2.287486178358924722e-04 -2.137202148958444801e-04 2.057533596305211650e-03 5.119189351230678340e-04 1.444697471606182703e-03 3.593441168570650881e-04
1.124293928808094188e-03 1.728191886580636991e-04 -4.575583699571072116e-04 -4.272804536559500336e-04 4.115910090428545262e-03 1.023472428754967391e-03 2.889710360297264441e-03 7.183230553109070998e-04
1.685792275981923488e-03 2.592597238188555121e-04 -6.864293987254516463e-04 -6.406806469541175822e-04 6.175129862006233442e-03 1.534660366015707517e-03 4.335038927367233612e-03 1.076936491852277349e-03
2.246857586809075831e-03 3.457209096196479318e-04 -9.153618468265301835e-04 -8.539207253529283118e-04 8.235193290803398750e-03 2.045482631955383799e-03 5.780683434405424828e-03 1.435184102797216425e-03
2.807489392059206966e-03 4.322027635562358913e-04 -1.144355857271164758e-03 -1.067000619304465372e-03 1.029610075673087315e-02 2.555939111562860640e-03 7.226644143296332215e-03 1.793065564289335681e-03
3.367687222033174683e-03 5.187053030698138755e-04 -1.373411573395832714e-03 -1.279920259149722444e-03 1.235785263984459821e-02 3.066029689765831755e-03 8.672921316223446836e-03 2.150580552297155085e-03
3.927450606560947168e-03 6.052285455466279189e-04 -1.602529138864021950e-03 -1.492679575118084244e-03 1.442044932034744660e-02 3.575754251428064131e-03 1.011951521566795478e-02 2.507728742613747272e-03
4.486779075000416235e-03 6.917725083176242155e-04 -1.831708697666246857e-03 -1.705278497326884494e-03 1.648389117858901909e-02 4.085112681349388486e-03 1.156642610441214677e-02 2.864509810856157718e-03
5.045672156236526498e-03 7.783372086581988314e-04 -2.060950394121863379e-03 -1.917716955780394798e-03 1.854817859506668193e-02 4.594104864266466449e-03 1.301365424553887692e-02 3.220923432463293143e-03
5.604129378679482097e-03 8.649226637879959883e-04 -2.290254372879607214e-03 -2.129994880369624928e-03 2.061331195042616013e-02 5.102730684849863217e-03 1.446119990243449442e-02 3.576969282695990470e-03
