0.000000000000000000e+00 0.000000000000000000e+00 0.000000000000000000e+00 0.000000000000000000e+00 0.000000000000000000e+00 0.000000000000000000e+00
3.009457615715316510e-03 -3.206462225846747104e-04 -2.688811393130526983e-03 6.473371930542314544e-03 1.044971552627635414e-02 5.298968749944919787e-03
6.021140527653707532e-03 -6.421207875545874473e-04 -5.379019740099045925e-03 1.294660521128492350e-02 2.090060677071330780e-02 1.059690043152894737e-02
9.035053739621448643e-03 -9.644270788860889732e-04 -8.070626660735167116e-03 1.941970249498280177e-02 3.135266804954641578e-02 1.589379807576185924e-02
1.205120225768895742e-02 -1.287568522900014957e-03 -1.076363373478879219e-02 2.589266644659408284e-02 4.180589366355809411e-02 2.118966471690278755e-02
1.506959108769502162e-02 -1.611548588624112967e-03 -1.345804249907060074e-02 3.236549974075447061e-02 5.226027790320597610e-02 2.648450338985816957e-02
1.809022523262571527e-02 -1.936370788139451463e-03 -1.615385444448596067e-02 3.883820505908702758e-02 6.271581505408231616e-02 3.177831712741289311e-02
2.111310968986710931e-02 -2.262038676909704574e-03 -1.885107101295711504e-02 4.531078508733410448e-02 7.317249940272187170e-02 3.707110895729025940e-02
2.413824944832489161e-02 -2.588555854091287474e-03 -2.154969359423322336e-02 5.178324251230376901e-02 8.363032524277812241e-02 4.236288189902823187e-02
2.716564948540958063e-02 -2.915925962825319240e-03 -2.424972352258394914e-02 5.825558001862519986e-02 9.408928688157792986e-02 4.765363896067018046e-02
3.019531476388315205e-02 -3.244152690508528974e-03 -2.695116207337417899e-02 6.472780028529985519e-02 1.045493786470822473e-01 5.294338313525506073e-02
