0.000000000000000000e+00 0.000000000000000000e+00 0.000000000000000000e+00 0.000000000000000000e+00 0.000000000000000000e+00 0.000000000000000000e+00 0.000000000000000000e+00 0.000000000000000000e+00 0.000000000000000000e+00 0.000000000000000000e+00
3.718825921453750797e-04 8.048755199235708654e-05 2.537448357844634766e-04 -1.782073001080533407e-04 -7.655295081812837649e-04 1.381335852562196650e-03 5.758423221693119735e-04 1.224864434652691431e-03 1.658103440932667512e-03 2.527571281739008583e-03
7.435266711625535896e-04 1.608918383121252314e-04 5.075004860796328461e-04 -3.564544483663289543e-04 -1.530371517056867145e-03 2.763043409514079514e-03 1.151492189721813617e-03 2.449663456377915854e-03 3.316108069314258229e-03 5.056324052631342922e-03
1.114932099561041822e-03 2.412128663581548471e-04 7.612669079209312796e-04 -5.347415612290594639e-04 -2.294525193681081973e-03 4.145122824369500830e-03 1.726949558538774885e-03 3.674397042066685892e-03 4.974013672789299317e-03 7.586259314941224720e-03
1.486098739709254936e-03 3.214506435415188826e-04 1.015044058240424738e-03 -7.130687554219046877e-04 -3.057989703561872930e-03 5.527574250739677661e-03 2.302214384487153397e-03 4.899065168514075280e-03 6.631820038504271028e-03 1.011737807280131338e-02
1.857026453835059713e-03 4.016051772856002369e-04 1.268831893865334176e-03 -8.914361479445004083e-04 -3.820764210657027777e-03 6.910397842335871607e-03 2.877286623420591792e-03 6.123667812429753853e-03 8.289526953124060765e-03 1.264968133229166930e-02
2.227715104024456487e-03 4.816764750264948113e-04 1.522630371517798590e-03 -1.069843856071305216e-03 -4.582847877367698594e-03 8.293593752969530622e-03 3.452166231180365218e-03 7.348204950435689893e-03 9.947134202827462995e-03 1.518317010144608001e-02
2.598164552222074521e-03 5.616645442124546363e-04 1.776439447814280983e-03 -1.248291997353238305e-03 -5.344239864532557283e-03 9.677162136551800686e-03 4.026853163594356320e-03 8.572676559068079585e-03 1.160464157330883504e-02 1.771784539026200270e-02
2.968374660230125965e-03 6.415693923034536481e-04 2.030259079265276170e-03 -1.426780689617722407e-03 -6.104939331421216191e-03 1.106110314709480083e-02 4.601347376478394022e-03 9.797082614774186779e-03 1.326204884977293975e-02 2.025370821070852922e-02
3.338345289708513196e-03 7.213910267716694543e-04 2.284089222274469227e-03 -1.605310050970213927e-03 -6.864945435728416791e-03 1.244541693871054240e-02 5.175648825633589849e-03 1.102142309391409246e-02 1.491935581693732728e-02 2.279075957673300581e-02
3.708076302174183499e-03 8.011294551003224785e-04 2.537929833138428872e-03 -1.783880199795077458e-03 -7.624257333567022697e-03 1.383010366561020395e-02 5.749757466848115159e-03 1.224569797275883165e-02 1.657656225902774672e-02 2.532900050427341551e-02
