0.000000000000000000e+00 0.000000000000000000e+00 0.000000000000000000e+00 0.000000000000000000e+00 0.000000000000000000e+00 0.000000000000000000e+00 0.000000000000000000e+00 0.000000000000000000e+00 0.000000000000000000e+00 0.000000000000000000e+00
8.771177876636408657e-04 7.786152673995252365e-04 -1.381104604651233782e-04 -4.166543019056575094e-04 -1.100968290511121148e-03 4.197629030292871974e-03 5.786290965996468937e-03 6.264158088027342933e-03 5.293787907934877773e-03 5.093865701456342168e-03
1.753661100176586319e-03 1.558422590512814707e-03 -2.767203638957284849e-04 -8.330211177933389720e-04 -2.202342206809281867e-03 8.393882693409251972e-03 1.157336450298275358e-02 1.252955051681233639e-02 1.058843981465066447e-02 1.018622583906869661e-02
2.629626008408871181e-03 2.339424354337493045e-03 -4.158342933528226277e-04 -1.249091320937655274e-03 -3.304124746259875806e-03 1.258875230394224456e-02 1.736122532286665798e-02 1.879618469828233870e-02 1.588396434292766238e-02 1.527706837206291302e-02
3.505008535169320313e-03 3.121622962446174085e-03 -5.554569169535959142e-04 -1.664855658032201452e-03 -4.406318920433339136e-03 1.678222910641238852e-02 2.314987816003777690e-02 2.506406810423208315e-02 2.118037017504902086e-02 2.036638116744752397e-02
4.379804656561075635e-03 3.905020838484448906e-03 -6.955929873608652451e-04 -2.080304749888108040e-03 -5.508927755605299084e-03 2.097430427626567270e-02 2.893932778110202761e-02 3.133320827016950610e-02 2.647766605727085859e-02 2.545415200140332609e-02
5.254010301201277391e-03 4.689620426013940517e-03 -8.362473438725407174e-04 -2.495429088575807676e-03 -6.611954292586569304e-03 2.516496891904029462e-02 3.472957898498572893e-02 3.760361279645078186e-02 3.177586080034727756e-02 3.054036855835404879e-02
6.127621349431521675e-03 5.475424188300460730e-03 -9.774249145643844686e-04 -2.910219034457468476e-03 -7.715401586546965715e-03 2.935421406951930004e-02 4.052063660302272774e-02 4.387528934945108400e-02 3.707496328005396163e-02 3.562501843002878477e-02
7.000633632519626982e-03 6.262434608045893900e-03 -1.119130718489770582e-03 -3.324664813105354926e-03 -8.819272706831606662e-03 3.354203069087074301e-02 4.631250549903351971e-02 5.014824566277509971e-02 4.237498243770529416e-02 4.070808911451587186e-02
7.873042931853120943e-03 7.050654187056856065e-03 -1.261369867933462979e-03 -3.738756512098463658e-03 -9.923570736770886969e-03 3.772840967377741328e-02 5.210519056938539562e-02 5.642248953850863280e-02 4.767592728066762098e-02 4.578956801531052639e-02
8.744844978123783238e-03 7.840085445846415452e-03 -1.404147570724698525e-03 -4.152484077695864188e-03 -1.102829877348229445e-02 4.191334183555096154e-02 5.789869674304149588e-02 6.269802884850836366e-02 5.297780688286567868e-02 5.086944244035387919e-02
