0.000000000000000000e+00 0.000000000000000000e+00 0.000000000000000000e+00 0.000000000000000000e+00 0.000000000000000000e+00 0.000000000000000000e+00 0.000000000000000000e+00 0.000000000000000000e+00
5.617166182582243204e-04 8.194841152840845954e-05 -8.191428461518281004e-05 -5.626502593403663903e-04 1.892318293850171664e-03 1.178533996963920111e-03 1.179616089669653948e-03 1.896911409623118234e-03
1.122973643033792429e-03 1.638426195030782387e-04 -1.637620784288795696e-04 -1.124888113664447749e-03 3.785081320627232699e-03 2.356949003611498797e-03 2.359165897722250143e-03 3.794465495734728345e-03
1.683770738655146612e-03 2.456826158462045956e-04 -2.455433272742579094e-04 -1.686713396107502108e-03 5.678288445629443154e-03 3.535244873620219455e-03 3.538649559939522748e-03 5.692662967468776342e-03
2.244107569057127768e-03 3.274683925281136128e-04 -3.272579768314465287e-04 -2.248125940029929888e-03 7.571939029602805203e-03 4.713421459869485998e-03 4.718067212932315277e-03 7.591504537924542370e-03
2.803983797775774171e-03 4.091999415676293760e-04 -4.089059726249442235e-04 -2.809125579025618241e-03 9.466032428695184478e-03 5.891478614437642598e-03 5.897418994157641384e-03 9.490990924226502118e-03
3.363399087945712768e-03 4.908772550332217779e-04 -4.904872600225932550e-04 -3.369712146923768692e-03 1.136056799442868893e-02 7.069416188595849249e-03 7.076705041926109260e-03 1.139112284755592827e-02
3.922353102298746681e-03 5.725003250430442218e-04 -5.720017842344055385e-04 -3.929885477789784448e-03 1.325554507366391403e-02 8.247234032804428433e-03 8.255925495405477821e-03 1.329190103317932914e-02
4.480845503161464544e-03 6.540691437657313772e-04 -6.534494903123551270e-04 -4.489645405927294823e-03 1.515096300856943329e-02 9.424931996703208789e-03 9.435080494630666489e-03 1.519332621048371905e-02
5.038875952452877803e-03 7.355837034203486016e-04 -7.348303231486211532e-04 -5.048991765879575974e-03 1.704682113658732498e-02 1.060250992910951456e-02 1.061417018050568248e-02 1.709539911300465842e-02
5.596444111682438369e-03 8.170439962773034300e-04 -8.161442274754816860e-04 -5.607924392431086133e-03 1.894311879040181529e-02 1.177996767800857172e-02 1.179319469481290676e-02 1.899812047846089272e-02
