0.000000000000000000e+00 0.000000000000000000e+00 0.000000000000000000e+00 0.000000000000000000e+00 0.000000000000000000e+00 0.000000000000000000e+00
3.874315416266737363e-03 -8.101077220577864064e-04 -3.064207694209071086e-03 4.071366944979905832e-03 1.759533218579863514e-02 3.839989903179489780e-03
7.741182924785990939e-03 -1.632829720147848176e-03 -6.108353204638551290e-03 8.136598024686535896e-03 3.520571536490550019e-02 7.671064678323447766e-03
1.159970938816586201e-02 -2.468435328925482064e-03 -9.131274059241190066e-03 1.219560481423737769e-02 5.283142383071048886e-02 1.149303845692605484e-02
1.544895274113514301e-02 -3.317197530757917678e-03 -1.213175521037804239e-02 1.624829804755062099e-02 7.047273866325703962e-02 1.530571942502408946e-02
1.928791935415645822e-02 -4.179392579967456528e-03 -1.510852677419020906e-02 2.029458775770899559e-02 8.812994781573128822e-02 1.910890959634913358e-02
2.311556125764899564e-02 -5.055299560635181585e-03 -1.806026169701515499e-02 2.433438344094295339e-02 1.058033461890542926e-01 2.290240457375009378e-02
2.693077322100485491e-02 -5.945199871243840931e-03 -2.098557334976258737e-02 2.836759424745527100e-02 1.234932356925702024e-01 2.668599329767994480e-02
3.073238968087192366e-02 -6.849376629402112795e-03 -2.388301305147163406e-02 3.239412920272211061e-02 1.411999252886564360e-01 3.045945778028474882e-02
3.451918151366845100e-02 -7.768113990132691216e-03 -2.675106752353790737e-02 3.641389746337065497e-02 1.589237310189078878e-01 3.422257282334301154e-02
3.828985264805954969e-02 -8.701696371783074896e-03 -2.958815627627894157e-02 4.042680861225883548e-02 1.766649760093848831e-01 3.797510571793535905e-02
