0.000000000000000000e+00 0.000000000000000000e+00 0.000000000000000000e+00 0.000000000000000000e+00
1.009890816804417425e-02 -1.009890816804392272e-02 1.561913069825095722e-02 7.466206893913199943e-03
2.027536200162452507e-02 -2.027536200162394567e-02 3.122891819585982276e-02 1.494175698846868065e-02
3.053100114205841570e-02 -3.053100114205748936e-02 4.682910444556537266e-02 2.242690833092745792e-02
4.086752175342128757e-02 -4.086752175342019122e-02 6.241942155492875149e-02 2.992192881372853983e-02
5.128667889498366578e-02 -5.128667889498206983e-02 7.799959115213277172e-02 3.742709680868874095e-02
6.179028893896319763e-02 -6.179028893896126862e-02 9.356932370403049648e-02 4.494270184895553244e-02
7.238023200679548352e-02 -7.238023200679341573e-02 1.091283177830343482e-01 5.246904536211598191e-02
8.305845438463585473e-02 -8.305845438463341224e-02 1.246762592792105967e-01 6.000644145810407615e-02
9.382697086119472230e-02 -9.382697086119209939e-02 1.402128205536922467e-01 6.755521777578668563e-02
1.046878669059933126e-01 -1.046878669059903566e-01 1.557376595292835897e-01 7.511571639235982423e-02
