0.000000000000000000e+00 0.000000000000000000e+00 0.000000000000000000e+00 0.000000000000000000e+00
8.378827809244510094e-03 -8.378827809244281111e-03 1.207668817544964648e-02 1.197907706359667250e-02
1.682169784676748256e-02 -1.682169784676693786e-02 2.415286724893324008e-02 2.395866322915952973e-02
2.532987267799298101e-02 -2.532987267799214487e-02 3.622853423952295676e-02 3.593876147761565498e-02
3.390465724364919581e-02 -3.390465724364812028e-02 4.830368608168653100e-02 4.791937487449864086e-02
4.254740077205600157e-02 -4.254740077205464155e-02 6.037831961469089515e-02 5.990050658054040661e-02
5.125949878142541799e-02 -5.125949878142371796e-02 7.245243157057312811e-02 7.188215986370458110e-02
6.004239517141127247e-02 -6.004239517140935734e-02 8.452601856040076189e-02 8.386433811292309803e-02
6.889758440093969594e-02 -6.889758440093729508e-02 9.659907705847486925e-02 9.584704485389533568e-02
7.782661374626405337e-02 -7.782661374626159700e-02 1.086716033840021273e-01 1.078302837674140757e-01
8.683108562891730942e-02 -8.683108562891447835e-02 1.207435936796132508e-01 1.198140587108494637e-01
