0.000000000000000000e+00 0.000000000000000000e+00 0.000000000000000000e+00 0.000000000000000000e+00 0.000000000000000000e+00 0.000000000000000000e+00
6.217616298090004965e-04 8.582124634428617391e-05 -4.683608352603169881e-04 2.492142220081236363e-03 1.777377698951111739e-03 2.120828125594922432e-03
1.242997895979448646e-03 1.716550504465417419e-04 -9.362926605120477528e-04 4.985248009438277700e-03 3.554865597494212895e-03 4.242478704310244722e-03
1.863707937229588680e-03 2.575014130274327711e-04 -1.403794755189713590e-03 7.479318654984423026e-03 5.332463684085769762e-03 6.364952806812278555e-03
2.483890889454815239e-03 3.433603348186972551e-04 -1.870866396442429341e-03 9.974355447739769592e-03 7.110171947036183181e-03 8.488251507017973221e-03
3.103545885696164502e-03 4.292318165640644366e-04 -2.337506859110760442e-03 1.247035968294952536e-02 8.887990374529360776e-03 1.061237588216363062e-02
3.722672056123874432e-03 5.151158590195534237e-04 -2.803715415714282035e-03 1.496733266010782590e-02 1.066591895462217811e-02 1.273732701282393256e-02
4.341268528020828139e-03 6.010124629528007132e-04 -3.269491336439112484e-03 1.746527568298098659e-02 1.244395767524548481e-02 1.486310598292912670e-02
4.959334425765818573e-03 6.869216291443109267e-04 -3.734833889126313276e-03 1.996419005963529988e-02 1.422210652420154674e-02 1.698971387978331568e-02
5.576868870817202652e-03 7.728433583859050998e-04 -4.199742339258763675e-03 2.246407710245813469e-02 1.600036548916606433e-02 1.911715179408372475e-02
6.193870981695811205e-03 8.587776514822328738e-04 -4.664215949948749204e-03 2.496493812818754987e-02 1.777873455768689062e-02 2.124542081993895798e-02
