0.000000000000000000e+00 0.000000000000000000e+00 0.000000000000000000e+00 0.000000000000000000e+00
4.782101959731332465e-04 -6.373150228432622813e-04 1.887020617559625503e-03 1.776747094180010323e-03
9.560331315592322712e-04 -1.274228380288734827e-03 3.774887215795606418e-03 3.553703751375312733e-03
1.433468365279559663e-03 -1.910739951631049843e-03 5.663600554573469149e-03 5.330869555556330339e-03
1.910515454868161583e-03 -2.546849616370036509e-03 7.553161395167881133e-03 7.108244089999955946e-03
2.387173957268512968e-03 -3.182557254214601113e-03 9.443570500282947103e-03 8.885826937308072618e-03
2.863443428631667724e-03 -3.817862745082306174e-03 1.133482863405851047e-02 1.066361767940978908e-02
3.339323424313270228e-03 -4.452765969100367684e-03 1.322693656207456041e-02 1.244161589755795466e-02
3.814813498871187213e-03 -5.087266806604573942e-03 1.511989505135687660e-02 1.421982117233077172e-02
4.289913206062808543e-03 -5.721365138140693286e-03 1.701370487038173646e-02 1.599823308362949975e-02
4.764622098842746095e-03 -6.355060844463754181e-03 1.890836678908149396e-02 1.777685121067875892e-02
