0.000000000000000000e+00 0.000000000000000000e+00 0.000000000000000000e+00 0.000000000000000000e+00 0.000000000000000000e+00 0.000000000000000000e+00
2.114617058053330865e-03 1.004841359207362447e-03 -3.119458417260701118e-03 4.345305980495161452e-03 9.946386496239266461e-03 9.095976333928324636e-03
4.223716102954384356e-03 2.024100949138112754e-03 -6.247817052092363536e-03 8.660776560764400431e-03 1.989152231763164150e-02 1.822303874292988818e-02
6.327176990442970154e-03 3.058018913149123177e-03 -9.385195903592144506e-03 1.294592873613498521e-02 2.983539568855411023e-02 2.738168200729968610e-02
8.424876890609096433e-03 4.106840455913245147e-03 -1.253171734652231556e-02 1.720026918523332241e-02 3.977799466808733253e-02 3.657241138933068486e-02
1.051669021303642745e-02 5.170815972668186059e-03 -1.568750618570460137e-02 2.142329399267104209e-02 4.971930714688780478e-02 4.579574291375541201e-02
1.260248852941516992e-02 6.250201182246036338e-03 -1.885268971166101371e-02 2.561448836279575647e-02 5.965932084389969497e-02 5.505220365728185489e-02
1.468214049352218123e-02 7.345257264003105836e-03 -2.202739775752508497e-02 2.977332632416592254e-02 6.959802330289088790e-02 6.434233204758306457e-02
1.675551175846342819e-02 8.456250998775375130e-03 -2.521176275723881546e-02 3.389927042441470695e-02 7.953540188879397455e-02 7.366667817209424096e-02
1.882246489106832732e-02 9.583454913982797363e-03 -2.840591980505108305e-02 3.799177141513270656e-02 8.947144378383369012e-02 8.302580409699920894e-02
2.088285928332046099e-02 1.072714743301668439e-02 -3.161000671633704129e-02 4.205026792640411543e-02 9.940613598341692392e-02 9.242028419680742291e-02
