0.000000000000000000e+00 0.000000000000000000e+00 0.000000000000000000e+00 0.000000000000000000e+00 0.000000000000000000e+00 0.000000000000000000e+00
2.833805662019688639e-03 1.610537100423903127e-06 -2.835416199119946551e-03 7.270166630132007118e-03 1.077693421984658034e-02 7.295757853731579291e-03
5.669629338601560667e-03 3.279429840774214511e-06 -5.672908768442138858e-03 1.454061667526937787e-02 2.155277803453439084e-02 1.459232269761663245e-02
8.507472566480323017e-03 5.008087752219909233e-06 -8.512480654232428001e-03 2.181134730357836907e-02 3.232752849956388452e-02 2.188970030798789365e-02
1.134733680164080188e-02 6.797965583456300198e-06 -1.135413476722397889e-02 2.908235554962702515e-02 4.310118274820098905e-02 2.918789651701279159e-02
1.418922341529448364e-02 8.650565425189112034e-06 -1.419787398071938045e-02 3.635363830941818614e-02 5.387373799531845059e-02 3.648691721381396719e-02
1.703313368970630487e-02 1.056743894782986165e-05 -1.704370112865376957e-02 4.362519233524363160e-02 6.464519154135384138e-02 4.378676834566339049e-02
1.987906881386796235e-02 1.255018975484124139e-05 -1.989161900362259108e-02 5.089701423034116018e-02 7.541554077638980280e-02 5.108745591924023638e-02
2.272702987901339261e-02 1.460047586165046096e-05 -2.274163035487444459e-02 5.816910044335624891e-02 8.618478318435575380e-02 5.838898600196895661e-02
2.557701787396935919e-02 1.672001230179024495e-05 -2.559373788627067672e-02 6.544144726259776279e-02 9.695291634735382635e-02 6.569136472343932442e-02
2.842903368034149433e-02 1.891057387070228107e-05 -2.844794425421154349e-02 7.271405081007997762e-02 1.077199379501079801e-01 7.299459827691349989e-02
