0.000000000000000000e+00 0.000000000000000000e+00 0.000000000000000000e+00 0.000000000000000000e+00 0.000000000000000000e+00 0.000000000000000000e+00 0.000000000000000000e+00 0.000000000000000000e+00 0.000000000000000000e+00 0.000000000000000000e+00
5.790594512761194869e-04 1.581430914777721009e-04 7.769220979991854042e-07 -1.565583681265895967e-04 -5.866695396579566174e-04 1.925332815685732802e-03 1.143066986191914030e-03 1.136670642001896521e-03 1.155531412924598600e-03 1.956165278162454169e-03
1.157651987145624350e-03 3.162484806309140135e-04 1.558880971953054918e-06 -3.130718777203374899e-04 -1.172910109454503068e-03 3.851159616009201380e-03 2.286017075229726091e-03 2.273252465039426583e-03 2.311021782452172841e-03 3.913048134710377102e-03
1.735777269523038199e-03 4.743162097721951285e-04 2.345889738889619329e-06 -4.695405517893853496e-04 -1.758721459145021464e-03 5.777479957240320291e-03 3.428850098483654605e-03 3.409745482566825091e-03 3.466471257623330270e-03 5.870649263992431567e-03
2.313434960068362547e-03 6.323463213071891815e-04 3.137961556563866606e-06 -6.259644133824878668e-04 -2.344103338366582742e-03 7.704293392587857267e-03 4.571565886571165097e-03 4.546149708078313194e-03 4.621879988226914107e-03 7.828969363201238041e-03
2.890624720184713139e-03 7.903388577365304778e-04 3.935109624009619749e-06 -7.823434855891398757e-04 -2.929055496645336688e-03 9.631599472180871896e-03 5.714164269349140957e-03 5.682465155115148416e-03 5.777248124815311317e-03 9.788009132425924685e-03
3.467346211017469614e-03 9.482938616558948645e-04 4.737347182551076030e-06 -9.386777915390246037e-04 -3.513577683395704108e-03 1.155939774304915769e-02 6.856645075912780156e-03 6.818691837266994439e-03 6.932575818711506424e-03 1.174776927466834354e-02
4.043599093453459532e-03 1.106211375756682670e-03 5.544687515059770205e-06 -1.094967354402914860e-03 -4.097669647919924274e-03 1.348768774910774626e-02 7.999008134589367588e-03 7.954829768171193388e-03 8.087863222009517364e-03 1.370825049586106743e-02
4.619383028120859283e-03 1.264091442825335601e-03 6.357143947533231749e-06 -1.251212197392260334e-03 -4.681331139407868443e-03 1.541646903113553894e-02 9.141253272934551921e-03 9.090878961512397632e-03 9.243110487584556625e-03 1.566945350488727767e-02
5.194697675388037020e-03 1.421934105744883685e-03 7.174729848003245786e-06 -1.407412343759245057e-03 -5.264561906935980376e-03 1.734574112676003088e-02 1.028338031772602600e-02 1.022683943102405645e-02 1.039831776909195052e-02 1.763137901359835072e-02
5.769542695363002321e-03 1.579739407494055352e-03 7.997458627273577278e-06 -1.563567816796650363e-03 -5.847361699467029141e-03 1.927550357043674584e-02 1.142538909496073306e-02 1.136271119048678190e-02 1.155348522097616321e-02 1.959402773683378840e-02
