0.000000000000000000e+00 0.000000000000000000e+00 0.000000000000000000e+00 0.000000000000000000e+00 0.000000000000000000e+00 0.000000000000000000e+00 0.000000000000000000e+00 0.000000000000000000e+00
2.978830166323608985e-03 -1.088570475743475072e-03 -1.220457385379350706e-03 -6.698023052008202863e-04 9.844944530649688691e-03 9.253193226143201222e-03 4.019374106018189924e-03 7.106884434907060830e-04
5.959723230712289654e-03 -2.181721859470411688e-03 -2.440168488592588201e-03 -1.337832882649327062e-03 1.969808203664442925e-02 1.850505836107970911e-02 8.035056157907552107e-03 1.418204056971315201e-03
8.942685277599114399e-03 -3.279471348624487734e-03 -3.659126794534249983e-03 -2.004087134440422652e-03 2.955942719659860468e-02 2.775558780163581152e-02 1.204704440772069902e-02 2.122541512949558621e-03
1.192772240311008869e-02 -4.381836269552597321e-03 -4.877325727780749791e-03 -2.668560405776664382e-03 3.942899468390061168e-02 3.700477402325486054e-02 1.605533713181061389e-02 2.823695386240422222e-03
1.491484071065545328e-02 -5.488834075584187074e-03 -6.094758651493260848e-03 -3.331247983577965022e-03 4.930679916411858515e-02 4.625260958417795609e-02 2.005993263177777500e-02 3.521660151433628899e-03
1.790404630618925783e-02 -6.600482344864459436e-03 -7.311418866284054123e-03 -3.992145095040762481e-03 5.919285529223959619e-02 5.549908712985139603e-02 2.406082923545163274e-02 4.216430180267296927e-03
2.089534529310957400e-02 -7.716798777922194950e-03 -8.527299609044108886e-03 -4.651246906143241544e-03 6.908717770973064887e-02 6.474419939757153353e-02 2.805802529790666494e-02 4.907999738902254182e-03
2.388874376676921804e-02 -8.837801194951169087e-03 -9.742394051726810042e-03 -5.308548520091126155e-03 7.898978104140573497e-02 7.398793922139516865e-02 3.205151920251610165e-02 5.596362985095864814e-03
2.688424780856584623e-02 -9.963507532781494189e-03 -1.095669530008161301e-02 -5.964044975702753777e-03 8.890067989208458310e-02 8.323029953732739850e-02 3.604130936204116842e-02 6.281513965261505995e-03
2.988186347957452055e-02 -1.109393584151475987e-02 -1.217019639233302836e-02 -6.617731245726684620e-03 9.881988884302764231e-02 9.247127338880954672e-02 4.002739421976418688e-02 6.963446611414727747e-03
