0.000000000000000000e+00 0.000000000000000000e+00 0.000000000000000000e+00 0.000000000000000000e+00 0.000000000000000000e+00 0.000000000000000000e+00
2.591077836486543017e-03 1.168687030160329814e-04 -2.707946539502468011e-03 6.441067493986121946e-03 9.891277486118442777e-03 6.847335921076579991e-03
5.183851482429518813e-03 2.339925777654361123e-04 -5.417844060194887922e-03 1.288222991465955147e-02 1.978199928759382872e-02 1.369513260010892831e-02
7.778324971898897822e-03 3.513717512125154319e-04 -8.129696723111187739e-03 1.932349032572986541e-02 2.967215930125139886e-02 2.054339307656235722e-02
1.037450235196584955e-02 4.690063229002895163e-04 -1.084350867486599465e-02 2.576485179135013306e-02 3.956175142247290305e-02 2.739212039090137968e-02
1.297238768187023925e-02 5.868963634354672134e-04 -1.355928404530547943e-02 3.220631737427945285e-02 4.945076954860984364e-02 3.424131758301628137e-02
1.557198503216471186e-02 7.050419129026757638e-04 -1.627702694506700035e-02 3.864789013394089034e-02 5.933920758258628275e-02 4.109098769055963274e-02
1.817329848383614915e-02 8.234429792071443731e-04 -1.899674146304294181e-02 4.508957312438070797e-02 6.922705943670920403e-02 4.794113374717839937e-02
2.077633212740512964e-02 9.420995363414231584e-04 -2.171843166374601980e-02 5.153136939211040712e-02 7.911431903669487176e-02 5.479175878064418415e-02
2.338109006200050216e-02 1.061011522574886734e-03 -2.444210158457494481e-02 5.797328197383789378e-02 8.900098032592529407e-02 6.164286581086728806e-02
2.598757639441099873e-02 1.180178838563672537e-03 -2.716775523297402378e-02 6.441531389407452457e-02 9.888703726994779730e-02 6.849445784778930568e-02
