0.000000000000000000e+00 0.000000000000000000e+00 0.000000000000000000e+00 0.000000000000000000e+00 0.000000000000000000e+00 0.000000000000000000e+00 0.000000000000000000e+00 0.000000000000000000e+00 0.000000000000000000e+00 0.000000000000000000e+00
1.772556127449629194e-03 4.451630943378293709e-04 -1.597310503648173032e-04 -6.470470933112734083e-04 -1.410941082434736312e-03 4.881017999772600292e-03 6.012218860231258351e-03 5.592005860430912870e-03 4.942404181078563670e-03 3.549300812508711378e-03
3.547439040511157684e-03 8.888069305958902922e-04 -3.213412439052524389e-04 -1.295115576709083161e-03 -2.819789154966135906e-03 9.770841903108081969e-03 1.203026262330262469e-02 1.118352758836685390e-02 9.878191306284585943e-03 7.091072002743220928e-03
5.324680905310536644e-03 1.330910601041033385e-03 -4.848585432329322823e-04 -1.944223040376431497e-03 -4.226509927370962830e-03 1.466959662005847854e-02 1.805422351616817189e-02 1.677456446566879394e-02 1.480726835456451680e-02 1.062519017712634968e-02
7.104314512307073962e-03 1.771452763942931883e-03 -6.503114521300640619e-04 -2.594387402602711667e-03 -5.631068426305636115e-03 1.957740954051024815e-02 2.408419559781393299e-02 2.236511575875520588e-02 1.972954045704266787e-02 1.415152948924334672e-02
8.886373291787853790e-03 2.210411630883236077e-03 -8.177290296354177129e-04 -3.245626918181381340e-03 -7.033428979808171652e-03 2.449441059398718701e-02 3.012027480380151390e-02 2.795518071946419270e-02 2.464491085375307075e-02 1.766996158213884199e-02
1.067089132957741576e-02 2.647764955115303621e-03 -9.871409035841463737e-04 -3.897960186431564424e-03 -8.433555199800863919e-03 2.942073231336378089e-02 3.616255899319149869e-02 3.354475858434267932e-02 2.955328084609681188e-02 2.118035552592638718e-02
1.245790338320917207e-02 3.083490019562509527e-03 -1.158577284552085281e-03 -4.551406159453732364e-03 -9.831409964065201956e-03 3.435650990050570508e-02 4.221114799687378238e-02 3.913384857390309751e-02 3.445454974786821972e-02 2.468257775354544548e-02
1.424744489857966007e-02 3.517563624442839910e-03 -1.332068980215514063e-03 -5.205984150621961390e-03 -1.122695539766559863e-02 3.930188129390223273e-02 4.826614366736695083e-02 4.472244989183930125e-02 3.934861483478950539e-02 2.817649199457186032e-02
1.603955202709994241e-02 3.949962074504720540e-03 -1.507647410142473133e-03 -5.861713843323832808e-03 -1.262015285380606658e-02 4.425698723836483245e-02 5.432764993012688393e-02 5.031056172421003586e-02 4.423537129250732641e-02 3.166195920703355343e-02
1.783426164336095188e-02 4.380661165862076781e-03 -1.685344621030681602e-03 -6.518615299956086184e-03 -1.401096289409682963e-02 4.922197135686650488e-02 6.039577283642802441e-02 5.589818323857627391e-02 4.911471216299649611e-02 3.513883750714555387e-02
