0.000000000000000000e+00 0.000000000000000000e+00 0.000000000000000000e+00 0.000000000000000000e+00 0.000000000000000000e+00 0.000000000000000000e+00 0.000000000000000000e+00 0.000000000000000000e+00 0.000000000000000000e+00 0.000000000000000000e+00
5.300486736727929834e-04 2.983879232673274464e-04 -1.306084698862005537e-05 -2.913986620821277878e-04 -5.159011331498212800e-04 1.528541280229105343e-03 1.061029101779739810e-03 1.280454448650133635e-03 1.025454252051044828e-03 1.491096027799488537e-03
1.059761120525811763e-03 5.968602964130919350e-04 -2.614022122722386071e-05 -5.828645593213175550e-04 -1.031474327009613071e-03 3.057168307167579431e-03 2.122051206401885399e-03 2.561091894616631358e-03 2.050865840728061194e-03 2.982268882280466726e-03
1.589137251492507390e-03 8.954172184121197932e-04 -3.923815997825475714e-05 -8.743977600201239403e-04 -1.546719502302159720e-03 4.585880448397611220e-03 3.183066406180684160e-03 3.841912636810480494e-03 3.076234792484711274e-03 4.473518021841082874e-03
2.118176977758993388e-03 1.194058788361731160e-03 -5.235470058611920862e-05 -1.165998332547916192e-03 -2.061636579965564660e-03 6.114677070178362907e-03 4.244074793544977582e-03 5.122916974617439632e-03 4.101561133763015517e-03 5.964842903905237699e-03
2.646880210767471511e-03 1.492785105484791420e-03 -6.548988047802133941e-05 -1.457666345342932242e-03 -2.576225481155576449e-03 7.643557537459666658e-03 5.305076461044130540e-03 6.404105207904072644e-03 5.126844890994783355e-03 7.456242984935730275e-03
3.175246862217355730e-03 1.791596269129280394e-03 -7.864373716391032999e-05 -1.749401866912978507e-03 -3.090486127246115915e-03 9.172521213877354515e-03 6.366071501348406422e-03 7.685477637018958870e-03 6.152086090604173656e-03 8.947717720429558888e-03
3.703276844065302598e-03 2.090492378769290456e-03 -9.181630823739146533e-05 -2.041204965835351822e-03 -3.604418439829080133e-03 1.070156746175172924e-02 7.427060007248104979e-03 8.967034562794342842e-03 7.177284759006219775e-03 1.043926656491954777e-02
4.230970068526242536e-03 2.389473534004925379e-03 -1.050076313753652718e-04 -2.333075710756699148e-03 -4.118022340715494709e-03 1.223069564208465083e-02 8.488042071654433585e-03 1.024877628654818386e-02 8.202440922606749757e-03 1.193088897197116735e-02
4.758326448073345143e-03 2.688539834563362634e-03 -1.182177443387219214e-04 -2.625014170393960393e-03 -4.631297751935220183e-03 1.375990511455579476e-02 9.549017787599822088e-03 1.153070311008512830e-02 9.227554607802380265e-03 1.342258439417971794e-02
5.285345895439164110e-03 2.987691380298595351e-03 -1.314466849719911432e-04 -2.917020413534116008e-03 -5.144244595737738728e-03 1.528919523752016868e-02 1.060998724823723934e-02 1.281281533569773173e-02 1.025262584098025898e-02 1.491435228317111554e-02
