0.000000000000000000e+00 0.000000000000000000e+00 0.000000000000000000e+00 0.000000000000000000e+00 0.000000000000000000e+00 0.000000000000000000e+00
1.469596766298656137e-03 2.684190385432162675e-03 -4.153787151730623656e-03 8.753560995384488666e-04 1.189108465437927094e-02 1.092359533784021709e-02
2.937827712775499707e-03 5.378162429564415856e-03 -8.315990142339722141e-03 1.748930494156945284e-03 2.378567922532354509e-02 2.184546246403546929e-02
4.404682895813801652e-03 8.081977171062590046e-03 -1.248666006687610894e-02 2.620720544415987112e-03 3.568381239886132816e-02 3.276557533199647015e-02
5.870152266426851076e-03 1.079569625874353400e-02 -1.666584852517005721e-02 3.490723492286849135e-03 4.758551314851249686e-02 4.368390772623242935e-02
7.334225672391337693e-03 1.351938195421378310e-02 -2.085360762660469491e-02 4.358936457340421497e-03 5.949081074344617082e-02 5.460043325800278957e-02
8.796892860625123850e-03 1.625309713465706782e-02 -2.504998999528149084e-02 5.225356432882303365e-03 7.139973475702093841e-02 6.551512536064448000e-02
1.025814347982973232e-02 1.899690529579210058e-02 -2.925504877562114248e-02 6.089980282041997442e-03 8.331231507572456341e-02 7.642795728453902204e-02
1.171796708341966975e-02 2.175087055502598204e-02 -3.346883763844493709e-02 6.952804733824770843e-03 9.522858190852703797e-02 8.733890209171156493e-02
1.317635313276101748e-02 2.451505765482234894e-02 -3.769141078758256325e-02 7.813826379128824967e-03 1.071485657966698840e-01 9.824793265002282339e-02
1.463329100074479451e-02 2.728953196630956590e-02 -4.192282296705340805e-02 8.673041666737652325e-03 1.190722976239093067e-01 1.091550216269319834e-01
