0.000000000000000000e+00 0.000000000000000000e+00 0.000000000000000000e+00 0.000000000000000000e+00 0.000000000000000000e+00 0.000000000000000000e+00 0.000000000000000000e+00 0.000000000000000000e+00 0.000000000000000000e+00 0.000000000000000000e+00
1.493519397416880176e-04 2.005342375372163926e-04 1.193746552758417792e-04 -9.042033743574098880e-05 -8.681255161027267176e-04 2.554356599161263387e-04 4.311955769301021560e-04 9.877736558532934988e-04 1.551337344640609742e-03 3.117661542691564300e-03
2.977389561913221130e-04 4.009560901649838246e-04 2.388573863037925910e-04 -1.806041600220957338e-04 -1.735942220558587754e-03 5.073286376360029498e-04 8.611445920209008292e-04 1.975370306739001117e-03 3.103757165997843900e-03 6.240269385017387441e-03
4.451583262535650939e-04 6.012647043389417797e-04 3.584483474308641153e-04 -2.705504298003040607e-04 -2.603447633659069279e-03 7.556676289783604032e-04 1.289843441843071831e-03 2.962789105172519526e-03 4.657262626409443100e-03 9.367839187701185524e-03
5.916073092753733938e-04 8.014592213266090838e-04 4.781476936903561350e-04 -3.602581024970259683e-04 -3.470639259017596623e-03 1.000441285945638829e-03 1.717288505821816481e-03 3.950029198270148430e-03 6.211856902132798994e-03 1.250038668342011092e-02
7.370831472193773446e-04 1.001538777167177135e-03 5.979555807489845502e-04 -4.497261275260980361e-04 -4.337514583451771918e-03 1.241638217177391942e-03 2.143476146443922589e-03 4.937089727751123661e-03 7.767543183244005923e-03 1.563792767686051147e-02
8.815830645268807114e-04 1.201502502636273657e-03 7.178721649107081774e-04 -5.389534479434824384e-04 -5.204071076863171427e-03 1.479246987694589994e-03 2.568402709141073999e-03 5.923969829903151692e-03 9.324324673728384000e-03 1.878047804517165784e-02
1.025104267979202186e-03 1.401349523209675539e-03 8.378976031213046256e-04 -6.279390003997741736e-04 -6.070306192114633369e-03 1.713256118645234936e-03 2.992064522176731984e-03 6.910668635540981840e-03 1.088220459157254391e-02 2.192805373842409214e-02
1.167643946558633017e-03 1.601078959027375011e-03 9.580320529729391237e-04 -7.166817150944364018e-04 -6.936217364906890025e-03 1.943654087044846112e-03 3.414457896531956829e-03 7.897185269972050933e-03 1.244118616885699080e-02 2.508067078007271758e-02
1.309199271307831709e-03 1.800689924856554037e-03 1.078275672708835968e-03 -8.051805157278935088e-04 -7.801802013654018930e-03 2.170429325516318522e-03 3.835579125787605143e-03 8.883518852956250739e-03 1.400127265185031715e-02 2.823834526742075718e-02
1.449767395187034598e-03 2.000181530055170076e-03 1.198628621227918909e-03 -8.934343194539272033e-04 -8.667057539358820339e-03 2.393570222026458229e-03 4.255424486008309824e-03 9.869668498667485620e-03 1.556246730110283014e-02 3.140109337209241736e-02
