0.000000000000000000e+00 0.000000000000000000e+00 0.000000000000000000e+00 0.000000000000000000e+00 0.000000000000000000e+00 0.000000000000000000e+00 0.000000000000000000e+00 0.000000000000000000e+00
7.717531264918633385e-04 -1.423269571538446734e-04 8.292381565962948418e-05 -6.295743065050969514e-04 2.322820816114594920e-03 1.164763969163928447e-03 1.421714203796317199e-03 1.761949547785145653e-03
1.543014453725367278e-03 -2.847803126419238997e-04 1.659842030067496909e-04 -1.258794135586302747e-03 4.646327467153853370e-03 2.329281067975800222e-03 2.843493595630183952e-03 3.524122729423355676e-03
2.313783668047134784e-03 -4.273601070898663270e-04 2.491812192188414964e-04 -1.887659381502900966e-03 6.970519310723287051e-03 3.493551183535468629e-03 4.265338309551966120e-03 5.286519037942586513e-03
3.084060456377259347e-03 -5.700663812621898285e-04 3.325149215090315792e-04 -2.516169938787296556e-03 9.295395700876203995e-03 4.657574203033905055e-03 5.687248479788049350e-03 7.049137965291760177e-03
3.853844506221157373e-03 -7.128991760660922808e-04 4.159853671272648501e-04 -3.144325702249218309e-03 1.162095598813328405e-02 5.821350013768412067e-03 7.109224240753668662e-03 8.811979002357864937e-03
4.623135505672393286e-03 -8.558585325513186131e-04 4.995926133590228432e-04 -3.772126566976273000e-03 1.394719951947597653e-02 6.984878503144957042e-03 8.531265727053921957e-03 1.057504163896523866e-02
5.391933143416106043e-03 -9.989444919115864248e-04 5.833367175271354180e-04 -4.399572428334568366e-03 1.627412563833087814e-02 8.148159558677942754e-03 9.953373073482025754e-03 1.233832536387323778e-02
6.160237108731956429e-03 -1.142157095485584698e-03 6.672177369905468291e-04 -5.026663181969333490e-03 1.860173368456027529e-02 9.311193067990173114e-03 1.137554641502174294e-02 1.410182966477612626e-02
6.928047091497782986e-03 -1.285496384757230971e-03 7.512357291457699661e-04 -5.653398723805214132e-03 2.093002299445158657e-02 1.047397891881362945e-02 1.279778588684621701e-02 1.586555402830048742e-02
7.695362782192454766e-03 -1.428962401357135011e-03 8.353907514257368286e-04 -6.279778950047124053e-03 2.325899290070464892e-02 1.163651699899025116e-02 1.422009162431983262e-02 1.762949794000624737e-02
