0.000000000000000000e+00 0.000000000000000000e+00 0.000000000000000000e+00 0.000000000000000000e+00 0.000000000000000000e+00 0.000000000000000000e+00 0.000000000000000000e+00 0.000000000000000000e+00
4.518172703420319917e-04 1.061797018484937388e-04 -8.178384319048809313e-05 -5.382967332682554252e-04 1.475885678763750632e-03 1.027806409054598819e-03 1.127708317309566478e-03 1.816722628855812691e-03
9.029339904995209139e-04 2.124371849857349811e-04 -1.634409045554661413e-04 -1.076610404346588961e-03 2.950462059609801086e-03 2.055069811212415030e-03 2.255814587236966602e-03 3.635676357388092656e-03
1.353345667003144496e-03 3.187736197978310111e-04 -2.449699522813699620e-04 -1.614944842476700917e-03 4.423707359829011886e-03 3.081784471226814686e-03 3.384324491457234036e-03 5.456883332548788899e-03
1.803047736729511061e-03 4.251901947720729681e-04 -3.263697344197286098e-04 -2.153303939224329028e-03 5.895599446887953357e-03 4.107944561766685779e-03 4.513243802241086178e-03 7.280366056508530415e-03
2.252035565361878294e-03 5.316881169082503288e-04 -4.076389784466230830e-04 -2.691691649904568058e-03 7.366115830869090012e-03 5.133544161413312705e-03 5.642578384462218662e-03 9.106147394509385429e-03
2.700304445925796881e-03 6.382686120839853794e-04 -4.887763908393793176e-04 -3.230111994838059507e-03 8.835233657280490080e-03 6.158577252751518648e-03 6.772334197460806032e-03 1.093425058222155348e-02
3.147849597290653442e-03 7.449329254282850178e-04 -5.697806566424405998e-04 -3.768569060639690143e-03 1.030292969969265511e-02 7.183037720418216157e-03 7.902517296948689124e-03 1.276469923327944699e-02
3.594666162630645329e-03 8.516823217049837060e-04 -6.506504390232556966e-04 -4.307067001534860273e-03 1.176918035219510529e-02 8.206919349101646916e-03 9.033133836967214766e-03 1.459751734700625095e-02
4.040749207850235017e-03 9.585180857049442268e-04 -7.313843788152481207e-04 -4.845610040710716243e-03 1.323396162166984996e-02 9.230215821492439993e-03 1.016419007188675352e-02 1.643272931632245790e-02
4.486093719966811888e-03 1.065441522647204899e-03 -8.119810940525856290e-04 -5.384202471696891007e-03 1.469724911987228995e-02 1.025292071618212446e-02 1.129569235845976835e-02 1.827035993585513635e-02
