0.000000000000000000e+00 0.000000000000000000e+00 0.000000000000000000e+00 0.000000000000000000e+00 0.000000000000000000e+00 0.000000000000000000e+00 0.000000000000000000e+00 0.000000000000000000e+00
1.825832097719766196e-03 1.671241549940626634e-03 -2.321456228791131393e-03 -1.175617418869285939e-03 5.485284267472896255e-03 9.346299076089194593e-03 8.078110071984178492e-03 3.408611787527253238e-03
3.651181496462377156e-03 3.346023178351639066e-03 -4.647153154950237758e-03 -2.350051519863802750e-03 1.096965710605000630e-02 1.869383651250176512e-02 1.615730060625753320e-02 6.815816181337476867e-03
5.476045151881861819e-03 5.024360672872937340e-03 -6.977106523893682188e-03 -3.523299300861048883e-03 1.645311431354105555e-02 2.804261452691994561e-02 2.423757619228133695e-02 1.022161057647772917e-02
7.300419996997996146e-03 6.706269972650828748e-03 -9.311332217239488840e-03 -4.695357752409198143e-03 2.193565164771770284e-02 3.739263536007349231e-02 3.231894145412252811e-02 1.362599235037971132e-02
9.124302942358587798e-03 8.391767170239579007e-03 -1.164984625485917386e-02 -5.866223857738822947e-03 2.741726482556756939e-02 4.674390127562825376e-02 4.040140105170382523e-02 1.702895886246775375e-02
1.094769087625485464e-02 1.008086851352557080e-02 -1.399266479701310323e-02 -7.035894592767072409e-03 3.289794952254127686e-02 5.609641456001044496e-02 4.848495968214490415e-02 2.043050745374396307e-02
1.277058066499215522e-02 1.177359040767585532e-02 -1.633980414657677446e-02 -8.204366926090951584e-03 3.837770137179798147e-02 6.545017752216625295e-02 5.656962208120096952e-02 2.383063544634872813e-02
1.459296915322200010e-02 1.346994941710758127e-02 -1.869128075135955899e-02 -9.371637818969795128e-03 4.385651596344684877e-02 7.480519249324371622e-02 6.465539302480198536e-02 2.722934014309470047e-02
1.641485316433925409e-02 1.516996226747936542e-02 -2.104711120652232037e-02 -1.053770422529594006e-02 4.933438884378622130e-02 8.416146182619690941e-02 7.274227733070330604e-02 3.062661882697432711e-02
1.823622950095013864e-02 1.687364584769814740e-02 -2.340731225709678787e-02 -1.170256309155104021e-02 5.481131551454219986e-02 9.351898789530463385e-02 8.083027986025290157e-02 3.402246876063434733e-02
