0.000000000000000000e+00 0.000000000000000000e+00 0.000000000000000000e+00 0.000000000000000000e+00
3.107203335131049435e-04 -2.778892426143830330e-04 2.351032241592157003e-04 1.836005015626065149e-04
6.212778689215583440e-04 -5.555979635286350388e-04 4.696447376412754993e-04 3.666520903356536428e-04
9.316725830571361347e-04 -8.331261135510832552e-04 7.036243485391909143e-04 5.491546370329861973e-04
1.241904452587876085e-03 -1.110473643305695014e-03 9.370418651223403044e-04 7.311080125890316583e-04
1.551973454023829278e-03 -1.387640503235211629e-03 1.169897095850834685e-03 9.125120881636991947e-04
1.861879563716752842e-03 -1.664626643599964118e-03 1.402189849371829463e-03 1.093366735139107487e-03
2.171622757858989328e-03 -1.941432014477944982e-03 1.633919934520672605e-03 1.273671825119527265e-03
2.481203012483007217e-03 -2.218056565763325012e-03 1.865087160316414522e-03 1.453427229928580706e-03
2.790620303461018199e-03 -2.494500247166089001e-03 2.095691335961707893e-03 1.632632821608194637e-03
3.099874606503498758e-03 -2.770763008211107013e-03 2.325732270841032821e-03 1.811288472416909502e-03
