0.000000000000000000e+00 0.000000000000000000e+00 0.000000000000000000e+00 0.000000000000000000e+00 0.000000000000000000e+00 0.000000000000000000e+00 0.000000000000000000e+00 0.000000000000000000e+00 0.000000000000000000e+00 0.000000000000000000e+00
6.091263714302124150e-04 1.286799576265504645e-04 -3.346335818607601550e-05 -1.597580151615079786e-04 -4.166218847412833767e-04 2.086328198312557922e-03 1.227510484628838378e-03 1.056100057616173038e-03 9.121800896972788583e-04 1.325781458967681186e-03
1.218690422687824333e-03 2.571742537377840810e-04 -6.721154392612501067e-05 -3.196037848436105756e-04 -8.320369106575959631e-04 4.177232301882968617e-03 2.456493499282844800e-03 2.112115494185335795e-03 1.822753510955974019e-03 2.648003077851692876e-03
1.828701038070185310e-03 3.854809809736139741e-04 -1.012479854680170869e-04 -4.795386975458326749e-04 -1.246234378202162657e-03 6.272764789834829602e-03 3.686968193678318278e-03 3.168046119040938882e-03 2.731700984319241667e-03 3.966613617291990870e-03
2.439167242454625718e-03 5.135981976773008363e-04 -1.355761671893798985e-04 -6.395641613749453256e-04 -1.659203409030342736e-03 8.372979011587880840e-03 4.918954031924971902e-03 4.223891736126833552e-03 3.639002912285651224e-03 5.281560996776090734e-03
3.050098204261452155e-03 6.415239272252272256e-04 -1.701996307435761310e-04 -7.996816044894990410e-04 -2.070932942381599560e-03 1.047792920526871736e-02 6.152470799072382208e-03 5.279652143918647095e-03 4.544639372858779065e-03 6.592792277703572040e-03
3.661503238257749013e-03 7.692561572429034399e-04 -2.051219762455739671e-04 -9.598924754551768071e-04 -2.481411731145845897e-03 1.258767051625427763e-02 7.387538607739898254e-03 6.335327135266293798e-03 5.448590112811815996e-03 7.900253645755535292e-03
4.273391808430721320e-03 8.967928388001004383e-04 -2.403468634863747749e-04 -1.120198243606554617e-03 -2.890628337826563286e-03 1.470225901617846533e-02 8.624177904911803708e-03 7.390916497223962503e-03 6.350834540782028179e-03 9.203890392823257591e-03
4.885773530925242511e-03 1.024131885584516483e-03 -2.758780131779192224e-04 -1.280600399417108990e-03 -3.298571130401999237e-03 1.682175172242337396e-02 9.862409478903154045e-03 8.446420010883179397e-03 7.251351720190779906e-03 1.050364689849110113e-02
5.498658177052348495e-03 1.151271173052392230e-03 -3.117192082295779099e-04 -1.441100454875643942e-03 -3.705228278073147054e-03 1.894620661809788900e-02 1.110225446649677587e-02 9.501837451193999654e-03 8.150120361989121251e-03 1.179946661105688716e-02
6.112055676369021473e-03 1.278208537556493538e-03 -3.478742950573214272e-04 -1.601699943872711158e-03 -4.110587746903981120e-03 2.107568267252730304e-02 1.234373436026326917e-02 1.055716858678353715e-02 9.047118817217177436e-03 1.309129202807517156e-02
