0.000000000000000000e+00 0.000000000000000000e+00 0.000000000000000000e+00 0.000000000000000000e+00 0.000000000000000000e+00 0.000000000000000000e+00 0.000000000000000000e+00 0.000000000000000000e+00 0.000000000000000000e+00 0.000000000000000000e+00
2.765977908474211416e-04 1.660106035255308932e-04 6.918927203383933402e-05 -1.017393804897533073e-04 -6.750429569943615154e-04 7.964494219510400439e-04 6.665141974132396136e-04 9.798328855666824100e-04 1.318408791777219390e-03 2.368781559658678267e-03
5.512194492240317075e-04 3.322093325683264783e-04 1.389227942233412102e-04 -2.031443634282455244e-04 -1.351253433662972245e-03 1.585613811174941710e-03 1.330021922626643729e-03 1.959573179410005125e-03 2.639696527990507188e-03 4.745832227726134132e-03
8.238447595225905544e-04 4.985980461718239045e-04 2.092066470615918641e-04 -3.042109618278479068e-04 -2.028645947102245082e-03 2.367403417521655833e-03 1.990488861366943810e-03 2.939220126976199287e-03 3.963897037687525923e-03 7.131246101758683884e-03
1.094453172443266486e-03 6.651786212055890235e-04 2.800470041120719134e-04 -4.049351171073027893e-04 -2.707235210072119098e-03 3.141727130080215237e-03 2.647880169040179883e-03 3.918772954016677343e-03 5.291044666844248179e-03 9.525118747284193679e-03
1.363023801606893810e-03 8.319529524304760185e-04 3.514501328295534591e-04 -5.053126983135092882e-04 -3.387036132317988550e-03 3.908492463282753696e-03 3.302160465343944099e-03 4.898230866329037099e-03 6.621174284115950021e-03 1.192754721681422818e-02
1.629535416581986453e-03 9.989229526360466141e-04 4.234223963499642550e-04 -6.053395005357227725e-04 -4.068063823754986333e-03 4.667605531132537275e-03 3.953293823986541410e-03 5.877593049219358157e-03 7.954321290756915380e-03 1.433863007868193401e-02
1.893966435739268851e-03 1.166090552776023574e-03 4.959702553191860236e-04 -7.050112432790058437e-04 -4.750333597714784598e-03 5.418971020860134657e-03 4.601243762160681441e-03 6.856858666943088827e-03 9.290521630777200807e-03 1.675846744654614986e-02
2.156294918930129478e-03 1.333457702101443088e-03 5.691002697650944953e-04 -8.043235687959031897e-04 -5.433860974251070002e-03 6.162492165984541533e-03 5.245973229782809229e-03 7.836026862133693704e-03 1.062981180132072274e-02 1.918716100958930623e-02
2.416498559981842143e-03 1.501026368291817972e-03 6.428191010122047714e-04 -9.032720403732983402e-04 -6.118661683507166729e-03 6.898070718763915643e-03 5.887444598476099765e-03 8.815096755209382573e-03 1.197222886329110669e-02 2.162481406341408910e-02
2.674554679006250092e-03 1.668798537585446627e-03 7.171335136402066544e-04 -1.001852140575821073e-03 -6.804751669147038502e-03 7.625606922026741466e-03 6.525619650302744677e-03 9.794067443766079489e-03 1.331781045221359060e-02 2.407153154167145093e-02
