0.000000000000000000e+00 0.000000000000000000e+00 0.000000000000000000e+00 0.000000000000000000e+00 0.000000000000000000e+00 0.000000000000000000e+00 0.000000000000000000e+00 0.000000000000000000e+00 0.000000000000000000e+00 0.000000000000000000e+00
5.816515710419865696e-04 2.320418759393527318e-04 -8.912317155304799244e-05 -2.596718395396348071e-04 -3.384504428655804305e-04 1.706856490339755212e-03 1.367610192641590403e-03 1.504830969304725430e-03 8.194149521221800059e-04 9.793458135524640666e-04
1.162941826857946713e-03 4.640632564253824657e-04 -1.782401322705415801e-04 -5.193005414477090340e-04 -6.767330910144413181e-04 3.414080683362980245e-03 2.735198989619494307e-03 3.009767304196367746e-03 1.638726013643879934e-03 1.958734642479777448e-03
1.743870603641704993e-03 6.960641193975632699e-04 -2.673508718645577838e-04 -7.788860813769699510e-04 -1.014847941800662992e-03 5.121672628248295257e-03 4.102766345588215041e-03 4.514809136077770416e-03 2.457933149876046289e-03 2.938166426496278266e-03
2.324437737484856981e-03 9.280444427776108479e-04 -3.564553800347795127e-04 -1.038428434967179122e-03 -1.352794992592232844e-03 6.829632374248798161e-03 5.470312215047202012e-03 6.019956596599298528e-03 3.277036326096579959e-03 3.917641105238667092e-03
2.904643064379086852e-03 1.160004204469351026e-03 -4.455536464674723896e-04 -1.297927577846073443e-03 -1.690574240771288350e-03 8.537959970709626742e-03 6.837836552351411051e-03 7.525209817668760542e-03 4.096035507553306282e-03 4.897158618270872413e-03
3.484486420215666264e-03 1.391943382358812233e-03 -5.346456608363000032e-04 -1.557383485629601928e-03 -2.028185683734907725e-03 1.024665546706853177e-02 8.205339311709804531e-03 9.030568931453748435e-03 4.914930659465235538e-03 5.876718905082366218e-03
4.063967640785159235e-03 1.623861954313967574e-03 -6.237314128011106585e-04 -1.816796133921518485e-03 -2.365629318894516431e-03 1.195571891285632064e-02 9.572820447185508355e-03 1.053603407038075125e-02 5.733721747021829594e-03 6.856321905088109785e-03
4.643086561776393027e-03 1.855759898184691998e-03 -7.128108920089921974e-04 -2.076165498313407073e-03 -2.702905143675634562e-03 1.366515035769601608e-02 1.094027991269547889e-02 1.204160536713692539e-02 6.552408735380994831e-03 7.835967557628088775e-03
5.221843018776395687e-03 2.087637191802607477e-03 -8.018840880935989256e-04 -2.335491554384640494e-03 -3.040013155518116010e-03 1.537494985130580596e-02 1.230771766200964776e-02 1.354728295467220664e-02 7.370991589672005150e-03 8.815655801967258592e-03
5.800236847269551674e-03 2.319493812981476139e-03 -8.909509906752425233e-04 -2.594774277701966236e-03 -3.376953351875953968e-03 1.708511744349686459e-02 1.367513364875073967e-02 1.505306696619708277e-02 8.189470274992970145e-03 9.795386577294663139e-03
