0.000000000000000000e+00 0.000000000000000000e+00 0.000000000000000000e+00 0.000000000000000000e+00
1.426104126467597072e-02 -1.426104126467588051e-02 1.176896900746410637e-02 1.332952785477454181e-02
2.811013951202511602e-02 -2.811013951202510908e-02 2.354307583781636848e-02 2.665391788666165995e-02
4.052543533569248624e-02 -4.052543533569567813e-02 3.532435013405669372e-02 3.997114045266737803e-02
4.945549556536291136e-02 -4.945549556548634040e-02 4.711522194372001066e-02 5.327876550492684216e-02
5.201942897023208862e-02 -5.201942897317046038e-02 5.891695455005172000e-02 6.657552975928357486e-02
4.690504594654221898e-02 -4.690504594654099080e-02 7.072574381928294074e-02 7.986523735414705061e-02
3.583808752002898279e-02 -3.583808752003368736e-02 8.252697209432717507e-02 9.316250594134006802e-02
2.124923617707652826e-02 -2.124923617399950004e-02 9.430798379512643492e-02 1.064799911268370508e-01
5.005546241774830665e-03 -5.005546244888192664e-03 1.060859180798641443e-01 1.198005536839906460e-01
-1.168595260926482728e-02 1.168595261062921331e-02 1.178784223297153211e-01 1.331065462947894906e-01
