0.000000000000000000e+00 0.000000000000000000e+00 0.000000000000000000e+00 0.000000000000000000e+00 0.000000000000000000e+00 0.000000000000000000e+00 0.000000000000000000e+00 0.000000000000000000e+00
6.980138582004269962e-04 -9.740250035502293101e-05 -4.619169529450200542e-05 -1.369318216626800818e-04 2.733045864999889343e-03 1.886402216460860435e-03 6.568588542784167426e-04 3.095845703099978042e-04
1.395319086994222489e-03 -1.947446370002036472e-04 -9.235554371123669759e-05 -2.738451462737060294e-04 5.467327361865395412e-03 3.772768538607809089e-03 1.313691057215392657e-03 6.191606113617983184e-04
2.091914414406948267e-03 -2.920263214594780946e-04 -1.384915438158379551e-04 -4.107399727091875824e-04 8.202846524773401565e-03 5.659098794042118942e-03 1.970496600241123265e-03 9.287281176617403523e-04
2.787798563373604464e-03 -3.892474649029006363e-04 -1.845996941582816900e-04 -5.476162998433594612e-04 1.093960539520818023e-02 7.545392809790785367e-03 2.627275474770708087e-03 1.238287083710192448e-03
3.482970251685896679e-03 -4.864079781438247871e-04 -2.306799932738915946e-04 -6.844741265484466548e-04 1.367760602215585715e-02 9.431650412331103045e-03 3.284027672203415019e-03 1.547837504002803509e-03
4.177428191959161631e-03 -5.835077716372810176e-04 -2.767324396824093701e-04 -8.213134516944913281e-04 1.641685046215240681e-02 1.131787142758871809e-02 3.940753183924344469e-03 1.857379373029888377e-03
4.871171091598128916e-03 -6.805467554772115773e-04 -3.227570318885140867e-04 -9.581342741496275042e-04 1.915734077933567078e-02 1.320405568093462392e-02 4.597452001302721088e-03 2.166912685276565532e-03
5.564197652763429140e-03 -7.775248393942104210e-04 -3.687537683813103318e-04 -1.094936592780072120e-03 2.189907904549301745e-02 1.509020299718433732e-02 5.254124115692909887e-03 2.476437435221710837e-03
6.256506572337668798e-03 -8.744419327540907611e-04 -4.147226476343765381e-04 -1.231720406449735364e-03 2.464206734011333694e-02 1.697631320059531101e-02 5.910769518433370631e-03 2.785953617340580432e-03
6.948096541890443067e-03 -9.712979445542735358e-04 -4.606636681054625997e-04 -1.368485714020476439e-03 2.738630775043843571e-02 1.886238611486350941e-02 6.567388200848508356e-03 3.095461226101603892e-03
