0.000000000000000000e+00 0.000000000000000000e+00 0.000000000000000000e+00 0.000000000000000000e+00
2.213196986972312157e-04 -9.190918669358907238e-04 4.883296857861247394e-04 3.264492341109041101e-03
4.417529581208358793e-04 -1.837714801896080845e-03 9.734844397042597026e-04 6.533860958910387567e-03
6.612980199491916549e-04 -2.755865699326657051e-03 1.455455148813352513e-03 9.808119484432317736e-03
8.799531164130960101e-04 -3.673541434457592084e-03 1.934232676927809952e-03 1.308728159833705273e-02
1.097716470482449106e-03 -4.590738863189124802e-03 2.409807865135408112e-03 1.637136103078662766e-02
1.314586295802921620e-03 -5.507454821969120541e-03 2.882171531735256732e-03 1.966037156166793379e-02
1.530560796635157183e-03 -6.423686127670460641e-03 3.351314472173451582e-03 2.295432702081873222e-02
1.745638167790272656e-03 -7.339429577467048750e-03 3.817227458976429205e-03 2.625324128825510042e-02
1.959816594567404067e-03 -8.254681948709118033e-03 4.279901241689362118e-03 2.955712829440024225e-02
2.173094252689915414e-03 -9.169439998797827146e-03 4.739326546809174631e-03 3.286600202031571966e-02
