0.000000000000000000e+00 0.000000000000000000e+00 0.000000000000000000e+00 0.000000000000000000e+00 0.000000000000000000e+00 0.000000000000000000e+00
2.552373012112329944e-03 1.591994381203796832e-03 -4.144367393315959158e-03 3.065105993414802502e-03 1.503361425224066482e-02 8.482200024178470493e-03
5.104518113991509537e-03 3.190962919098000276e-03 -8.295481033089304249e-03 6.127422147374641560e-03 3.007397256152339118e-02 1.696044583077008228e-02
7.656422545903130393e-03 4.796959442773870465e-03 -1.245338198867658105e-02 9.186949305958900386e-03 4.512108647717658072e-02 2.543472502636686533e-02
1.020807315894052200e-02 6.410038700769664366e-03 -1.661811185970976656e-02 1.224368818915396763e-02 6.017496755256283164e-02 3.390502533761990955e-02
1.275945640302893723e-02 8.030256376401952514e-03 -2.078971277943032075e-02 1.529763938216233132e-02 7.523562735145017388e-02 4.237133461555819824e-02
1.531055831515877597e-02 9.657669102425932989e-03 -2.496822741758407405e-02 1.834880332419477206e-02 9.030307745514727646e-02 5.083364083966282476e-02
1.786136450795987665e-02 1.129233447488233594e-02 -2.915369898284169564e-02 2.139718029675785615e-02 1.053773294704086205e-01 5.929193212167202520e-02
2.041186015873974399e-02 1.293431106597394548e-02 -3.334617122471283945e-02 2.444277041146022608e-02 1.204583950381145491e-01 6.774619670909823310e-02
2.296202999911841486e-02 1.458365843580773299e-02 -3.754568843492539498e-02 2.748557359735775973e-02 1.355462858427219641e-01 7.619642298842727035e-02
2.551185830540505378e-02 1.624043714283849790e-02 -4.175229544824263228e-02 3.052558958788327559e-02 1.506410136224722862e-01 8.464259948798559530e-02
