0.000000000000000000e+00 0.000000000000000000e+00 0.000000000000000000e+00 0.000000000000000000e+00
1.548480338143672433e-02 -1.548480338143663759e-02 9.347257400975412037e-03 1.365585823416992292e-02
2.928374881856073836e-02 -2.928374881856240716e-02 1.871311604409376869e-02 2.729311522621866160e-02
3.901752393762453197e-02 -3.901752393761273585e-02 2.810894386644742504e-02 4.090040303884898143e-02
4.136322344071550333e-02 -4.136322344061601347e-02 3.754858521323903298e-02 5.446387732691736205e-02
3.499358211575330502e-02 -3.499358211573318223e-02 4.703732676394043605e-02 6.797825141177137043e-02
2.227275379945196226e-02 -2.227275379895282681e-02 5.656598102919108140e-02 8.145271278167851015e-02
6.219994661327816685e-03 -6.219994661325140006e-03 6.611823061640068055e-02 9.490357882959864211e-02
-1.128921191860600241e-02 1.128921189261428148e-02 7.568170804411061825e-02 1.083432170184999987e-01
-2.923065920380585672e-02 2.923065920380910065e-02 8.525400349520148580e-02 1.217740372210828897e-01
-4.706064840122741594e-02 4.706064840123128090e-02 9.483605355122340375e-02 1.351951028002032484e-01
