0.000000000000000000e+00 0.000000000000000000e+00 0.000000000000000000e+00 0.000000000000000000e+00 0.000000000000000000e+00 0.000000000000000000e+00 0.000000000000000000e+00 0.000000000000000000e+00
2.263416856979851531e-03 2.675971880286869735e-04 -5.935847913405899266e-04 -1.937429257351552456e-03 6.114315460832060387e-03 8.102508600547847148e-03 7.363357838388697937e-03 4.861667970402707914e-03
4.529772389475348292e-03 5.326828403232715045e-04 -1.189224086856129721e-03 -3.873231146765747542e-03 1.223776703650286159e-02 1.620909774742613704e-02 1.472131011025238669e-02 9.715524831259311073e-03
6.799104312185774018e-03 7.952175663471351772e-04 -1.786954849293311779e-03 -5.807367033208272848e-03 1.837049765159233863e-02 2.431984467844518216e-02 2.207377781895994776e-02 1.456142943169950674e-02
9.071451135911900998e-03 1.055161098286533632e-03 -2.386814828215665010e-03 -7.739797410102713590e-03 2.451265337526893628e-02 3.243482832248847925e-02 2.942068023490303219e-02 1.939923750328106239e-02
1.134685219182097159e-02 1.312472266172433127e-03 -2.988842583977475119e-03 -9.670481878293826425e-03 3.066438350214914163e-02 4.055412934991787371e-02 3.676193485857928017e-02 2.422880158052492100e-02
1.362534765376739211e-02 1.567108972527378507e-03 -3.593077509547986347e-03 -1.159937912118956700e-02 3.682584064220604386e-02 4.867783022041240193e-02 4.409745737127531567e-02 2.904997091249363061e-02
1.590697856134629107e-02 1.819028166152358243e-03 -4.199559853040249827e-03 -1.352644687907258482e-02 4.299718081369208883e-02 5.680601523238954648e-02 5.142716158409391808e-02 3.386259137141452852e-02
1.819178684371512700e-02 2.068185815019032894e-03 -4.808330740975788956e-03 -1.545164192255165866e-02 4.917856353920370405e-02 6.493877057407529407e-02 5.875095938525604078e-02 3.866650535824206480e-02
2.047981534421011371e-02 2.314536878231849507e-03 -5.419432202305996676e-03 -1.737492002511639017e-02 5.537015194501438559e-02 7.307618437629295749e-02 6.606876068561634563e-02 4.346155170502608023e-02
2.277110784579000971e-02 2.558035277022766875e-03 -6.032907193226503921e-03 -1.929623593476170046e-02 6.157211286379544318e-02 8.121834676702847922e-02 7.338047336231352802e-02 4.824756557396872592e-02
