0.000000000000000000e+00 0.000000000000000000e+00 0.000000000000000000e+00 0.000000000000000000e+00 0.000000000000000000e+00 0.000000000000000000e+00 0.000000000000000000e+00 0.000000000000000000e+00
8.471322042403643194e-04 2.065136891882738123e-05 -1.442433348880823338e-04 -1.999561647092337952e-04 2.950223223475502941e-03 1.588747995004305023e-03 7.497724966223226961e-04 2.586860724153302389e-04
1.693381894717134895e-03 4.142778809476068325e-05 -2.883593438864497202e-04 -3.998371321283333401e-04 5.902379969848570510e-03 3.177273660797054217e-03 1.499423579842420551e-03 5.171525951116426887e-04
2.538747461101662113e-03 6.232960765359284096e-05 -4.323479306961946177e-04 -5.996428859345552661e-04 8.856473100407630250e-03 4.765576566004264825e-03 2.248953202411309651e-03 7.753994217393595477e-04
3.383227288294870551e-03 8.335717892850606683e-05 -5.762089987027571407e-04 -7.993734096325302938e-04 1.181250548556095348e-02 6.353656277901584618e-03 2.998361316939832620e-03 1.033426405544683388e-03
4.226819756407405176e-03 1.045108544775838640e-04 -7.199424509729759761e-04 -9.990286865541255119e-04 1.477048000501739004e-02 7.941512362414379286e-03 3.747647875896643194e-03 1.291233399368577192e-03
5.069523240733316352e-03 1.257909880912727021e-04 -8.635481902523159696e-04 -1.198608699856851170e-03 1.773039954784149524e-02 9.529144384108500024e-03 4.496812831608259890e-03 1.548820255642537969e-03
5.911336111724401106e-03 1.471979347989562400e-04 -1.007026118962954780e-03 -1.398113432523261004e-03 2.069226701250924741e-02 1.111655190618192172e-02 5.245856136258534100e-03 1.806186826387327915e-03
6.752256734963708699e-03 1.687320508766934797e-04 -1.150376139201415415e-03 -1.597542867358948309e-03 2.365608530696503703e-02 1.270373449045729755e-02 5.994777741885972538e-03 2.063332963210177604e-03
7.592283471139296865e-03 1.903936938543957240e-04 -1.293598152736531726e-03 -1.796896986992761692e-03 2.662185734867703393e-02 1.429069169737314654e-02 6.743577600383957558e-03 2.320258517300896519e-03
8.431414676017634155e-03 2.121832225232825537e-04 -1.436692061006759153e-03 -1.996175773874603061e-03 2.958958606469565614e-02 1.587742308597493365e-02 7.492255663499138192e-03 2.576963339430504360e-03
