0.000000000000000000e+00 0.000000000000000000e+00 0.000000000000000000e+00 0.000000000000000000e+00
5.300965823118023758e-04 -6.110062714629033555e-04 1.764689056995011199e-03 2.109537559913830882e-03
1.059782716376827865e-03 -1.221530654454000726e-03 3.529794231160457690e-03 4.220050916490933855e-03
1.589058167279535673e-03 -1.831572647148226778e-03 5.295315389145686252e-03 6.331540982469824330e-03
2.117922699959814883e-03 -2.441131746889017677e-03 7.061252396677159503e-03 8.444008672541646748e-03
2.646376079211787934e-03 -3.050207450188407478e-03 8.827605118564445241e-03 1.055745490339205991e-02
3.174418069684164286e-03 -3.658799252723865178e-03 1.059437341869417550e-02 1.267188059371071249e-02
3.702048435879292179e-03 -4.266906649335541063e-03 1.236155716002725925e-02 1.478728666419722865e-02
4.229266942153300443e-03 -4.874529134024030430e-03 1.412915620459440948e-02 1.690367403757143602e-02
4.756073352715215960e-03 -5.481666199946938836e-03 1.589717041349100399e-02 1.902104363858187278e-02
5.282467431627080323e-03 -6.088317339416448280e-03 1.766559964687287876e-02 2.113939639401431203e-02
