0.000000000000000000e+00 0.000000000000000000e+00 0.000000000000000000e+00 0.000000000000000000e+00 0.000000000000000000e+00 0.000000000000000000e+00 0.000000000000000000e+00 0.000000000000000000e+00
5.599079076458481335e-04 1.027803878882001720e-04 -1.032306546509458516e-04 -5.603858213149241069e-04 1.807908496127376592e-03 1.152675621722036407e-03 1.147060946749044489e-03 1.815839442929457733e-03
1.119428755624762850e-03 2.055308840049384703e-04 -2.064318860767619336e-04 -1.120384253822608424e-03 3.616314885927840016e-03 2.305299478092365413e-03 2.294063988714148579e-03 3.632196128759900174e-03
1.678562302604496344e-03 3.082514913462302501e-04 -3.096036974775741063e-04 -1.679995049941915286e-03 5.425219139594205341e-03 3.457871622956290667e-03 3.441009175555031531e-03 5.449070063170533343e-03
2.237308307150930910e-03 4.109422129314960811e-04 -4.127460920746383005e-04 -2.239217961966835993e-03 7.234621226795909417e-03 4.610392110291636550e-03 4.587896557070131505e-03 7.266461251355394065e-03
2.795666527730302203e-03 5.136030518034158951e-04 -5.158590731109933018e-04 -2.798052742068436738e-03 9.044521116691054199e-03 5.762860994214998381e-03 5.734726183201241390e-03 9.084369698035336255e-03
3.353636722709864727e-03 6.162340110282387698e-04 -6.189426438511967882e-04 -3.356499142294078197e-03 1.085491877792705250e-02 6.915278328983536123e-03 6.881498104035946306e-03 1.090279540745755019e-02
3.911218650356792018e-03 7.188350936957942040e-04 -7.219968075812378079e-04 -3.914556914568125684e-03 1.266581417863719798e-02 8.067644168993446524e-03 8.028212369805361528e-03 1.272173838339446701e-02
4.468412068839082603e-03 8.214063029194963467e-04 -8.250215676090342110e-04 -4.472225810691172858e-03 1.447720728644175288e-02 9.219958568780868211e-03 9.174869030887050289e-03 1.454119862914161551e-02
5.025216736224867413e-03 9.239476418364088320e-04 -9.280169272637850018e-04 -5.029505582340154483e-03 1.628909806844475519e-02 1.037222158302355916e-02 1.032146813780380687e-02 1.636117614751689958e-02
5.581632410482520804e-03 1.026459113607221902e-03 -1.030982889896835640e-03 -5.586395981068100099e-03 1.810148649123350176e-02 1.152443326653863551e-02 1.146800974122460029e-02 1.818167094085934576e-02
