0.000000000000000000e+00 0.000000000000000000e+00 0.000000000000000000e+00 0.000000000000000000e+00 0.000000000000000000e+00 0.000000000000000000e+00
2.840892390708613709e-03 8.067607582838063045e-04 -3.647653148992839600e-03 2.781399118662783963e-03 1.779447773444149325e-02 3.058529856943011712e-03
5.663935719341072102e-03 1.619453496581472422e-03 -7.283389215923126957e-03 5.555930366063346025e-03 3.560169326027742137e-02 6.111189793753741065e-03
8.468208622966450633e-03 2.438096705656570343e-03 -1.090630532862371313e-02 8.323457576776554720e-03 5.342182826304739396e-02 9.157934290317316581e-03
1.125275300735019933e-02 3.262702223058913491e-03 -1.451545523040997931e-02 1.108384023050899489e-02 7.125506767194238200e-02 1.219871893773702073e-02
1.401657273897613520e-02 4.093274455117479338e-03 -1.810984719409499191e-02 1.383693329626674122e-02 8.910159960593046213e-02 1.523350064803831103e-02
1.675863231245514062e-02 4.929809526731901426e-03 -2.168844183918862412e-02 1.658258707049454009e-02 1.069616153042290407e-01 1.826223788555885255e-02
1.947785549611366629e-02 5.772294352221546063e-03 -2.525014984833712922e-02 1.932064700892678621e-02 1.248353090391984138e-01 2.128489092220448020e-02
2.217312395919689150e-02 6.620705619528197139e-03 -2.879382957872717724e-02 2.205095355188849138e-02 1.427228780095115834e-01 2.430142211897649146e-02
2.484327588490854374e-02 7.475008678802881959e-03 -3.231828456371380054e-02 2.477334194277490409e-02 1.606245222112016313e-01 2.731179623644739221e-02
2.748710457446216018e-02 8.335156324759038921e-03 -3.582226089922387752e-02 2.748764203944977294e-02 1.785404442839069461e-01 3.031598077711454564e-02
