0.000000000000000000e+00 0.000000000000000000e+00 0.000000000000000000e+00 0.000000000000000000e+00
4.040303166970851613e-04 -6.615104809324509009e-04 7.649055288429629880e-04 1.826373230696031781e-03
8.078837863610616784e-04 -1.322723887424106246e-03 1.529636242989899485e-03 3.652865671611076146e-03
1.211560417514531175e-03 -1.983640131104637185e-03 2.294192086749506469e-03 5.479477231458775716e-03
1.615060218750581427e-03 -2.644259123607020385e-03 3.058573004541629420e-03 7.306207819046926094e-03
2.018383198735802450e-03 -3.304580776572263196e-03 3.822778940900082439e-03 9.133057343311953499e-03
2.421529366209378316e-03 -3.964605001648418767e-03 4.586809840475654203e-03 1.096002571331995516e-02
2.824498729983634243e-03 -4.624331710490283548e-03 5.350665648034118663e-03 1.278711283826611256e-02
3.227291298943285244e-03 -5.283760814758093650e-03 6.114346308455906320e-03 1.461431862747831004e-02
3.629907082045886069e-03 -5.942892226117983678e-03 6.877851766736836278e-03 1.644164299041531163e-02
4.032346088320881011e-03 -6.601725856240500505e-03 7.641181967987416279e-03 1.826908583666862415e-02
