0.000000000000000000e+00 0.000000000000000000e+00 0.000000000000000000e+00 0.000000000000000000e+00 0.000000000000000000e+00 0.000000000000000000e+00 0.000000000000000000e+00 0.000000000000000000e+00
1.971053921598443781e-03 2.303221462687027516e-04 -5.393213243597311810e-04 -1.662054743216072718e-03 5.554979587290325566e-03 7.040213069124060669e-03 6.368282180453090253e-03 4.145818411165772335e-03
3.942829862090323732e-03 4.601591891695772161e-04 -1.078740777525781080e-03 -3.324248273469254753e-03 1.111149580945588848e-02 1.407997850960595633e-02 1.273582453420618946e-02 8.291287601838535221e-03
5.915329467115369375e-03 6.895099913287669469e-04 -1.618259613594808573e-03 -4.986579844613770948e-03 1.666955154326855981e-02 2.111929465423995067e-02 1.910262648401950605e-02 1.243640698063490889e-02
7.888554386957775597e-03 9.183734137980911674e-04 -2.157879111337511827e-03 -6.649048689215408120e-03 2.222914966662514064e-02 2.815815981385070763e-02 2.546868745627764094e-02 1.658117593244846227e-02
9.862506279365513412e-03 1.146748317113244035e-03 -2.697600572596572238e-03 -8.311654023714977815e-03 2.779029306773356939e-02 3.519657229103821672e-02 3.183400689115942900e-02 2.072559382629125813e-02
1.183718680930351264e-02 1.374633561497919012e-03 -3.237425322443202719e-03 -9.974395048230236260e-03 3.335298464504139054e-02 4.223453038026937778e-02 3.819858424298547273e-02 2.486966001492831035e-02
1.381259764869508314e-02 1.602028007072599366e-03 -3.777354709322593845e-03 -1.163727094636017242e-02 3.891722730715677092e-02 4.927203236798040342e-02 4.456241898056365058e-02 2.901337383450681984e-02
1.578874047615350801e-02 1.828930514067397470e-03 -4.317390105188162810e-03 -1.330028088499468630e-02 4.448302397275673975e-02 5.630907653269464491e-02 5.092551058754012788e-02 3.315673460417963014e-02
1.776561697670071827e-02 2.055339943039999600e-03 -4.857532905625065733e-03 -1.496342401412875840e-02 5.005037757048744901e-02 6.334566114515582935e-02 5.728785856274834498e-02 3.729974162572343571e-02
1.974322884147565460e-02 2.281255155097416942e-03 -5.397784529959083651e-03 -1.662669946668271503e-02 5.561929103885274867e-02 7.038178446847408176e-02 6.364946242055860570e-02 4.144239418315220219e-02
