0.000000000000000000e+00 0.000000000000000000e+00 0.000000000000000000e+00 0.000000000000000000e+00 0.000000000000000000e+00 0.000000000000000000e+00
2.686516084642280068e-03 -5.460081394111928298e-05 -2.631915270701129343e-03 6.987780006064462160e-03 9.931538628577032610e-03 6.725615379950723553e-03
5.374958148871825450e-03 -1.095449997189608740e-04 -5.265413149152905342e-03 1.397678761110822052e-02 1.986191425542786423e-02 1.345116616264828945e-02
8.065329929087273683e-03 -1.648339922624777760e-04 -7.900495936824899340e-03 2.096702851502710296e-02 2.979112128702965379e-02 2.017665224171965102e-02
1.075763513899795007e-02 -2.204692317482759983e-04 -1.053716590724975907e-02 2.795850838760984003e-02 3.971915421772340138e-02 2.690207345303527800e-02
1.345187746853583437e-02 -2.764521644821760910e-04 -1.317542530405387338e-02 3.495123286628631920e-02 4.964600763468353384e-02 3.362742957199083005e-02
1.614806058277389739e-02 -3.327842438316319998e-04 -1.581527633894240503e-02 4.194520755379402277e-02 5.957167622305423182e-02 4.035272031070477605e-02
1.884618812084584358e-02 -3.894669312099136374e-04 -1.845672118963627428e-02 4.894043801576554442e-02 6.949615477125435647e-02 4.707794531512504710e-02
2.154626369487450815e-02 -4.465016971109368737e-04 -2.109976199776374128e-02 5.593692977823333523e-02 7.941943817646071602e-02 5.380310416204311247e-02
2.424829088890292916e-02 -5.038900221960313647e-04 -2.374440086670708688e-02 6.293468832504567345e-02 8.934152145027311753e-02 6.052819635601086601e-02
2.695227325783482175e-02 -5.616333984303925955e-04 -2.639063985940471105e-02 6.993371909519112417e-02 9.926239972457215344e-02 6.725322132615825510e-02
