0.000000000000000000e+00 0.000000000000000000e+00 0.000000000000000000e+00 0.000000000000000000e+00
7.824578750653980383e-03 -7.824578750653763543e-03 1.203336174377989988e-02 1.091142833971953281e-02
1.570472813590351527e-02 -1.570472813590302261e-02 2.406534482211439979e-02 2.182423534488417763e-02
2.364148472903084691e-02 -2.364148472903009751e-02 3.609592365323607138e-02 3.273844659726158485e-02
3.163591803376598899e-02 -3.163591803376499673e-02 4.812507189262101026e-02 4.365408844137581151e-02
3.968913189506702299e-02 -3.968913189506576011e-02 6.015276239053730239e-02 5.457118802695877513e-02
4.780226597460787707e-02 -4.780226597460639215e-02 7.217896714670192504e-02 6.548977335429338742e-02
5.597649729116896400e-02 -5.597649729116720152e-02 8.420365726182242605e-02 7.640987332267215604e-02
6.421304182497343527e-02 -6.421304182497139523e-02 9.622680288576947183e-02 8.733151778222431050e-02
7.251315618341862279e-02 -7.251315618341624969e-02 1.082483731620788037e-01 9.825473758941441482e-02
8.087813932346543666e-02 -8.087813932346286927e-02 1.202683361684422636e-01 1.091795646665500857e-01
