0.000000000000000000e+00 0.000000000000000000e+00 0.000000000000000000e+00 0.000000000000000000e+00
2.221290157174742247e-04 -2.997946339953908371e-04 1.472406359124991786e-03 1.685819918107276478e-03
4.439366963219986231e-04 -5.992202401608290752e-04 2.945316800605975085e-03 3.372253815496468500e-03
6.654225942616957736e-04 -8.982762649147990174e-04 4.418731904673844045e-03 5.059302413991153755e-03
8.865862607188198770e-04 -1.196962153090410990e-03 5.892652253333506042e-03 6.746966437582533650e-03
1.107427245605695307e-03 -1.495277347924888270e-03 7.367078430373380157e-03 8.435246612455694210e-03
1.327945097558261680e-03 -1.793221291051599713e-03 8.842011021375400029e-03 1.012414366700031473e-02
1.548139363930203490e-03 -2.090793422492156790e-03 1.031745061372417969e-02 1.181365833182446319e-02
1.768009590786094164e-03 -2.387993180648221789e-03 1.179339779661763357e-02 1.350379133976460991e-02
1.987555322895588530e-03 -2.684820002293669683e-03 1.326985316107461704e-02 1.519454342589931888e-02
2.206776103726869245e-03 -2.981273322566498248e-03 1.474681729994646931e-02 1.688591532756171867e-02
