0.000000000000000000e+00 0.000000000000000000e+00 0.000000000000000000e+00 0.000000000000000000e+00 0.000000000000000000e+00 0.000000000000000000e+00 0.000000000000000000e+00 0.000000000000000000e+00
1.862175059017580087e-03 1.412305773662748867e-03 -1.726576527008283433e-03 -1.547904305672045955e-03 2.007401186829061140e-03 9.609672829553158463e-03 7.535566315580496249e-03 3.546314859069336564e-03
3.723690998188155816e-03 2.827346373699049249e-03 -3.455494731933741841e-03 -3.095542639953393835e-03 4.012260570099218833e-03 1.922252017283417741e-02 1.507166253447248146e-02 7.091467104657888862e-03
5.584543188841317556e-03 4.245134118899910117e-03 -5.186762908198640568e-03 -4.642914399542385009e-03 6.014577027308335398e-03 2.883854204318377079e-02 2.260829142064630509e-02 1.063545508195731099e-02
7.444726958084975539e-03 5.665681441034017135e-03 -6.920389420446634854e-03 -6.190018978672181746e-03 8.014349415465435097e-03 3.845773844159101895e-02 3.014545577978100868e-02 1.417827712729019703e-02
9.304237589025781199e-03 7.089000884482346554e-03 -8.656382704832047553e-03 -7.736855768675783562e-03 1.001157657027356741e-02 4.808010935632657523e-02 3.768315846091139371e-02 1.771993156764802707e-02
1.116307032106216360e-02 8.515105105736430272e-03 -1.039475126928042156e-02 -9.283424157517785463e-03 1.200625730530660226e-02 5.770565476251601073e-02 4.522140235818034038e-02 2.126041672018827433e-02
1.302122035025851145e-02 9.944006872749888010e-03 -1.213550369371702020e-02 -1.082972352929102537e-02 1.399839041117439432e-02 6.733437462164916509e-02 5.276019041269818660e-02 2.479973089170105574e-02
1.487868282980265092e-02 1.137571906413279224e-02 -1.387864863025951162e-02 -1.237575326367548224e-02 1.598797465468631412e-02 7.696626888102160724e-02 6.029952561451890070e-02 2.833787237802812969e-02
1.673545287055444586e-02 1.281025466817638583e-02 -1.562419480337246154e-02 -1.392151273535785320e-02 1.797500877800533789e-02 8.660133747310294616e-02 6.783941100473388219e-02 3.187483946344417396e-02
1.859152554169018340e-02 1.424762678169717509e-02 -1.737215100997809708e-02 -1.546700131340876527e-02 1.995949149780052237e-02 9.623958031482843234e-02 7.537984967769711941e-02 3.541063041999260863e-02
