0.000000000000000000e+00 0.000000000000000000e+00 0.000000000000000000e+00 0.000000000000000000e+00
6.566958015573203010e-04 -5.360124521533178154e-04 2.161164966909478406e-03 1.675746098689338912e-03
1.312869739385145486e-03 -1.071616286429304815e-03 4.323234925046008995e-03 3.351693392949008608e-03
1.968521297478694441e-03 -1.606811375164441270e-03 6.486210402874888897e-03 5.027841452698480172e-03
2.623649959142262608e-03 -2.141597590846036885e-03 8.650091929378699376e-03 6.704189846888542956e-03
3.278255206991030971e-03 -2.675974806112985625e-03 1.081488003408771596e-02 8.380738143511760191e-03
3.932336522949953124e-03 -3.209942893756826711e-03 1.298057524708274776e-02 1.005748590959885946e-02
4.585893388251378704e-03 -3.743501726721259765e-03 1.514717809899569084e-02 1.173443271121826434e-02
5.238925283433159066e-03 -4.276651178102968374e-03 1.731468912101305491e-02 1.341157811347418009e-02
5.891431688336253372e-03 -4.809391121151654347e-03 1.948310884487467268e-02 1.508892168050162894e-02
6.543412082103157792e-03 -5.341721429270569407e-03 2.165243780287899600e-02 1.676646297546813616e-02
