0.000000000000000000e+00 0.000000000000000000e+00 0.000000000000000000e+00 0.000000000000000000e+00 0.000000000000000000e+00 0.000000000000000000e+00 0.000000000000000000e+00 0.000000000000000000e+00
5.485356423018029502e-04 5.979172407954431296e-05 -1.126287259753940104e-04 -3.616340694629753029e-04 1.882861336361455178e-03 1.098827092628071583e-03 8.824014647361452888e-04 1.144589759787424709e-03
1.097502982813752456e-03 1.193466325489116523e-04 -2.254414913262602744e-04 -7.222243146932138050e-04 3.769744753012675004e-03 2.198553840091920300e-03 1.763773294010276141e-03 2.285962667638909325e-03
1.646909140931498462e-03 1.786622878599736556e-04 -3.384403984075521937e-04 -1.081762124949527939e-03 5.660692230533919365e-03 3.299190903127682904e-03 2.644104586368398267e-03 3.424077785655335691e-03
2.196761334968222630e-03 2.377362152571375019e-04 -4.516275783350435558e-04 -1.440238760794655508e-03 7.555746369714583938e-03 4.400749097084991762e-03 3.523384279556607528e-03 4.558893578506302384e-03
2.747066883919871156e-03 2.965659021568471014e-04 -5.650051915030943495e-04 -1.797645351915691525e-03 9.454950402834911422e-03 5.503239394662392224e-03 4.401601147763415864e-03 5.690367903243185969e-03
3.297833209189618333e-03 3.551487974232884343e-04 -6.785754280897312533e-04 -2.153972894613281550e-03 1.135834820534727813e-02 6.606672928770726191e-03 5.278743798598587236e-03 6.818457998251799788e-03
3.849067836348301665e-03 4.134823106271549756e-04 -7.923405085716719648e-04 -2.509212249232361993e-03 1.326598430781750215e-02 7.711060995455148483e-03 6.154800669999124958e-03 7.943120471963440246e-03
4.400778396930368937e-03 4.715638112876234370e-04 -9.063026842494780388e-04 -2.863354137533767173e-03 1.517790390813614221e-02 8.816415056882475482e-03 7.029760027070272588e-03 9.064311291318594491e-03
4.952972630267184727e-03 5.293906280964906421e-04 -1.020464237785119509e-03 -3.216389140005079632e-03 1.709415288399636704e-02 9.922746744392212451e-03 7.903609958853823406e-03 1.018198576997501013e-02
5.505658385357999063e-03 5.869600481240881337e-04 -1.134827483749213791e-03 -3.568307693107192462e-03 1.901477780565779749e-02 1.103006786161884849e-02 8.776338375024480068e-03 1.129609855626178237e-02
