0.000000000000000000e+00 0.000000000000000000e+00 0.000000000000000000e+00 0.000000000000000000e+00 0.000000000000000000e+00 0.000000000000000000e+00 0.000000000000000000e+00 0.000000000000000000e+00
1.807169492317622179e-03 6.704795045201650955e-04 -1.751722327647118791e-04 -2.302476754505376928e-03 4.393829190931446138e-03 6.992106436386652177e-03 8.135119605650397573e-03 6.342942193688754123e-03
3.611508589262176633e-03 1.344191290088343109e-03 -3.466526263422216054e-04 -4.609047243143287419e-03 8.775384585674332605e-03 1.397629139223430586e-02 1.627680204166180242e-02 1.269951681555640984e-02
5.412959331917040900e-03 2.021190822387368240e-03 -5.143811349145449834e-04 -6.919769009215733305e-03 1.314445577049915860e-02 2.095243575837930569e-02 2.442516221700371734e-02 1.906993849769961225e-02
7.211462489429830078e-03 2.701534713924147024e-03 -6.782963866610121264e-04 -9.234700806198222964e-03 1.750082778291496555e-02 2.792041785341191351e-02 3.258031751105692347e-02 2.545442650463900988e-02
9.006957529653745673e-03 3.385280755323584988e-03 -8.383356464359178724e-04 -1.155390262771349361e-02 2.184428099935279213e-02 3.488011336542772706e-02 4.074238784217292658e-02 3.185320485349574238e-02
1.079938258356834789e-02 4.072487945926843433e-03 -9.944347781127708171e-04 -1.387743574020829096e-02 2.617459100847608147e-02 4.183139528007911306e-02 4.891149573639713699e-02 3.826650244390715494e-02
1.258867440852420513e-02 4.763216525353147074e-03 -1.146528205678541430e-03 -1.620536271666459666e-02 3.049152848034512517e-02 4.877413380624542188e-02 5.708776639843438777e-02 4.469455319222902234e-02
1.437476835026212617e-02 5.457528006053587871e-03 -1.294548873026586102e-03 -1.853774747138080617e-02 3.479485903125858343e-02 5.570819629924361055e-02 6.527132778494157406e-02 5.113759617018739934e-02
1.615759830366295113e-02 6.155485206897328733e-03 -1.438428202399676939e-03 -2.087465529586325988e-02 3.908434308412295222e-02 6.263344718147549617e-02 7.346231068023686972e-02 5.759587574815489691e-02
1.793709667217334783e-02 6.857152287828086057e-03 -1.578096051430457301e-03 -2.321615289586931308e-02 4.335973572416797206e-02 6.954974786041547008e-02 8.166084877451626478e-02 6.406964174323188932e-02
