0.000000000000000000e+00 0.000000000000000000e+00 0.000000000000000000e+00 0.000000000000000000e+00
5.377997664928619789e-03 -5.377997664928533053e-03 1.418206100245296419e-02 1.202724631061975573e-02
1.076563196392144213e-02 -1.076563196392148897e-02 2.838024236986075657e-02 2.403837225628473184e-02
1.616292964352832040e-02 -1.616292964352839673e-02 4.259485161329858854e-02 3.603307032591953479e-02
2.156991706514981705e-02 -2.156991706514979623e-02 5.682620425903224526e-02 4.801102499325914791e-02
2.698662015273715215e-02 -2.698662015273717990e-02 7.107462410960890820e-02 5.997191245575539398e-02
3.241306433699799733e-02 -3.241306433699795569e-02 8.534044351461626821e-02 7.191540036382060297e-02
3.784927449595915788e-02 -3.784927449595912319e-02 9.962400365147154602e-02 8.384114754003835213e-02
4.329527489174458260e-02 -4.329527489174445076e-02 1.139256548166219241e-01 9.574880368796048757e-02
4.875108910342781932e-02 -4.875108910342763197e-02 1.282457567275478438e-01 1.076380090901075948e-01
5.421673995583508460e-02 -5.421673995583492500e-02 1.425846788359750039e-01 1.195083942947533506e-01
