0.000000000000000000e+00 0.000000000000000000e+00 0.000000000000000000e+00 0.000000000000000000e+00 0.000000000000000000e+00 0.000000000000000000e+00 0.000000000000000000e+00 0.000000000000000000e+00 0.000000000000000000e+00 0.000000000000000000e+00
1.310010263953020155e-03 5.425369221229864054e-04 1.480687454696666882e-04 -3.511714750583794643e-04 -1.649444449234386363e-03 3.400321224305951837e-03 4.630713894364540603e-03 5.204628047511772500e-03 5.644696943113378454e-03 4.689754671907026516e-03
2.619428453320687879e-03 1.085131308977088302e-03 2.966939181623262254e-04 -7.016110954016665895e-04 -3.299642577719990970e-03 6.798639772827267877e-03 9.259337242103005475e-03 1.040870183965554932e-02 1.129082332618385268e-02 9.382727374856812685e-03
3.928251442628172621e-03 1.627784191220662527e-03 4.458782352627448618e-04 -1.051316756679545033e-03 -4.950597105006246043e-03 1.019494444286587857e-02 1.388586225370388831e-02 1.561222080521897787e-02 1.693838616912517539e-02 1.407893065913097715e-02
5.236476081614701433e-03 2.170496601943771794e-03 5.956244274891076993e-04 -1.400286344592424626e-03 -6.602310758939817364e-03 1.358922395604471312e-02 1.851028109427203805e-02 2.081518438392745973e-02 2.258739253758928339e-02 1.877837713262612424e-02
6.544099197975845189e-03 2.713269578487714252e-03 7.459352377110120948e-04 -1.748517728975092309e-03 -8.254786277592893184e-03 1.698146696160210758e-02 2.313258588384595887e-02 2.601759202569804696e-02 2.823784954180803136e-02 2.348107946591565173e-02
7.851117597171618917e-03 3.256104162450691036e-03 8.968134208256498202e-04 -2.096008763430122403e-03 -9.908026409317658226e-03 2.037166203579908810e-02 2.775276869700043017e-02 3.121944319089278372e-02 3.388976433703412561e-02 2.818705039254779457e-02
9.157528062231103799e-03 3.799001399692025337e-03 1.048261743627693912e-03 -2.442757284950467563e-03 -1.156203391280469228e-02 2.375979768131928488e-02 3.237082156244580622e-02 3.642073735057260037e-02 3.954314412399374118e-02 3.289630270934405798e-02
1.046332735355791008e-02 4.341962340338087999e-03 1.200282984673823163e-03 -2.788761113531078480e-03 -1.321681155714509760e-02 2.714586232666328300e-02 3.698673646262125997e-02 4.162147398675256765e-02 4.519799614933905918e-02 3.760884927669420202e-02
1.176851220873151131e-02 4.884988038786839890e-03 1.352879934141960373e-03 -3.134018051770570169e-03 -1.487236212189609920e-02 3.052984432553705954e-02 4.160050533328586708e-02 4.682165259266472118e-02 5.085432770611691966e-02 4.232470301885660896e-02
1.307307934230859947e-02 5.428079553714674522e-03 1.506055393684401769e-03 -3.478525884460874438e-03 -1.652868839715066623e-02 3.391173195623283648e-02 4.621212006310045778e-02 5.202127267301955710e-02 5.651214613423979211e-02 4.704387692425416462e-02
