0.000000000000000000e+00 0.000000000000000000e+00 0.000000000000000000e+00 0.000000000000000000e+00
5.199372965647073436e-03 -5.199372965646928586e-03 1.203400272803738062e-02 1.330902411053286327e-02
1.040780900771919905e-02 -1.040780900771914527e-02 2.405863431785478304e-02 2.662741935928591291e-02
1.562533705034629267e-02 -1.562533705034611226e-02 3.607372462732708757e-02 3.995535588838407259e-02
2.085198599386163532e-02 -2.085198599386142021e-02 4.807909925881467122e-02 5.329300809546656803e-02
2.608778468610250395e-02 -2.608778468610225762e-02 6.007457941889465108e-02 6.664055477395765259e-02
3.133276189109787668e-02 -3.133276189109750198e-02 7.205998177243669311e-02 7.999817925898547455e-02
3.658694625494477576e-02 -3.658694625494460229e-02 8.403511829078161299e-02 9.336606957921085581e-02
4.185036626866125986e-02 -4.185036626866103782e-02 9.599979609375464129e-02 1.067444186148082119e-01
4.712305022778608132e-02 -4.712305022778568581e-02 1.079538172852507333e-01 1.201334242618828374e-01
5.240502618848681682e-02 -5.240502618848634497e-02 1.198969787821050625e-01 1.335332896035990591e-01
