0.000000000000000000e+00 0.000000000000000000e+00 0.000000000000000000e+00 0.000000000000000000e+00
5.134477829859343274e-04 -4.991240363829467725e-04 1.712845716941457323e-03 1.655731038821849944e-03
1.026594709751587828e-03 -9.978419368691612053e-04 3.426441160459833910e-03 3.311672734580173045e-03
1.539441162387527803e-03 -1.496152879441036429e-03 5.140789663311333586e-03 4.967821933218169277e-03
2.051987532424722274e-03 -1.994056032205245976e-03 6.855894610270817785e-03 6.624175428604208056e-03
2.564234221055952927e-03 -2.491550553171552763e-03 8.571759439303088673e-03 8.280729961390061872e-03
3.076181639333353934e-03 -2.988635590047510754e-03 1.028838764264450832e-02 9.937482217929118414e-03
3.587830208372741990e-03 -3.485310280029995864e-03 1.200578276791661354e-02 1.159442882917050867e-02
4.099180359561154299e-03 -3.981573749591136094e-03 1.372394841926262259e-02 1.325156636952377551e-02
4.610232534771131589e-03 -4.477425114257906243e-03 1.544288825851448943e-02 1.490889135569720830e-02
5.120987186578872599e-03 -4.972863478388132169e-03 1.716260600638892450e-02 1.656640024550673843e-02
