0.000000000000000000e+00 0.000000000000000000e+00 0.000000000000000000e+00 0.000000000000000000e+00 0.000000000000000000e+00 0.000000000000000000e+00 0.000000000000000000e+00 0.000000000000000000e+00
8.918617998746009934e-05 2.302458296693028663e-04 1.516327579397282910e-05 -9.929096481430558715e-04 -3.906719414440920166e-06 6.046545155197336060e-04 1.593436995340652505e-03 3.592807992156718706e-03
1.772117929607389629e-04 4.604187540367777145e-04 3.059562762463504434e-05 -1.985303205365224286e-03 -1.208368026556827092e-05 1.208179221882152822e-03 3.187607788994868425e-03 7.191781732377186195e-03
2.640735190868369678e-04 6.905178536586255343e-04 4.629800492872962112e-05 -2.977176235358531056e-03 -2.454228865534062719e-05 1.810570922868784492e-03 4.782513738292349520e-03 1.079693983403131816e-02
3.497680187734342801e-04 9.205422036324444534e-04 6.227136202687660362e-05 -3.968524272988389889e-03 -4.129398120357234377e-05 2.411826408626552461e-03 6.378156202843895603e-03 1.440830098459660452e-02
4.342919330695838975e-04 1.150490873489154377e-03 7.851665804148758401e-05 -4.959342824020568190e-03 -6.235022384907051656e-05 3.011942456027124574e-03 7.974536544281754166e-03 1.802588394511287981e-02
5.176418835278720661e-04 1.380362927158764689e-03 9.503485692770109229e-05 -5.949627364933767100e-03 -8.772251198217884550e-05 3.610915828587073651e-03 9.571656126265494155e-03 2.164970755058162263e-02
5.998144720674409647e-04 1.610157422937334541e-03 1.118269275046965776e-04 -6.939373342732167715e-03 -1.174223705827916143e-04 4.208743276391935413e-03 1.116951631449637945e-02 2.527979071036915923e-02
6.808062808325520375e-04 1.839873413452511710e-03 1.288938434862495295e-04 -7.928576174755858769e-03 -1.514613543600840334e-04 4.805421536011432980e-03 1.276811847672444829e-02 2.891615240861072911e-02
7.606138720543583484e-04 2.069509945629157636e-03 1.462365835127444713e-04 -8.917231248490220877e-03 -1.898510478895100342e-04 5.400947330421409544e-03 1.436746398276218632e-02 3.255881170462031349e-02
8.392337879069854166e-04 2.299066060655587541e-03 1.638561311821515787e-04 -9.905333921373514483e-03 -2.326030657561406674e-04 5.995317368920478375e-03 1.596755420449252894e-02 3.620778773330132760e-02
