0.000000000000000000e+00 0.000000000000000000e+00 0.000000000000000000e+00 0.000000000000000000e+00 0.000000000000000000e+00 0.000000000000000000e+00
5.609250496285405219e-04 8.671427401398807121e-06 -6.110037716061449088e-04 1.850150938327157785e-03 1.206992633155219057e-03 2.047225065866672966e-03
1.121112317782919400e-03 1.743405843573951288e-05 -1.221796862102985607e-03 3.699661628954432294e-03 2.413883844149919584e-03 4.096375131628213727e-03
1.680557703644434660e-03 2.628919114794130176e-05 -1.832382595578749968e-03 5.548512830951553461e-03 3.620673623417020731e-03 6.147469785354100352e-03
2.239257033899942021e-03 3.523814831934013057e-05 -2.442764364507797256e-03 7.396684930008006094e-03 4.827361960879841471e-03 8.200528991037394841e-03
2.797206060823694170e-03 4.428227812060619669e-05 -3.052945631586757771e-03 9.244157928782199829e-03 6.033948845948934950e-03 1.025557309844204491e-02
3.354400460468273757e-03 5.342295472589639457e-05 -3.662929931412109430e-03 1.109091143765431574e-02 7.240434267503472084e-03 1.231262285245596916e-02
3.910835830800388213e-03 6.266157894255803965e-05 -4.272720872208595096e-03 1.293692466520631433e-02 8.446818213872803183e-03 1.437169940272249591e-02
4.466507689783264998e-03 7.199957886205355945e-05 -4.882322137605065067e-03 1.478217640843240525e-02 9.653100672813373986e-03 1.643282431354764136e-02
5.021411473399128855e-03 8.143841052590026326e-05 -5.491737488464048730e-03 1.662664504265279342e-02 1.085928163149018494e-02 1.849601957410354144e-02
5.575542533615413313e-03 9.097955861667377604e-05 -6.100970764762498819e-03 1.847030851113754674e-02 1.206536107645393360e-02 2.056130760893373419e-02
