0.000000000000000000e+00 0.000000000000000000e+00 0.000000000000000000e+00 0.000000000000000000e+00 0.000000000000000000e+00 0.000000000000000000e+00
2.983374403946329953e-03 -6.599661897712152383e-04 -2.323408214175062131e-03 8.385191220095164488e-03 1.001329356790454927e-02 4.174677230918823027e-03
5.969210405099409714e-03 -1.321805467990912631e-03 -4.647404937108376086e-03 1.677291474569064800e-02 2.002622497372349986e-02 8.347184318423385430e-03
8.957515061774293241e-03 -1.985525123584709443e-03 -6.971989938189383437e-03 2.516317459316430583e-02 3.003878824452108423e-02 1.251752321907078323e-02
1.194829546602678948e-02 -2.651132516825690372e-03 -9.297162949200937776e-03 3.355597477356076636e-02 4.005097743404748001e-02 1.668569586806663979e-02
1.494155874148875816e-02 -3.318635078930471868e-03 -1.162292366255813884e-02 4.195131928980497249e-02 5.006278662832360643e-02 2.085170417646517102e-02
1.793731204106359736e-02 -3.988040311557730991e-03 -1.394927172950550034e-02 5.034921213374118909e-02 6.007420995155311749e-02 2.501555002821834531e-02
2.093556254447426213e-02 -4.659355786202341518e-03 -1.627620675827155805e-02 5.874965728299158529e-02 7.008524157237489005e-02 2.917723527706495013e-02
2.393631745565716687e-02 -5.332589143477392719e-03 -1.860372831217948011e-02 6.715265869761881390e-02 8.009587571048018551e-02 3.333676174325102270e-02
2.693958399999285200e-02 -6.007748092278797705e-03 -2.093183590771362235e-02 7.555822031658351867e-02 9.010610664361096145e-02 3.749413121007433985e-02
2.994536942136525465e-02 -6.684840408823103028e-03 -2.326052901254165375e-02 8.396634605398306528e-02 1.001159287149606114e-01 4.164934542024420483e-02
