0.000000000000000000e+00 0.000000000000000000e+00 0.000000000000000000e+00 0.000000000000000000e+00 0.000000000000000000e+00 0.000000000000000000e+00 0.000000000000000000e+00 0.000000000000000000e+00
2.127774775841890110e-03 -9.500557850950823663e-04 1.009842706719596634e-03 -2.187561696630079336e-03 5.628420129360874741e-03 6.721765230375953762e-03 5.811411894420217411e-03 6.286989885489977989e-03
4.257029936753798510e-03 -1.902228207922402117e-03 2.022089545544905175e-03 -4.376891273468411919e-03 1.125686134450017313e-02 1.344372021202023051e-02 1.162208489692362172e-02 1.257450776986688938e-02
6.387768716799072620e-03 -2.856521282910440621e-03 3.036746529735829311e-03 -6.567993962641749568e-03 1.688532109105666743e-02 2.016586740529265759e-02 1.743202388415174622e-02 1.886254892645353176e-02
8.519994340931060645e-03 -3.812939032029296748e-03 4.053819710496182026e-03 -8.760875018336680697e-03 2.251379677923552591e-02 2.688820927854946446e-02 2.324123375914361952e-02 2.515110857364969560e-02
1.065371003360552314e-02 -4.771485489543179220e-03 5.073315182364661682e-03 -1.095553972528352793e-02 2.814228580181816694e-02 3.361074831365557652e-02 2.904971946467585497e-02 3.144018189403131186e-02
1.278891901833502376e-02 -5.732164701585298200e-03 6.095239083509438639e-03 -1.315199339902946643e-02 3.377078553385702564e-02 4.033348700629833805e-02 3.485748598346687099e-02 3.772976403413939167e-02
1.492562451723550808e-02 -6.694980725711180934e-03 7.119597596021922867e-03 -1.535024138622644030e-02 3.939929333236589365e-02 4.705642786630746116e-02 4.066453833837213594e-02 4.401985010427304085e-02
1.706382975056712492e-02 -7.659937630432879854e-03 8.146396946212665705e-03 -1.755028906493276766e-02 4.502780653600702704e-02 5.377957341798379060e-02 4.647088159256893697e-02 5.031043517829154876e-02
1.920353793626796562e-02 -8.627039494732030925e-03 9.175643404907635886e-03 -1.975214184493090386e-02 5.065632246477098921e-02 6.050292620043591640e-02 5.227652084973084118e-02 5.660151429342127893e-02
2.134475228948161385e-02 -9.596290407551718443e-03 1.020734328774701785e-02 -2.195580516806100446e-02 5.628483841965000595e-02 6.722648876792809702e-02 5.808146125419136330e-02 6.289308245007094178e-02
