0.000000000000000000e+00 0.000000000000000000e+00 0.000000000000000000e+00 0.000000000000000000e+00 0.000000000000000000e+00 0.000000000000000000e+00 0.000000000000000000e+00 0.000000000000000000e+00
2.705958685317431337e-03 -6.839525419049046710e-04 7.898358202914474140e-05 -2.100989725441621860e-03 6.620752794032003924e-03 8.654602633167014433e-03 7.377862707433678266e-03 4.373112430970685534e-03
5.414250904960387668e-03 -1.370373260274569292e-03 1.592316538342650710e-04 -4.203109298519911059e-03 1.324114018505706883e-02 1.730990991477408120e-02 1.475626249623547548e-02 8.745348535140294935e-03
8.124882743020679643e-03 -2.059268613942864812e-03 2.407471233666390927e-04 -6.306361252444260719e-03 1.986115755822626811e-02 2.596592516533077419e-02 2.213520225640196529e-02 1.311670671685103047e-02
1.083786028328658120e-02 -2.750645053839369941e-03 3.235329038944261774e-04 -8.410748133341387420e-03 2.648080027256991334e-02 3.462265173145449154e-02 2.951468487853762743e-02 1.748718537985098978e-02
1.355318960788341395e-02 -3.444509021087568436e-03 4.075919135143974900e-04 -1.051627250030997759e-02 3.310006366039096315e-02 4.328009298664672877e-02 3.689471325332069340e-02 2.185678292765824704e-02
1.627087679588343216e-02 -4.140866945040224886e-03 4.929270746344494372e-04 -1.262293692547712329e-02 3.971894302664020354e-02 5.193825233208869407e-02 4.427529027094404684e-02 2.622549776394744042e-02
1.899092792188485784e-02 -4.839725241252255603e-03 5.795413134244580856e-04 -1.473074399405658631e-02 4.633743364828002420e-02 6.059713319746372340e-02 5.165641882052458833e-02 3.059332829295521861e-02
2.171334905456164671e-02 -5.541090309388445670e-03 6.674375592371651483e-04 -1.683969630440985965e-02 5.295553077362617767e-02 6.925673904180361384e-02 5.903810178948645099e-02 3.496027291991075925e-02
2.443814625518324346e-02 -6.244968531068107939e-03 7.566187439943979076e-04 -1.894979646810892454e-02 5.957322962167329455e-02 7.791707335436261206e-02 6.642034206291036469e-02 3.932633005148443439e-02
2.716532557610586845e-02 -6.951366267646102819e-03 8.470878015418960641e-04 -2.106104711000108404e-02 6.619052538139846842e-02 8.657813965552049740e-02 7.380314252285082033e-02 4.369149809626415859e-02
