0.000000000000000000e+00 0.000000000000000000e+00 0.000000000000000000e+00 0.000000000000000000e+00 0.000000000000000000e+00 0.000000000000000000e+00 0.000000000000000000e+00 0.000000000000000000e+00 0.000000000000000000e+00 0.000000000000000000e+00
5.274908995010073494e-04 2.727383935423711796e-04 -1.278543556629232385e-05 -2.499098469393162955e-04 -5.775827694289573837e-04 1.553933142896280492e-03 1.078696010890040470e-03 1.287466732667280926e-03 1.134159326015438639e-03 1.813451620652989935e-03
1.054610902282723459e-03 5.455181029249457376e-04 -2.560479832800625525e-05 -4.998475620904669313e-04 -1.154753767806746684e-03 3.107906179628324057e-03 2.157335864483992012e-03 2.575039671793703019e-03 2.268269166740299794e-03 3.627388578518824912e-03
1.581359921943442009e-03 8.183391928437188170e-04 -3.845814038666152770e-05 -7.498132041329217193e-04 -1.731512738951913270e-03 4.661918376235915824e-03 3.235919587898699636e-03 3.862719052151313351e-03 3.402329539893271092e-03 5.441810869572266673e-03
2.107737872348705143e-03 1.091201728115236700e-03 -5.134551394338588641e-05 -9.998068318467594456e-04 -2.307859426541756121e-03 6.215968997164014222e-03 4.314447208262833094e-03 5.150505109002724916e-03 4.536340463207166884e-03 7.256718489442097637e-03
2.633744667634907791e-03 1.364105773680178305e-03 -6.426697130127688722e-05 -1.249828504114925071e-03 -2.883793574113840182e-03 7.770057305267940619e-03 5.392918752722157191e-03 6.438398078110405855e-03 5.670301954432795805e-03 9.072111433429282806e-03
3.159380222209217434e-03 1.637051394603343752e-03 -7.722256486571464152e-05 -1.499878279923671327e-03 -3.459314925066360978e-03 9.324182561811259276e-03 6.471334248438991195e-03 7.726398195738904892e-03 6.804214031339969951e-03 1.088798969650414325e-02
3.684644450750731385e-03 1.910038656074297290e-03 -9.021234714395306520e-05 -1.749956218362771435e-03 -4.034423222656667064e-03 1.087834402645946642e-02 7.549693722594568064e-03 9.014505698657077418e-03 7.938076711718285508e-03 1.270435327330564530e-02
4.209537268210751526e-03 2.183067623407884683e-03 -1.032363707465118046e-04 -2.000062378626034539e-03 -4.609118210001487276e-03 1.243254095727747491e-02 8.627997202386035111e-03 1.030272082413938479e-02 9.071890013375372847e-03 1.452120215813888088e-02
4.734058589812594788e-03 2.456138362045414986e-03 -1.162946883869941310e-04 -2.250196820012088060e-03 -5.183399630076271532e-03 1.398677261072314021e-02 9.706244715028962411e-03 1.159104380996906804e-02 1.020565395413750888e-02 1.633853634497553844e-02
5.258208331053520861e-03 2.729250937554571210e-03 -1.293873528821504887e-04 -2.500359601923943589e-03 -5.757267225714696006e-03 1.554103824164446319e-02 1.078443628775537476e-02 1.287947489443991983e-02 1.133936855185068565e-02 1.815635582744994786e-02
