0.000000000000000000e+00 0.000000000000000000e+00 0.000000000000000000e+00 0.000000000000000000e+00
7.492255705839466918e-04 -2.413697862263792344e-04 2.810499819392506260e-03 9.011595587022252270e-04
1.497626381986129742e-03 -4.826970699101156503e-04 5.622194296834184465e-03 1.802407627501080405e-03
2.245200942068529236e-03 -7.239818582232509896e-04 8.435085635599502002e-03 2.703744174965646251e-03
2.991947752587587311e-03 -9.652241583797816068e-04 1.124917604791852987e-02 3.605169169581728950e-03
3.737865309125165507e-03 -1.206423977636266083e-03 1.406446775522431948e-02 4.506682579753055161e-03
4.482952101047516826e-03 -1.447581323291334109e-03 1.688096298821561980e-02 5.408284373801644333e-03
5.227206611462938309e-03 -1.688696202686735181e-03 1.969866398691943327e-02 6.309974519965873621e-03
5.970627317180101680e-03 -1.929768623206188369e-03 2.251757300075427418e-02 7.211752986402699198e-03
6.713212688664304054e-03 -2.170798592276472917e-03 2.533769228859375847e-02 8.113619741185122691e-03
7.454961189995402623e-03 -2.411786117366930809e-03 2.815902411883285800e-02 9.015574752303075895e-03
