0.000000000000000000e+00 0.000000000000000000e+00 0.000000000000000000e+00 0.000000000000000000e+00 0.000000000000000000e+00 0.000000000000000000e+00
2.870748087678037797e-03 1.759140190635548762e-05 -2.888339489584406186e-03 7.345021851808357545e-03 1.094670787038704018e-02 7.446179311030266465e-03
5.743436341698826553e-03 3.553079738946845340e-05 -5.778967139088353119e-03 1.468971860933674344e-02 2.189229600600715170e-02 1.489380345110719733e-02
8.618063646548018708e-03 5.382518573574229109e-05 -8.671888832283645640e-03 2.203407599443055892e-02 3.283676129552923206e-02 2.234288980971772115e-02
1.149462873696436432e-02 7.248174444089141785e-05 -1.156711048140534812e-02 2.937807931878678655e-02 4.378010071000641018e-02 2.979345610410994924e-02
1.437313019175430820e-02 9.150783524026172289e-05 -1.446463802699448839e-02 3.672171347059296348e-02 5.472231130706415453e-02 3.724552038847128710e-02
1.725356642737775961e-02 1.109110103887818444e-04 -1.736447743776638880e-02 4.406496290067606070e-02 6.566339023522148322e-02 4.469910106345633544e-02
2.013593569129776967e-02 1.306990192046974739e-04 -2.026663471050253393e-02 5.140781160813448492e-02 7.660333473834811391e-02 5.215421688609711559e-02
2.302023605508870738e-02 1.508798148866681565e-04 -2.317111586997505634e-02 5.875024312544516181e-02 8.754214216026040551e-02 5.961088698009941317e-02
2.590646540728993447e-02 1.714615616153422617e-04 -2.607792696890490897e-02 6.609224050301516773e-02 9.847980994945657041e-02 6.706913084655924395e-02
2.879462144600207843e-02 1.924526419575037228e-04 -2.898707408795931501e-02 7.343378629315830408e-02 1.094163356639912266e-01 7.452896837510686323e-02
