0.000000000000000000e+00 0.000000000000000000e+00 0.000000000000000000e+00 0.000000000000000000e+00 0.000000000000000000e+00 0.000000000000000000e+00 0.000000000000000000e+00 0.000000000000000000e+00
4.779440153897257927e-04 -3.155306003998353137e-05 3.024539720080099414e-04 -9.221698260049784185e-04 2.424951101533848446e-03 7.801106226910699140e-04 8.927158143197895307e-04 3.296893633889859399e-03
9.552960660206492437e-04 -6.306981797660938139e-05 6.047648909767245132e-04 -1.843360990284872167e-03 4.851063488055342744e-03 1.560220485421933952e-03 1.785241687676860246e-03 6.595254438898803633e-03
1.432054869609531399e-03 -9.455022825249537644e-05 9.069326728590260340e-04 -2.763571738755557852e-03 7.278339075103647249e-03 2.340329552514667632e-03 2.677577556162642845e-03 9.895085124522064179e-03
1.908219138800125968e-03 -1.259942450738355067e-04 1.208957233329574499e-03 -3.682800309846424522e-03 9.706779785370543354e-03 3.120437788098719308e-03 3.569723355665619692e-03 1.319638841197287062e-02
2.383787581109302663e-03 -1.574018224076859443e-04 1.510838487782940149e-03 -4.601044934407737264e-03 1.213638754883550157e-02 3.900545156109056291e-03 4.461679021874041286e-03 1.649916703460412026e-02
2.858758898893689390e-03 -1.887729139796044849e-04 1.812576351330654660e-03 -5.518303835652779189e-03 1.456716430281401915e-02 4.680651620283803570e-03 5.353444490274476136e-03 1.980342373799325734e-02
3.333131789316969018e-03 -2.201074732726547481e-04 2.114170738798068581e-03 -6.434575229099544560e-03 1.699911199200852124e-02 5.460757144166369058e-03 6.245019696148966688e-03 2.310916128003201106e-02
3.806904944316110827e-03 -2.514054535254338515e-04 2.415621564720682284e-03 -7.349857322512207483e-03 1.943223256855610565e-02 6.240861691099936284e-03 7.136404574572785889e-03 2.641638243101461503e-02
4.280077050567569416e-03 -2.826668077304929990e-04 2.716928743341316416e-03 -8.264148315841777018e-03 2.186652799208275294e-02 7.020965224229267637e-03 8.027599060411722345e-03 2.972508997373101217e-02
4.752646789453231213e-03 -3.138914886325656233e-04 3.018092188606867100e-03 -9.177446401166501622e-03 2.430200022974940421e-02 7.801067706498100544e-03 8.918603088319577987e-03 3.303528670355402458e-02
