0.000000000000000000e+00 0.000000000000000000e+00 0.000000000000000000e+00 0.000000000000000000e+00
5.057153624993595284e-04 -6.071536064540573614e-04 1.471566701596092961e-03 1.762340244273125642e-03
1.011213785027177334e-03 -1.214014218759051911e-03 2.943372877380752775e-03 3.525013258097892468e-03
1.516495205298199530e-03 -1.820581724895657325e-03 4.415418337122231120e-03 5.288018618944703014e-03
2.021559561133308685e-03 -2.426856013111467446e-03 5.887702890032652479e-03 7.051355902792762892e-03
2.526406790462266093e-03 -3.032836971925189761e-03 7.360226344774354126e-03 8.815024684141078287e-03
3.031036831323512173e-03 -3.638524490127051977e-03 8.832988509458098922e-03 1.057902453600527773e-02
3.535449621864571960e-03 -4.243918456780417479e-03 1.030598919164312302e-02 1.234335502991418428e-02
4.039645100342739020e-03 -4.849018761222814028e-03 1.177922819833391622e-02 1.410801573590482819e-02
4.543623205124721134e-03 -5.453825293066404296e-03 1.325270533598266881e-02 1.587300622252005994e-02
5.047383874687426560e-03 -6.058337942200050195e-03 1.472642041048399797e-02 1.763832605680496282e-02
