0.000000000000000000e+00 0.000000000000000000e+00 0.000000000000000000e+00 0.000000000000000000e+00 0.000000000000000000e+00 0.000000000000000000e+00
8.993468386733574106e-04 4.106329944913660913e-03 -5.005676783587417744e-03 6.012246367938556312e-04 1.196162078275846662e-02 9.232545550692696293e-03
1.770516556898310860e-03 8.265152103107692091e-03 -1.003566866000669446e-02 1.195023815746168883e-03 2.394234897439960139e-02 1.845340915034381427e-02
2.612104261355078279e-03 1.247758661239486110e-02 -1.508969087375090778e-02 1.781058402109288435e-03 3.594291218380320230e-02 2.766220232482150682e-02
3.422613398332116988e-03 1.674477273531524424e-02 -2.016738613364886176e-02 2.358966554276988124e-03 4.796408402305375046e-02 3.685851330364774137e-02
4.200447979931952805e-03 2.106786698814980957e-02 -2.526831496808345373e-02 2.928361783001957961e-03 6.000668810750007381e-02 4.604190496072102512e-02
4.943904000139579154e-03 2.544804079785768433e-02 -3.039194479799937898e-02 3.488830808932518249e-03 7.207160249244813632e-02 5.521191252008723210e-02
5.651159940041199613e-03 2.988647761011021739e-02 -3.553763755015403036e-02 4.039931193461689454e-03 8.415976460614078836e-02 6.436804099211015928e-02
6.320266245943682686e-03 3.438436936196059140e-02 -4.070463560790757440e-02 4.581188713987164457e-03 9.627217674974261619e-02 7.350976229822747676e-02
6.949133645210816765e-03 3.894291222260756746e-02 -4.589204586782234807e-02 5.112094449917489736e-03 1.084099122491285622e-01 8.263651203315625082e-02
7.535520141123666985e-03 4.356330149534288348e-02 -5.109882163647123943e-02 5.632101539783324409e-03 1.205741223614449076e-01 9.174768580121853145e-02
