0.000000000000000000e+00 0.000000000000000000e+00 0.000000000000000000e+00 0.000000000000000000e+00 0.000000000000000000e+00 0.000000000000000000e+00 0.000000000000000000e+00 0.000000000000000000e+00 0.000000000000000000e+00 0.000000000000000000e+00
1.009662070967524538e-03 7.781965683421001494e-04 6.110162338643523958e-04 -4.298976554178539355e-04 -1.968977221752060518e-03 2.358877850150816607e-03 3.595602152618596840e-03 5.239645213665375563e-03 6.407551641827187797e-03 5.338247050269257464e-03
2.018987832278853773e-03 1.556349222340599331e-03 1.222691361120341888e-03 -8.595778574743050343e-04 -3.938450562344902872e-03 4.717099103082823298e-03 7.190205886827841057e-03 1.047880841888561461e-02 1.281543520309434865e-02 1.067829918749067276e-02
3.027977132993030056e-03 2.334457757628945543e-03 1.835026430096312316e-03 -1.289041859664637971e-03 -5.908419465217038327e-03 7.074663644697306956e-03 1.078381158609881610e-02 1.571748874430360307e-02 1.922365018926868244e-02 1.602015752585878028e-02
4.036629820631219140e-03 3.112521965507406702e-03 2.448022480874045663e-03 -1.718290926163494343e-03 -7.878883345097382682e-03 9.431571356733258957e-03 1.437641963393814296e-02 2.095568531671337248e-02 2.563219613341872691e-02 2.136382314026497378e-02
5.044945741431224040e-03 3.890541633099365865e-03 3.061680544175503053e-03 -2.147326327010238515e-03 -9.849841596028838936e-03 1.178782211729178381e-02 1.796803041441044982e-02 2.619339726186635173e-02 3.204107259869314051e-02 2.670929707964282349e-02
6.052924740314358752e-03 4.668516543216983707e-03 3.676001640680146877e-03 -2.576149337366984843e-03 -1.182129359126279228e-02 1.414341580075721867e-02 2.155864431204877404e-02 3.143062370452626153e-02 3.845027917906157500e-02 3.205658036634183999e-02
7.060566660853114310e-03 5.446446474224514445e-03 4.290986780321795133e-03 -3.004761236735802726e-03 -1.379323868316763811e-02 1.649835227771149701e-02 2.514826171176381964e-02 3.666736376852594570e-02 4.485981550005953972e-02 3.740567399550137617e-02
8.067871345237107028e-03 6.224331199898468919e-03 4.906636961562637483e-03 -3.433163308132328173e-03 -1.576567620315594623e-02 1.885263141485164079e-02 2.873688299874922747e-02 4.190361657682949853e-02 5.126968121953688617e-02 4.275657893441657531e-02
9.074838634238552304e-03 7.002170489285164737e-03 5.522953170644689935e-03 -3.861356837216918872e-03 -1.773860546162818810e-02 2.120625307490350137e-02 3.232450855838614467e-02 4.713938125159566894e-02 5.767987602840948108e-02 4.810929612190538440e-02
1.008146836717766642e-02 7.779964106555894640e-03 6.139936380818422287e-03 -4.289343111380534285e-03 -1.971202574793484014e-02 2.355921711653370665e-02 3.591113877614517808e-02 5.237465691424800923e-02 6.409039965141252737e-02 5.346382646767155328e-02
