0.000000000000000000e+00 0.000000000000000000e+00 0.000000000000000000e+00 0.000000000000000000e+00 0.000000000000000000e+00 0.000000000000000000e+00 0.000000000000000000e+00 0.000000000000000000e+00
2.911569052676834819e-03 -4.384024753855417038e-04 -1.277412760121776625e-03 -1.195753817169502558e-03 8.700055522046449413e-03 9.524849862814047802e-03 5.600106223209660485e-03 2.028127277747921245e-03
5.835436302745776634e-03 -8.898177344037079810e-04 -2.565607852630058701e-03 -2.380010715712134201e-03 1.744542979840137467e-02 1.907357437620458770e-02 1.117441827442180666e-02 4.012855322607941297e-03
8.771788241901713051e-03 -1.354478139465392682e-03 -3.864745260448684046e-03 -3.552564841987355081e-03 2.623686402300932918e-02 2.864656135348998128e-02 1.672252108709141455e-02 5.953470193862710376e-03
1.172081508494565716e-02 -1.832621440779427704e-03 -5.174987848264622423e-03 -4.713205795901433993e-03 3.507511540527844668e-02 3.824420672212137939e-02 2.224399057142061389e-02 7.849242844450765588e-03
1.468271085783732013e-02 -2.324490928389406821e-03 -6.496501423487409214e-03 -5.861718505960277284e-03 4.396095760256845536e-02 4.786691473338247627e-02 2.773839336887109347e-02 9.699428724267374763e-03
1.765767348804117218e-02 -2.830335589212297238e-03 -7.829454798606201582e-03 -6.997883100222463890e-03 5.289518116671799303e-02 5.751509817841404804e-02 3.320528659868507426e-02 1.150326737109001046e-02
2.064590489722818722e-02 -3.350410269258858112e-03 -9.174019854969317836e-03 -8.121474772999752803e-03 6.187859400514441471e-02 6.718917861077876308e-02 3.864421759610750517e-02 1.325998198869461110e-02
2.364761109639768044e-02 -3.884975841237166879e-03 -1.053037160802097402e-02 -9.232263647139461044e-03 7.091202185707939920e-02 7.688958657576827616e-02 4.405472364199380236e-02 1.496877901170160646e-02
2.666300228348332871e-02 -4.434299377735888628e-03 -1.189868827402289567e-02 -1.033001463172444033e-02 7.999630878551221291e-02 8.661676184669382661e-02 4.943633168347960627e-02 1.662884765667504289e-02
2.969229294350917217e-02 -4.998654330203034131e-03 -1.327915133829189222e-02 -1.141448727501400209e-02 8.913231768545901157e-02 9.637115366837904762e-02 5.478855804536084118e-02 1.823935945897960098e-02
