0.000000000000000000e+00 0.000000000000000000e+00 0.000000000000000000e+00 0.000000000000000000e+00 0.000000000000000000e+00 0.000000000000000000e+00
2.908541027204892366e-04 1.027516969679764211e-04 -8.055124437048182570e-05 9.913893985847373365e-04 1.453599911193727105e-03 1.901897332199894487e-04
5.815903367051659121e-04 2.055354555317406547e-04 -1.610623774269619277e-04 1.982911727359588754e-03 2.907012477669291325e-03 3.803442310347257094e-04
8.722086655243948931e-04 3.083512697323203037e-04 -2.415334072690174130e-04 2.974567043010456751e-03 4.360237567562018531e-03 5.704634930938543794e-04
1.162709052706868652e-03 4.111991335997725798e-04 -3.219643420063577461e-04 3.966355402276566626e-03 5.813275048981614464e-03 7.605475190622964891e-04
1.453091461739868884e-03 5.140790411545886028e-04 -4.023551897591241778e-04 4.958276861955433421e-03 7.266124790031398481e-03 9.505963086214385760e-04
1.743355856069480746e-03 6.169909864076194173e-04 -4.827059586575785529e-04 5.950331478901507536e-03 8.718786658809504417e-03 1.140609861468038942e-03
2.033502199100360296e-03 7.199349633600289925e-04 -5.630166568426596407e-04 6.942519310026500426e-03 1.017126052340799371e-02 1.330588177315473238e-03
2.323530454195499220e-03 8.229109660031698643e-04 -6.432872924653750338e-04 7.934840412299526413e-03 1.162354625191419633e-02 1.520531255892543145e-03
2.613440584675778139e-03 9.259189883187191484e-04 -7.235178736867896006e-04 8.927294842747523357e-03 1.307564371240869071e-02 1.710439096944262310e-03
2.903232553820820315e-03 1.028959024278439365e-03 -8.037084086785891085e-04 9.919882658455314237e-03 1.452755277296743919e-02 1.900311700231547456e-03
