0.000000000000000000e+00 0.000000000000000000e+00 0.000000000000000000e+00 0.000000000000000000e+00 0.000000000000000000e+00 0.000000000000000000e+00 0.000000000000000000e+00 0.000000000000000000e+00
1.251938640234405388e-03 -7.034277893119847630e-04 3.313260626764273891e-03 -3.861771477686825813e-03 1.762888821809231342e-03 5.662469177117809838e-03 1.191746282997263595e-02 5.352834675673802389e-03
2.503924823173625438e-03 -1.416611074735788216e-03 6.649000171805716751e-03 -7.736313920243475042e-03 3.524982365820121012e-03 1.132293836477565874e-02 2.384045225019991443e-02 1.070293802835129739e-02
3.755944844471994278e-03 -2.139702850037256132e-03 1.000749868587701673e-02 -1.162374068031189582e-02 5.286275455820914002e-03 1.698136345949713411e-02 3.576903100384012935e-02 1.605029659456279345e-02
5.007984550990570924e-03 -2.872860094301678963e-03 1.338904234383965844e-02 -1.552416680052863540e-02 7.046762780335586764e-03 2.263769904461256782e-02 4.770326358601712641e-02 2.139489660732921822e-02
6.260029322857133677e-03 -3.616243917974179631e-03 1.679392363717853442e-02 -1.943770904206164676e-02 8.806438887379457875e-03 2.829189833893919204e-02 5.964321631015259001e-02 2.673672398639699230e-02
7.512064054935532406e-03 -4.370019714754582937e-03 2.022244157160465322e-02 -2.336448591178560616e-02 1.056529817906635797e-02 3.394391314299979867e-02 7.158895737687934191e-02 3.207576432849622988e-02
8.764073137738165320e-03 -5.134357319416377879e-03 2.367490186922000667e-02 -2.730461768754186697e-02 1.232333490607912495e-02 3.959369378267037914e-02 8.354055694557041556e-02 3.741200289769533449e-02
1.001604043783326653e-02 -5.909431171575652703e-03 2.715161717454680698e-02 -3.125822644080445550e-02 1.408054316202877326e-02 4.524118905013611858e-02 9.549808720850563870e-02 4.274542461591850778e-02
1.126794927780980747e-02 -6.695420485382141268e-03 3.065290726349772718e-02 -3.522543605592534655e-02 1.583691687772713352e-02 5.088634614204262663e-02 1.074616224676892690e-01 4.807601405370326431e-02
1.251978241588936995e-02 -7.492509425042769705e-03 3.417909925411292960e-02 -3.920637224495961137e-02 1.759244981540791439e-02 5.652911059473449129e-02 1.194312392143294377e-01 5.340375542126436781e-02
