0.000000000000000000e+00 0.000000000000000000e+00 0.000000000000000000e+00 0.000000000000000000e+00 0.000000000000000000e+00 0.000000000000000000e+00 0.000000000000000000e+00 0.000000000000000000e+00 0.000000000000000000e+00 0.000000000000000000e+00
1.392230297989634430e-03 1.491854224247129036e-03 4.367076514033317656e-04 -1.197600161809582280e-03 -2.123192018153331143e-03 2.491702129950686215e-03 4.498756304941795361e-03 6.718416239679459064e-03 6.588548336881331485e-03 4.765239210774651311e-03
2.784208718792681014e-03 2.984831665820961589e-03 8.740912638311168015e-04 -2.396398696890793441e-03 -4.246732958011235036e-03 4.982251983011353781e-03 8.996882499251542334e-03 1.343787767021421310e-02 1.317750515074122067e-02 9.530807124645098577e-03
4.175934984662971021e-03 4.478934005878672936e-03 1.312152705733291708e-03 -3.596400355620865252e-03 -6.370621347247750442e-03 7.471649182029128228e-03 1.349437983305469199e-02 2.015838429886009434e-02 1.976687141429209899e-02 1.429670190525305674e-02
5.567408816666587906e-03 5.974162915099811774e-03 1.750893837854942438e-03 -4.797609894782781277e-03 -8.494855681569905489e-03 9.959893345063008593e-03 1.799124955493082087e-02 2.687993614558235184e-02 2.635664812127576709e-02 1.906292167225377698e-02
6.958629935370342842e-03 7.470520054150261123e-03 2.190316509544243048e-03 -6.000032072273243575e-03 -1.061943443366211194e-02 1.244698408607238134e-02 2.248749291326120406e-02 3.360253324151217524e-02 3.294683629126548413e-02 2.382946451260080020e-02
8.349598060833515051e-03 8.968007073280565705e-03 2.630422557550996139e-03 -7.203671645485240811e-03 -1.274435605319113041e-02 1.493292101472854655e-02 2.698311115582669242e-02 4.032617563013352752e-02 3.953743696956702608e-02 2.859632848005254357e-02
9.740312912599491738e-03 1.046662561191713872e-02 3.071213804784086315e-03 -8.408533369629558885e-03 -1.486961896682453300e-02 1.741770373622158682e-02 3.147810552939261930e-02 4.705086336851162232e-02 4.612845122708818246e-02 3.336351159467990796e-02
1.113077420968531205e-02 1.196637729825035523e-02 3.512692059022628349e-03 -9.614621995992680970e-03 -1.699522157826275845e-02 1.990133185106113950e-02 3.597247727928259975e-02 5.377659652856991296e-02 5.271988016017353090e-02 3.813101184238199687e-02
1.252098167057185893e-02 1.346726374881560169e-02 3.954859111586869758e-03 -1.082194227013114941e-02 -1.912116226828482896e-02 2.238380495487337155e-02 4.046622764893567648e-02 6.050337519841204881e-02 5.931172489040493351e-02 4.289882717440725995e-02
1.391093501319204395e-02 1.496928656806838752e-02 4.397716735962087578e-03 -1.203049893000157633e-02 -2.124743939480855034e-02 2.486512263819058016e-02 4.495935787945319617e-02 6.723119948369417342e-02 6.590398656436792513e-02 4.766695550688063859e-02
