0.000000000000000000e+00 0.000000000000000000e+00 0.000000000000000000e+00 0.000000000000000000e+00 0.000000000000000000e+00 0.000000000000000000e+00 0.000000000000000000e+00 0.000000000000000000e+00
8.447598782584167781e-04 5.855507656218222369e-05 -2.547071964222955964e-04 -1.114250766929398249e-04 2.964731902089056195e-03 1.467565876633062684e-03 6.704551600961778822e-04 2.811761448312693728e-05
1.688701096250825370e-03 1.170891808861959990e-04 -5.092689045061367685e-04 -2.225541993238141787e-04 5.931934065691754805e-03 2.935075145195660713e-03 1.340612713380578058e-03 5.531756643207411600e-05
2.531821743936674054e-03 1.756023080849215508e-04 -7.636847582119920402e-04 -3.333870786322202400e-04 8.901610254588583626e-03 4.402527392988386454e-03 2.010472185485480401e-03 8.159914482173889999e-05
3.374119906015977163e-03 2.340944530930164330e-04 -1.017954390123563396e-03 -4.439234239127073847e-04 1.187376424334226493e-02 5.869922205724882949e-03 2.680033100515485326e-03 1.069616363445874375e-04
4.215593661922171706e-03 2.925656106596892124e-04 -1.272077431433163213e-03 -5.541629430123149076e-04 1.484839981744785591e-02 7.337259167527847119e-03 3.349294981037539889e-03 1.314043253851631809e-04
5.056241085800231884e-03 3.510157753465040003e-04 -1.526053511932607505e-03 -6.641053423217198109e-04 1.782552077339333990e-02 8.804537860921559170e-03 4.018257348071938365e-03 1.549264939989351830e-04
5.896060246482990111e-03 4.094449415249149090e-04 -1.779882260004224956e-03 -7.737503267667627605e-04 2.080513091871979275e-02 1.027175786682073613e-02 4.686919721081746724e-03 1.775274218942197242e-04
6.735049207468596887e-03 4.678531033740486954e-04 -2.033563302612184827e-03 -8.830975997991669362e-04 2.378723407208437751e-02 1.173891876452434063e-02 5.355281617963635055e-03 1.992063864107008846e-04
7.573206026897527469e-03 5.262402548780810733e-04 -2.287096265293534717e-03 -9.921468633882213339e-04 2.677183406332036414e-02 1.320602013170356012e-02 6.023342555039213481e-03 2.199626624992956359e-04
8.410528757528469221e-03 5.846063898235983073e-04 -2.540480772148704259e-03 -1.100897818011033679e-03 2.975893473350108356e-02 1.467306154439447161e-02 6.691102047043048263e-03 2.397955227024085412e-04
