0.000000000000000000e+00 0.000000000000000000e+00 0.000000000000000000e+00 0.000000000000000000e+00 0.000000000000000000e+00 0.000000000000000000e+00 0.000000000000000000e+00 0.000000000000000000e+00 0.000000000000000000e+00 0.000000000000000000e+00
4.633502316524555869e-04 1.379442898349112043e-04 1.455109651512852080e-05 -1.244345147799762771e-04 -5.513118183002053410e-04 1.520620112018997898e-03 9.376832845457515721e-04 9.888447807013176199e-04 1.074682334775305332e-03 1.870957252158506230e-03
9.263121427152973611e-04 2.758541866257737730e-04 2.911507354603716155e-05 -2.488184484364406928e-04 -1.102318195442751961e-03 3.041182493005755490e-03 1.875162703729568638e-03 1.977611505190038019e-03 2.149450023892838027e-03 3.742905134526034773e-03
1.388885484760948906e-03 4.137297021389789529e-04 4.369194875259032424e-05 -3.731517885817651060e-04 -1.653018923071791551e-03 4.561685580503153578e-03 2.812437829514937739e-03 2.966300158142717511e-03 3.224303474673279827e-03 5.615845456670539443e-03
1.851070009023267609e-03 5.515708481382060758e-04 5.828173986299825255e-05 -4.974345227445545062e-04 -2.203413792458152904e-03 6.082127805374012812e-03 3.749508232128966577e-03 3.954910724169970367e-03 4.299243096105456394e-03 7.489780035209208514e-03
2.312865466387810202e-03 6.893776363866428421e-04 7.288446467497517660e-05 -6.216666383678254998e-04 -2.753502594511379482e-03 7.602507591741660548e-03 4.686373480048590043e-03 4.943443187820425501e-03 5.374269298870559472e-03 9.364710693890724441e-03
2.774271607390505975e-03 8.271500786469082340e-04 8.750014105741329398e-05 -7.458481228077004426e-04 -3.303285119777222417e-03 9.122823356954325863e-03 5.623033139988410124e-03 5.931897533580981693e-03 6.449382495353664368e-03 1.124063926363595353e-02
3.235288182215021943e-03 9.648881866801644995e-04 1.021287869497940074e-04 -8.699789633336231422e-04 -3.852761158435342656e-03 1.064307351155001705e-02 6.559486776894198935e-03 6.920273745876162272e-03 7.524583099650330141e-03 1.311756758257389376e-02
3.695914940690655376e-03 1.102591972246809524e-03 1.167704203632553351e-04 -9.940591471269788308e-04 -4.401930500297676629e-03 1.216325645922145676e-02 7.495733953930845857e-03 7.908571809066339622e-03 8.599871527576996230e-03 1.499549749608327688e-02
4.156151632290203124e-03 1.240261447105587243e-03 1.314250593807334672e-04 -1.118088661280962869e-03 -4.950792934805620799e-03 1.368337059678110916e-02 8.431774232473536468e-03 8.896791707449280828e-03 9.675248196680490478e-03 1.687443085682905491e-02
4.615998006127308359e-03 1.377896623013745610e-03 1.460927221572867253e-04 -1.242067492799037165e-03 -5.499348251028541093e-03 1.520341431412444190e-02 9.367607172099510007e-03 9.884933425258157075e-03 1.075071352624537742e-02 1.875436952480310018e-02
