0.000000000000000000e+00 0.000000000000000000e+00 0.000000000000000000e+00 0.000000000000000000e+00 0.000000000000000000e+00 0.000000000000000000e+00
2.442816523277466928e-03 -6.405226475940015672e-06 -2.436411289534651768e-03 6.271362812979228152e-03 9.274163075922766536e-03 6.256663171316408090e-03
4.887189696989679630e-03 -1.288858512145905910e-05 -4.874301104466073099e-03 1.254319048051856685e-02 1.854752836440696009e-02 1.251365926489489931e-02
7.333121473237368300e-03 -1.945112089476704401e-05 -7.313670352342701436e-03 1.881548516282332759e-02 2.782009400640975821e-02 1.877098798234899321e-02
9.780613794463818150e-03 -2.609388746018827254e-05 -9.754519907003589979e-03 2.508824901422381654e-02 3.709185820139276890e-02 2.502864898649327305e-02
1.222966855390503205e-02 -3.281795854899894477e-05 -1.219685059535605132e-02 3.136148420922329344e-02 4.636281916594737346e-02 3.128664187746704045e-02
1.468028762446177589e-02 -3.962441886662740331e-05 -1.464066320559517104e-02 3.763519292181791848e-02 5.563297517159682126e-02 3.754496620974959176e-02
1.713247284960111097e-02 -4.651436620580623460e-05 -1.708595848339531514e-02 4.390937733009318833e-02 6.490232453756974995e-02 4.380362148602909983e-02
1.958622604178362342e-02 -5.348891130675572508e-05 -1.953273713047674193e-02 5.018403961579445682e-02 7.417086563273067590e-02 5.006260715569463976e-02
2.204154898084023304e-02 -6.054917769198787936e-05 -2.198099980314829893e-02 5.645918196389168586e-02 8.343859687756120802e-02 5.632192261329388439e-02
2.449844341229790931e-02 -6.769630147943853787e-05 -2.443074711081853062e-02 6.273480656212261641e-02 9.270551674619074978e-02 6.258156719696079950e-02
