0.000000000000000000e+00 0.000000000000000000e+00 0.000000000000000000e+00 0.000000000000000000e+00 0.000000000000000000e+00 0.000000000000000000e+00 0.000000000000000000e+00 0.000000000000000000e+00
1.384173936876761761e-03 7.874847192286234601e-04 5.820017906364347536e-06 -2.177478667262828377e-03 3.080867447382580789e-03 5.513572814422487353e-03 7.314594946777041098e-03 6.227820665513154365e-03
2.767348471786539726e-03 1.576162435713361967e-03 1.322149840503957126e-05 -4.356732399018185126e-03 6.157524728978800224e-03 1.102431445677666197e-02 1.463081182185819139e-02 1.246106070232689579e-02
4.149518121352882213e-03 2.366038094038649692e-03 2.221019180014558239e-05 -6.537766400158009569e-03 9.229955833387072650e-03 1.653221680109091471e-02 2.194865588673415926e-02 1.869973902455895551e-02
5.530677365812430163e-03 3.157116666653908034e-03 3.279185415977253944e-05 -8.720585879435855184e-03 1.229814465175234003e-02 2.203727167611328405e-02 2.926813244624205598e-02 2.494387460747820445e-02
6.910820653317407795e-03 3.949403157546553696e-03 4.497225288144657968e-05 -1.090519605638825759e-02 1.536207498250430348e-02 2.753947087415800285e-02 3.658924685626846474e-02 3.119348650445385313e-02
8.289942399722107641e-03 4.742902602641759641e-03 5.875716619743471397e-05 -1.309160216102641348e-02 1.842173053047348533e-02 3.303880615079604621e-02 4.391200452496880208e-02 3.744859384692784260e-02
9.668036988371573465e-03 5.537620070212513797e-03 7.415238267537236500e-05 -1.527980943353511242e-02 2.147709490599705034e-02 3.853526922453712200e-02 5.123641091401519992e-02 4.370921584438047097e-02
1.104509876988773662e-02 6.333560661297755502e-03 9.116370071507841691e-05 -1.746982312397475992e-02 2.452815162401132329e-02 4.402885177650770615e-02 5.856247153987919479e-02 4.997537178427771676e-02
1.242112206195946852e-02 7.130729510131037820e-03 1.097969280424615675e-04 -1.966164849199236384e-02 2.757488410313411326e-02 4.951954545011968273e-02 6.589019197514228710e-02 5.624708103200639492e-02
1.379610114912966506e-02 7.929131784576663039e-03 1.300578812013794897e-04 -2.185529080653882128e-02 3.061727566473794460e-02 5.500734185073277022e-02 7.321957784984500783e-02 6.252436303079308977e-02
