0.000000000000000000e+00 0.000000000000000000e+00 0.000000000000000000e+00 0.000000000000000000e+00 0.000000000000000000e+00 0.000000000000000000e+00 0.000000000000000000e+00 0.000000000000000000e+00
1.020100707029376148e-03 2.414829723382614507e-03 -3.576357070434615665e-06 -3.431354073341593390e-03 5.503303930123376510e-04 4.880561317329434705e-03 1.061926467558491592e-02 8.013745825827421274e-03
2.039137266609567650e-03 4.831863879468874072e-03 -5.970512850174435927e-06 -6.865030633228219256e-03 1.098243360797340404e-03 9.759094358886831119e-03 2.124122301820798031e-02 1.602924368561639556e-02
3.057109801503735472e-03 7.251107391994161648e-03 -7.187605211115893553e-06 -1.030102958828673330e-02 1.643740595041030426e-03 1.463560318245715058e-02 3.186587588074187016e-02 2.404648697702310017e-02
4.074018435837651123e-03 9.672565209391749755e-03 -7.232997448919928699e-06 -1.373935064778029382e-02 2.186823776490920239e-03 1.951009186124891270e-02 4.249322426314326717e-02 3.206546894613419851e-02
5.089863294668309744e-03 1.209624230294921790e-02 -6.112283432771568187e-06 -1.717999331418472442e-02 2.727494574620797137e-03 2.438256448183739877e-02 5.312326932136782892e-02 4.008618268094574222e-02
6.104644503512321463e-03 1.452214366479330845e-02 -3.831292589550824856e-06 -2.062295687571600103e-02 3.265754647288271646e-03 2.925302514203115961e-02 6.375601237655069420e-02 4.810862110465585068e-02
7.118362187829322014e-03 1.695027430568706722e-02 -3.960946918257247928e-07 -2.406824039882456481e-02 3.801605640381444922e-03 3.412147794866410289e-02 7.439145492445736751e-02 5.613277696877692208e-02
8.131016472458041031e-03 1.938063925263123696e-02 4.186995579505761733e-06 -2.751584272066870743e-02 4.335049187451272927e-03 3.898792701531542115e-02 8.502959864519989142e-02 6.415864284606785650e-02
9.142607481000273109e-03 2.181324354625341702e-02 9.911414329146113478e-06 -3.096576244158272262e-02 4.866086909330235612e-03 4.385237645996362121e-02 9.567044541321219342e-02 7.218621112328253708e-02
1.015313533514801067e-02 2.424809223797319210e-02 1.677034443392944746e-05 -3.441799791755516258e-02 5.394720413731179075e-03 4.871483040257880426e-02 1.063139973074830602e-01 8.021547399374995280e-02
