0.000000000000000000e+00 0.000000000000000000e+00 0.000000000000000000e+00 0.000000000000000000e+00 0.000000000000000000e+00 0.000000000000000000e+00
5.199901479341698107e-04 9.558834757978221036e-06 -5.751668180863377155e-04 1.713223096157444033e-03 1.127147821616964135e-03 1.930451674920339363e-03
1.039305546795948497e-03 1.920748313703084432e-05 -1.150178102258672197e-03 3.425735141098391282e-03 2.254204173458428714e-03 3.862740972231154014e-03
1.557942578808160566e-03 2.894709388741484345e-05 -1.725036803827977375e-03 5.137518913094372454e-03 3.381169036323452334e-03 5.796885431737633376e-03
2.075897567608265670e-03 3.877883564700706327e-05 -2.299745928737820765e-03 6.848556887564652418e-03 4.508042390482865092e-03 7.732902898715491614e-03
2.593166776862696615e-03 4.870389741186033616e-05 -2.874308538881406409e-03 8.558831230058327674e-03 5.634824215679318238e-03 9.670811531108115464e-03
3.109746408936984573e-03 5.872348898369635491e-05 -3.448727753316460382e-03 1.026832378945064655e-02 6.761514491109302250e-03 1.161062980641839291e-02
3.625632603527858926e-03 6.883884142884801863e-05 -4.023006749510970627e-03 1.197701609096510356e-02 7.888113195406108377e-03 1.355237652879183463e-02
4.140821436259834940e-03 7.905120755103760787e-05 -4.597148764624137129e-03 1.368488932900385584e-02 9.014620306621050697e-03 1.549607083628487189e-02
4.655308917243056177e-03 8.936186237398923587e-05 -5.171157096818291242e-03 1.539192435979306987e-02 1.014103580220651959e-02 1.744173220832501148e-02
5.169090989592695431e-03 9.977210363958429341e-05 -5.745035106606648755e-03 1.709810169382495679e-02 1.126735965899618164e-02 1.938938047337926060e-02
