0.000000000000000000e+00 0.000000000000000000e+00 0.000000000000000000e+00 0.000000000000000000e+00
1.643292798310688752e-02 -1.643292798310759875e-02 6.302774223461674215e-03 1.596115707482758522e-02
3.049551644543976522e-02 -3.049551644543347512e-02 1.265026920792682724e-02 3.187759338871373749e-02
3.893556869687322258e-02 -3.893556869630791784e-02 1.907542757262220903e-02 4.771636632128409966e-02
3.801370677654006269e-02 -3.801370677535573228e-02 2.561551799556849654e-02 6.344020719670626085e-02
2.780096646025585067e-02 -2.780096646042240494e-02 3.227831927878862389e-02 7.904133721268728763e-02
1.195750396958529700e-02 -1.195750394379768711e-02 3.903874081623260467e-02 9.454484697487942901e-02
-6.406387274082095060e-03 6.406387265739582615e-03 4.586040050362289594e-02 1.099871185949320707e-01
-2.562340959347642055e-02 2.562340959347869651e-02 5.271171703401061892e-02 1.253997333522204605e-01
-4.488137582237361478e-02 4.488137582237616829e-02 5.957538149411958917e-02 1.408000001903900733e-01
-6.380152841161722266e-02 6.380152841161967903e-02 6.644463206341728878e-02 1.561946809193711372e-01
