0.000000000000000000e+00 0.000000000000000000e+00 0.000000000000000000e+00 0.000000000000000000e+00 0.000000000000000000e+00 0.000000000000000000e+00 0.000000000000000000e+00 0.000000000000000000e+00
1.267433934350641013e-03 2.049996838186984773e-03 -4.344883001248563549e-04 -2.882942472412762004e-03 1.629706552945728564e-03 8.116287912183807463e-03 1.074130141866601502e-02 6.093624386038199413e-03
2.533645874360684717e-03 4.103042041264529441e-03 -8.689004152820883724e-04 -5.767787500343126220e-03 3.257272441350066161e-03 1.623381414835304432e-02 2.148518031220145869e-02 1.218557363776325009e-02
3.798631481846190348e-03 6.159146065515807081e-03 -1.303236603350282647e-03 -8.654540944011612433e-03 4.882695005460955737e-03 2.435258316810778867e-02 3.223163859996858172e-02 1.827584403596457796e-02
5.062386390584660417e-03 8.218319452215600007e-03 -1.737497138645320875e-03 -1.154320870415466958e-02 6.505971548457101065e-03 3.247259949011941510e-02 4.298067816030158583e-02 2.436443188045774727e-02
6.324906206623902814e-03 1.028057282880236872e-02 -2.171682314257223842e-03 -1.443379672116866172e-02 8.127099336043447017e-03 4.059386769311104648e-02 5.373230082890524673e-02 3.045133349111006985e-02
7.586186508626972975e-03 1.234591691009228991e-02 -2.605792444543226886e-03 -1.732631097417569599e-02 9.746075596057897361e-03 4.871639241683663191e-02 6.448650839721406514e-02 3.653654520889512702e-02
8.846222848255851784e-03 1.441436249953505916e-02 -3.039827867783903050e-03 -2.022075748000658896e-02 1.136289751809828850e-02 5.684017836305634008e-02 7.524330261071088266e-02 4.262006339697208684e-02
1.010501075059423368e-02 1.648592049051017180e-02 -3.473788949008124044e-03 -2.311714229209586857e-02 1.297756225316283943e-02 6.496523029650766445e-02 8.600268516721185086e-02 4.870188444178961268e-02
1.136254571461146716e-02 1.856060186766158790e-02 -3.907676082988699798e-03 -2.601547149928389382e-02 1.459006691330808417e-02 7.309155304586940904e-02 9.676465771511694181e-02 5.478200475421157040e-02
1.261882321366988857e-02 2.063841770827024719e-02 -4.341489697417716051e-03 -2.891575122452185245e-02 1.620040857132886217e-02 8.121915150471653577e-02 1.075292218516338827e-01 6.086042077066100564e-02
