0.000000000000000000e+00 0.000000000000000000e+00 0.000000000000000000e+00 0.000000000000000000e+00 0.000000000000000000e+00 0.000000000000000000e+00 0.000000000000000000e+00 0.000000000000000000e+00 0.000000000000000000e+00 0.000000000000000000e+00
4.206813796612161546e-04 5.374285199966986594e-05 3.102039437901906371e-05 -1.344939004051513051e-04 -5.513991761225251441e-04 7.210727555803845114e-04 8.522903862665871973e-04 1.199376635146385617e-03 7.909200302439681066e-04 1.506812232306343818e-03
8.412965479922549297e-04 1.074825947059562049e-04 6.202335402992253726e-05 -2.689924988629568731e-04 -1.102688572075142138e-03 1.441967400411308872e-03 1.704369902793381568e-03 2.398578988723439661e-03 1.581617095456739740e-03 3.013723457399443244e-03
1.261845490449854494e-03 1.612192359320319568e-04 9.300884265007539607e-05 -4.034957516003116903e-04 -1.653868230036882733e-03 2.162683729693110068e-03 2.556238427010619745e-03 3.597606888897304442e-03 2.372091108018705308e-03 4.520733459394638519e-03
1.682328192447290387e-03 2.149527834870999029e-04 1.239768238847602537e-04 -5.380036147526099342e-04 -2.204938192368174812e-03 2.883221538413583730e-03 3.407895836286720624e-03 4.796460163682405090e-03 3.162341980268131795e-03 6.027842021922233395e-03
2.102744639356041341e-03 2.686832451766385695e-04 1.549272613254716136e-04 -6.725160443640229363e-04 -2.755898501614478368e-03 3.603580621350754593e-03 4.259342007936575171e-03 5.995138640951176365e-03 3.952369624506331912e-03 7.535048928138335204e-03
2.523094816505274448e-03 3.224106288018719789e-04 1.858601185117459212e-04 -8.070329963871385485e-04 -3.306749200506599925e-03 4.323760773072535951e-03 5.110576819216602028e-03 7.193642148432765303e-03 4.742173952997840933e-03 9.042353960725269674e-03
2.943378709181633957e-03 3.761349421608931130e-04 2.167753589290836091e-04 -9.415544266826185362e-04 -3.857490331961052708e-03 5.043761787934802378e-03 5.961600147330175029e-03 8.391970513714385599e-03 5.531754877969773977e-03 1.054975690188636982e-02
3.363596302629608386e-03 4.298561930472981981e-04 2.476729460101131778e-04 -1.076080291018861879e-03 -4.408121939080165280e-03 5.763583460083487008e-03 6.812411869422410789e-03 9.590123564239751153e-03 6.321112311610803391e-03 1.205725753334964574e-02
3.783747582050827306e-03 4.835743892512181334e-04 2.785528431336755056e-04 -1.210610545072279831e-03 -4.958644065152465787e-03 6.483225583451706665e-03 7.663011862583722286e-03 1.078810112730947852e-02 7.110246166072644973e-03 1.356485563636406454e-02
4.203832532603889172e-03 5.372895385587918944e-04 3.094150136252348427e-04 -1.345145144426443959e-03 -5.509056753653084407e-03 7.202687951760555068e-03 8.513400003847988728e-03 1.198590303008021871e-02 7.899156353467804564e-03 1.507255099170081575e-02
