0.000000000000000000e+00 0.000000000000000000e+00 0.000000000000000000e+00 0.000000000000000000e+00 0.000000000000000000e+00 0.000000000000000000e+00 0.000000000000000000e+00 0.000000000000000000e+00 0.000000000000000000e+00 0.000000000000000000e+00
1.289949165921265746e-03 5.772715710222798852e-04 1.862007347714633720e-04 -3.381305287403497516e-04 -1.715290934976164373e-03 3.297168371738979503e-03 4.574049803243005266e-03 5.276495461546563959e-03 5.839388448035083036e-03 4.908663686815827910e-03
2.579161426586389430e-03 1.154673773982571551e-03 3.730641019067731587e-04 -6.754232452593359262e-04 -3.431476049118742638e-03 6.591826768769561314e-03 9.145651196865089635e-03 1.055240971750270006e-02 1.168052513257484062e-02 9.821118719947426537e-03
3.867633009008618165e-03 1.732207851657122143e-03 5.605932234303292148e-04 -1.011875522211058221e-03 -5.148558553686158681e-03 9.883961907663522603e-03 1.371479509012214597e-02 1.582774207150370455e-02 1.752341822161600227e-02 1.473738000902867495e-02
5.155360111511975325e-03 2.309875049869365878e-03 7.487912364445514996e-04 -1.347484719736740180e-03 -6.866541669786473123e-03 1.317356041733299711e-02 1.828147233879291733e-02 2.110249183809695395e-02 2.336807593716316855e-02 1.965746253281743655e-02
6.442338906507638630e-03 2.887676619298962851e-03 9.376612917082098944e-04 -1.682248178631576881e-03 -8.585428630474090453e-03 1.646060884227138268e-02 2.284567374567990708e-02 2.637665834199942258e-02 2.921450655358753465e-02 2.458138134492908466e-02
7.728565540273074283e-03 3.465613815484326100e-03 1.127206553485260183e-03 -2.016163219918310628e-03 -1.030522268080620585e-02 1.974509364186292221e-02 2.740739006013902940e-02 3.165024091836230596e-02 3.506271839818004415e-02 2.950915157418155729e-02
9.014036132728296680e-03 4.043687898826343885e-03 1.317430199386290107e-03 -2.349227144406475232e-03 -1.202592707790476993e-02 2.302700118968306620e-02 3.196661197760275464e-02 3.692323891303633115e-02 4.091271985171474057e-02 3.444078842494129045e-02
1.029874677721087130e-02 4.621900134590586906e-03 1.508335420204709324e-03 -2.681437232239901845e-03 -1.374754509102198673e-02 2.630631777279551081e-02 3.652333013909797588e-02 4.219565168284312995e-02 4.676451934901915131e-02 3.937630717746899711e-02
1.158269354024861128e-02 5.200251792911619528e-03 1.699925419743797796e-03 -3.012790742431197249e-03 -1.547008000161091343e-02 2.958302959103748311e-02 4.107753513075869389e-02 4.746747859584821844e-02 5.261812537956038482e-02 4.431572318826041551e-02
1.286587246133031812e-02 5.778744148795665614e-03 1.892203414639053415e-03 -3.343284912381911094e-03 -1.719353510340086363e-02 3.285712275630021245e-02 4.562921748333328975e-02 5.273871903163631497e-02 5.847354648803770871e-02 4.925905189039232052e-02
