0.000000000000000000e+00 0.000000000000000000e+00 0.000000000000000000e+00 0.000000000000000000e+00 0.000000000000000000e+00 0.000000000000000000e+00 0.000000000000000000e+00 0.000000000000000000e+00
5.500053677103632467e-04 1.011320337819821555e-04 -1.008962481389560288e-04 -5.509665909266185744e-04 1.831087932203236384e-03 1.129614686955444924e-03 1.130625137325871063e-03 1.834885842617698997e-03
1.099613003823475977e-03 2.022474407482563496e-04 -2.017750942801887029e-04 -1.101538464115711788e-03 3.662718681107735019e-03 2.259144352321438773e-03 2.261169636566512115e-03 3.670334822713601161e-03
1.648822655299264162e-03 3.033462568622733325e-04 -3.026365726988776406e-04 -1.651715371779031386e-03 5.494892338425259523e-03 3.388588989750859499e-03 3.391633507236392880e-03 5.506347120751171192e-03
2.197634068934431473e-03 4.044285181733202491e-04 -4.034807177528009392e-04 -2.201497065964797169e-03 7.327608995629607616e-03 4.517948592889176052e-03 4.522016758908245504e-03 7.342922917354340051e-03
2.746046991364898843e-03 5.054942608167577265e-04 -5.043075638819661394e-04 -2.750883298560565567e-03 9.160868743968961919e-03 5.647223155382160090e-03 5.652319401219572589e-03 9.180062393323931702e-03
3.294061169064926159e-03 6.065435210144885748e-04 -6.051171456096723911e-04 -3.299873821291806741e-03 1.099467167446350861e-02 6.776412670875262348e-03 6.782541443872820014e-03 1.101776572963624259e-02
3.841676348346687465e-03 7.075763350751979649e-04 -7.059094975423867461e-04 -3.848468385722317656e-03 1.282901787790661705e-02 7.905517133013210615e-03 7.912682896635051671e-03 1.285603310744534537e-02
4.388892275360055210e-03 8.085927393945479885e-04 -8.066846543700777672e-04 -4.396666743253098419e-03 1.466390744486142234e-02 9.034536535439507965e-03 9.042743769339228396e-03 1.469486470808457901e-02
4.935708696092092410e-03 9.095927704555077436e-04 -9.074426508662592752e-04 -4.944468645122308478e-03 1.649934046566152446e-02 1.016347087179778411e-02 1.017272407188355918e-02 1.653426071306713166e-02
5.482125356366934245e-03 1.010576464828351817e-03 -1.008183521888716657e-03 -5.491873842404695026e-03 1.833531703040961608e-02 1.129232013573026015e-02 1.130262381423189667e-02 1.837422130408725499e-02
