0.000000000000000000e+00 0.000000000000000000e+00 0.000000000000000000e+00 0.000000000000000000e+00 0.000000000000000000e+00 0.000000000000000000e+00
2.763091929252232959e-03 -4.263638351897284899e-05 -2.720455545733243413e-03 7.033251354700054830e-03 1.031309234255057584e-02 6.996750348719439974e-03
5.528179646457339301e-03 -8.536615057317125006e-05 -5.442813495884032092e-03 1.406685194118840153e-02 2.062536479558745375e-02 1.399397135516358345e-02
8.295268272150761735e-03 -1.281901705398706681e-04 -8.167078101610708921e-03 2.110080519561318910e-02 3.093681006218047466e-02 2.099166688011554552e-02
1.106436294669155274e-02 -1.711093451909071264e-04 -1.089325360150041229e-02 2.813511455543831960e-02 4.124742084466424125e-02 2.798984078377605295e-02
1.383546882904104249e-02 -2.141246098825815014e-04 -1.362134421915807414e-02 3.516978345713917681e-02 5.155718984898938206e-02 3.498849692371964332e-02
1.660859109549230397e-02 -2.572369347885244614e-04 -1.635135416070328945e-02 4.220481533376568839e-02 6.186610978933794469e-02 4.198763915271452180e-02
1.938373493834951583e-02 -3.004473261736932167e-04 -1.908328761217534947e-02 4.924021361236022992e-02 7.217417339301455959e-02 4.898727131641297805e-02
2.216090556455437705e-02 -3.437568277131304237e-04 -2.181714873684065942e-02 5.627598171122225740e-02 8.248137340563883868e-02 5.598739725089635355e-02
2.494010819425766107e-02 -3.871665218536076217e-04 -2.455294167240344369e-02 6.331212303701526378e-02 9.278770259664659292e-02 6.298802078006555949e-02
2.772134805933650428e-02 -4.306775312203289796e-04 -2.729067052811538080e-02 7.034864098170127977e-02 1.030931537651268992e-01 6.998914571286854458e-02
