0.000000000000000000e+00 0.000000000000000000e+00 0.000000000000000000e+00 0.000000000000000000e+00 0.000000000000000000e+00 0.000000000000000000e+00
5.285739271787109330e-04 1.360249592159051381e-05 -6.117540787141526526e-04 1.735619266943542018e-03 1.113151127847345065e-03 2.067095125343583299e-03
1.056656770941140355e-03 2.722190286128202332e-05 -1.223126231690473825e-03 3.471217957456972612e-03 2.226210103233435423e-03 4.135367382514005749e-03
1.584248140717861965e-03 4.085825837486031927e-05 -1.834116216780773021e-03 5.206793844563767371e-03 3.339176912083852578e-03 6.204819252547076440e-03
2.111347645238109000e-03 5.451160019382841448e-05 -2.444723791542831922e-03 6.942344689737985942e-03 4.452051540221825011e-03 8.275453228202930833e-03
2.637954892512744780e-03 6.818196623099628535e-05 -3.054948713260946871e-03 8.677868242776278287e-03 5.564833973376850408e-03 1.034727181412111417e-02
3.164069489828695656e-03 8.186939458090085624e-05 -3.664790738944375108e-03 1.041336224172944615e-02 6.677524197182310196e-03 1.242027752689826500e-02
3.689691043745285757e-03 9.557392352143345465e-05 -4.274249625324779735e-03 1.214882441282854643e-02 7.790122197175104388e-03 1.449447289516525919e-02
4.214819160087876840e-03 1.092955915150399689e-04 -4.883325128854573705e-03 1.388425247041128949e-02 8.902627958795096899e-03 1.656986045966407292e-02
4.739453443943730977e-03 1.230344372095515230e-04 -5.492017005704209753e-03 1.561964411684854843e-02 1.001504146738387696e-02 1.864644277332770661e-02
5.263593499656922178e-03 1.367904994400599434e-04 -6.100325011760481669e-03 1.735499704247082248e-02 1.112736270818373736e-02 2.072422240135720489e-02
