0.000000000000000000e+00 0.000000000000000000e+00 0.000000000000000000e+00 0.000000000000000000e+00
8.235663407881069036e-04 -6.495250010966691957e-05 3.124677681110190567e-03 7.038771465643070199e-05
1.646245312255373858e-03 -1.298887265132053228e-04 6.250848392448787698e-03 1.407544166021808816e-04
2.468035178692152155e-03 -1.948086812055785811e-04 9.378514891767140288e-03 2.111001071926778380e-04
3.288934196863235650e-03 -2.597123661816130229e-04 1.250767994798207203e-02 2.814247877844552447e-04
4.108940615917206288e-03 -3.245997834360174082e-04 1.563834634151596570e-02 3.517284597336214425e-04
4.928052677332419793e-03 -3.894709349633881197e-04 1.877051686437354941e-02 4.220111243976866185e-04
5.746268614861748877e-03 -4.543258227585528545e-04 2.190419432022737423e-02 4.922727831334893509e-04
6.563586654476457130e-03 -5.191644488156334399e-04 2.503938152449786819e-02 5.625134372991203629e-04
7.380005014310302321e-03 -5.839868151291621821e-04 2.817608130443771675e-02 6.327330882520133511e-04
8.195521904602704258e-03 -6.487929236934053242e-04 3.131429649921538272e-02 7.029317373509763470e-04
