0.000000000000000000e+00 0.000000000000000000e+00 0.000000000000000000e+00 0.000000000000000000e+00
2.062461012434231925e-02 -2.062461012436573454e-02 1.188480285211569384e-02 1.336635094642871224e-02
3.639897908025447465e-02 -3.639897908148784916e-02 2.378387482017111157e-02 2.671843277663727562e-02
4.017958785376243153e-02 -4.017958786254052089e-02 3.570339064532640494e-02 4.005007073164076892e-02
2.900261995881447605e-02 -2.900261995431038103e-02 4.763922950419138824e-02 5.336538568640755015e-02
9.108740388043648148e-03 -9.108740388042005365e-03 5.957368763428551317e-02 6.668208135647127333e-02
-1.397004299434238470e-02 1.397004299430520957e-02 7.149636455964580861e-02 8.001055822924815764e-02
-3.769833089727887138e-02 3.769833089748195198e-02 8.342261361644484619e-02 9.333546297056069529e-02
-6.100378361043906628e-02 6.100378361034233810e-02 9.536417886041105574e-02 1.066450515248550945e-01
-8.351933033786904104e-02 8.351933033787187211e-02 1.073206320855929763e-01 1.199397520977703302e-01
-1.051735304568649221e-01 1.051735304568691964e-01 1.192879270110151768e-01 1.332236109704963423e-01
