0.000000000000000000e+00 0.000000000000000000e+00 0.000000000000000000e+00 0.000000000000000000e+00 0.000000000000000000e+00 0.000000000000000000e+00 0.000000000000000000e+00 0.000000000000000000e+00 0.000000000000000000e+00 0.000000000000000000e+00
1.034215670028772703e-03 1.076968464295351494e-03 6.317503492737041844e-04 -2.904246503305420862e-04 -2.452509813653398849e-03 1.893857750309979604e-03 3.673086702902055023e-03 5.956919856766954013e-03 7.831431472364482407e-03 7.218899996232305827e-03
2.066143575214246346e-03 2.154680101861481019e-03 1.265284316862452709e-03 -5.788752935676511622e-04 -4.907232680383159622e-03 3.780145691056994127e-03 7.340171869666466814e-03 1.191292091512650454e-02 1.566752589800993883e-02 1.444762716939021821e-02
3.095774155701894008e-03 3.233134769114198465e-03 1.900608516592118720e-03 -8.653430161529637038e-04 -7.364174404876870118e-03 5.658835784210256709e-03 1.100123678432111084e-02 1.786799984334126734e-02 2.350829765513501313e-02 2.168621724088483360e-02
4.123097793811494015e-03 4.312332302735963352e-03 2.537729582013200941e-03 -1.149818872518762036e-03 -9.823340785253173099e-03 7.529899841370887512e-03 1.465626262631702752e-02 2.382215331759728744e-02 3.135376123802269266e-02 2.893470604919403527e-02
5.148104817150746942e-03 5.392272521059563589e-03 3.176654164239032206e-03 -1.432293862016381951e-03 -1.228473761921411792e-02 9.393309528003455922e-03 1.830523047367772424e-02 2.977537802151841370e-02 3.920393124559738707e-02 3.619312956827981653e-02
6.170785498118222696e-03 6.472955223834037097e-03 3.817388931160358573e-03 -1.712758927673954570e-03 -1.474837070376825050e-02 1.124903636212223022e-02 2.194812130197133782e-02 3.572767064658734226e-02 4.705882238384449801e-02 4.346152390708965529e-02
7.191130053398199495e-03 7.554380191988086315e-03 4.459940566626785334e-03 -1.991204954886202985e-03 -1.721424583498279426e-02 1.309705171296269427e-02 2.558491598326347385e-02 4.167902789256511253e-02 5.491844946830810870e-02 5.073992530901653281e-02
8.209128643450426185e-03 8.636547187392337385e-03 5.104315769600072800e-03 -2.267622770035831927e-03 -1.968236880776548167e-02 1.493732679963282947e-02 2.921559528505623601e-02 4.762944646790685799e-02 6.278282742666776994e-02 5.802837015131404041e-02
9.224771371991435584e-03 9.719455952617934297e-03 5.750521253274307534e-03 -2.542003139039269392e-03 -2.215274541568045333e-02 1.676983268974651525e-02 3.284013986920742562e-02 5.357892309018155719e-02 7.065197130139909409e-02 6.532689494446432266e-02
1.023804828546832218e-02 1.080310621069414598e-02 6.398563744165502130e-03 -2.814336765815919107e-03 -2.462538145079898322e-02 1.859454029803753877e-02 3.645853029083481051e-02 5.952745448649009175e-02 7.852589625252102967e-02 7.263553633149401334e-02
