0.000000000000000000e+00 0.000000000000000000e+00 0.000000000000000000e+00 0.000000000000000000e+00
5.173426477992196237e-03 -5.173426477992120777e-03 1.158365731745721224e-02 1.382165679097423043e-02
1.035537785162649223e-02 -1.035537785162644539e-02 2.316358964302788620e-02 2.764703857383525240e-02
1.554588184105518134e-02 -1.554588184105511715e-02 3.473978347695205748e-02 4.147615884834203459e-02
2.074496634653096722e-02 -2.074496634653091517e-02 4.631222517239316772e-02 5.530903126133255437e-02
2.595265945553770423e-02 -2.595265945553766607e-02 5.788090093484477699e-02 6.914566960731256817e-02
3.116898945221654310e-02 -3.116898945221650841e-02 6.944579682150833766e-02 8.298608782908059589e-02
3.639398482939182333e-02 -3.639398482939174700e-02 8.100689874063744800e-02 9.683030001838272005e-02
4.162767430353241094e-02 -4.162767430353230685e-02 9.256419245086927594e-02 1.106783204165823070e-01
4.687008683301255307e-02 -4.687008683301245593e-02 1.041176635605540607e-01 1.245301634153291870e-01
5.212125164007103129e-02 -5.212125164007085781e-02 1.156672975271024195e-01 1.383858435572122847e-01
