0.000000000000000000e+00 0.000000000000000000e+00 0.000000000000000000e+00 0.000000000000000000e+00 0.000000000000000000e+00 0.000000000000000000e+00
3.293858297550248532e-03 -4.414451728572599178e-04 -2.852413124692892120e-03 3.485130287747227433e-03 1.543996300042631102e-02 3.794357827876513375e-03
6.589099099322715154e-03 -8.840564495489287161e-04 -5.705042649773613833e-03 6.967371997430759495e-03 3.088642026313849140e-02 7.585109971531448642e-03
9.885721228409659334e-03 -1.327827744697256075e-03 -8.557893483712279009e-03 1.044673521163904523e-02 4.633935854794202225e-02 1.137225958856948396e-02
1.318372304948155736e-02 -1.772752228289919355e-03 -1.141097082119131752e-02 1.392323004845542195e-02 6.179876441727570613e-02 1.515580999846986160e-02
1.648310243507956907e-02 -2.218822283611133778e-03 -1.426428015146805235e-02 1.739686665128922088e-02 7.726462424170582599e-02 1.893576468725588144e-02
1.978385673059785896e-02 -2.666029464105234593e-03 -1.711782726649212216e-02 2.086765517776278597e-02 9.273692420639141620e-02 2.271212731214745928e-02
2.308598271805082161e-02 -3.114364449369710387e-03 -1.997161826868059514e-02 2.433560578761240906e-02 1.082156503185593699e-01 2.648490170617958522e-02
2.638947657874787800e-02 -3.563817000507334999e-03 -2.282565957823997141e-02 2.780072862957000054e-02 1.237007884160540860e-01 3.025409188277790665e-02
2.969433385502883924e-02 -4.014375915118387900e-03 -2.567995793990976786e-02 3.126303382719403806e-02 1.391923241769958131e-01 3.401970204026216749e-02
3.300054941124528490e-02 -4.466028982251469756e-03 -2.853452042899307442e-02 3.472253146363097481e-02 1.546902431306020065e-01 3.778173656626952065e-02
