0.000000000000000000e+00 0.000000000000000000e+00 0.000000000000000000e+00 0.000000000000000000e+00 0.000000000000000000e+00 0.000000000000000000e+00 0.000000000000000000e+00 0.000000000000000000e+00 0.000000000000000000e+00 0.000000000000000000e+00
4.113666329246383501e-04 8.380893267350866371e-05 -9.596965873822846382e-05 1.631313250885011834e-04 -8.738521885546660702e-04 9.791516286686572160e-04 1.113354385042766110e-03 5.566883512151342937e-04 1.413816362955409031e-03 3.018063000852175617e-03
8.225739707775302483e-04 1.675439628206433138e-04 -1.920958655920788720e-04 3.263820518137952316e-04 -1.746901217880237212e-03 1.958126560751819682e-03 2.226873312229076668e-03 1.113100886521262330e-03 2.827400907060549379e-03 6.037855223305218892e-03
1.233622023812603772e-03 2.512050767453962840e-04 -2.883786619734890954e-04 4.897521432883340884e-04 -2.619145802586226018e-03 2.936924328720280208e-03 3.340556953511654350e-03 1.669237643642721650e-03 4.240753306270546134e-03 9.059377593405764165e-03
1.644510802391826228e-03 3.347922607923717363e-04 -3.848180891704458626e-04 6.532415625472016811e-04 -3.490584655588627357e-03 3.915544464589523072e-03 4.454405481047802109e-03 2.225098660475202314e-03 5.653873234326275629e-03 1.208263103544626911e-02
2.055240316986920064e-03 4.183055013467629332e-04 -4.814141883454610762e-04 8.168502725508700437e-04 -4.361216488108687374e-03 4.893986499919350183e-03 5.568419067203404099e-03 2.780683975092219581e-03 7.066760364783646053e-03 1.510761647203283375e-02
2.465810578179047311e-03 5.017447848345681430e-04 -5.781670005358741701e-04 9.805782361859279820e-04 -5.231040009670049652e-03 5.872249965815633591e-03 6.682597884551167745e-03 3.335993625744572248e-03 8.479414371012829188e-03 1.813433482407496647e-02
2.876221596658830402e-03 5.851100977224242420e-04 -6.750765666532931213e-04 1.144425416265570320e-03 -6.100053928094986526e-03 6.850334392929294594e-03 7.796942105872433498e-03 3.891027650859934118e-03 9.891834926201568956e-03 2.116278701077538640e-02
3.286473383226524124e-03 6.684014265175419875e-04 -7.721429274837055814e-04 1.308391775530531832e-03 -6.968256949502136567e-03 7.828239311455594679e-03 8.911451904158250795e-03 4.445786089043034413e-03 1.130402170335439126e-02 2.419297394962051026e-02
3.696565948791990901e-03 7.516187577681588891e-04 -8.693661236872828523e-04 1.472477276649450124e-03 -7.835647778302331709e-03 8.805964251134482459e-03 1.002612745260846906e-02 5.000268979074449539e-03 1.271597437529522860e-02 2.722489655636774197e-02
4.106499304374445353e-03 8.347620780627889410e-04 -9.667461957980991866e-04 1.636681882219741127e-03 -8.702225117195819953e-03 9.783508741249429680e-03 1.114096892463314024e-02 5.554476359910872837e-03 1.412769261466773410e-02 3.025855574503740625e-02
