0.000000000000000000e+00 0.000000000000000000e+00 0.000000000000000000e+00 0.000000000000000000e+00 0.000000000000000000e+00 0.000000000000000000e+00 0.000000000000000000e+00 0.000000000000000000e+00
3.618397477384441632e-04 1.326556735839336352e-04 -9.596483120904093268e-05 -5.410233164077550994e-04 1.092662942304229974e-03 8.946569829557012845e-04 1.042422134166773708e-03 1.879996641251682494e-03
7.234395739938460348e-04 2.652736415271739461e-04 -1.919423437416413925e-04 -1.081686953268352165e-03 2.185184556970855459e-03 1.789243647490781517e-03 2.084779026174652002e-03 3.760885998663558369e-03
1.084799430983484367e-03 3.978538318463542642e-04 -2.879325709690344973e-04 -1.621990506369165152e-03 3.277564250548380392e-03 2.683759933282121694e-03 3.127070606942809836e-03 5.642669008764189358e-03
1.445919270894039125e-03 5.303961723249112125e-04 -3.839355462612211150e-04 -2.161933570786453689e-03 4.369801428273599291e-03 3.578205779732735511e-03 4.169296807214787487e-03 7.525346610180239267e-03
1.806799045881187079e-03 6.629005905109547087e-04 -4.799513029867277206e-04 -2.701515740884529761e-03 5.461895494065416648e-03 4.472581125974340113e-03 5.211457557558885414e-03 9.408919743664451163e-03
2.167438708069282290e-03 7.953670137159126862e-04 -5.759798745116482188e-04 -3.240736610314092370e-03 6.553845850522304478e-03 5.366885910863982388e-03 6.253552788369479837e-03 1.129338935210415923e-02
2.527838209550400603e-03 9.277953690135484809e-04 -6.720212942003403814e-04 -3.779595772009425314e-03 7.645651898914659558e-03 6.261120072983425086e-03 7.295582429863733259e-03 1.317875638053065540e-02
2.887997502384150560e-03 1.060185583238911541e-03 -7.680755954140476094e-04 -4.318092818186993788e-03 8.737313039183024904e-03 7.155283550637599882e-03 8.337546412082980085e-03 1.506502177612711012e-02
3.247916538596681574e-03 1.192537582986565514e-03 -8.641428115113425346e-04 -4.856227340342297166e-03 9.828828669929873252e-03 8.049376281853369217e-03 9.379444664890938116e-03 1.695218648823743415e-02
3.607595270180259574e-03 1.324851294610446002e-03 -9.602229758477569266e-04 -5.393998929248199764e-03 1.092019818841812560e-02 8.943398204378930419e-03 1.042127711797291231e-02 1.884025146837560449e-02
