0.000000000000000000e+00 0.000000000000000000e+00 0.000000000000000000e+00 0.000000000000000000e+00 0.000000000000000000e+00 0.000000000000000000e+00
5.935479229950790629e-04 -1.887742494306444930e-05 -4.850205872810324677e-04 2.008117600520834250e-03 1.110708476725210270e-03 1.579043868806977126e-03
1.187195248959765177e-03 -3.793058905552542433e-05 -9.691263377556883852e-04 4.019273946288497504e-03 2.221329018684313830e-03 3.156146011172875424e-03
1.780947962231537677e-03 -5.716176120535424636e-05 -1.452310270016008960e-03 6.033503422373655972e-03 3.331861563206680275e-03 4.731272611787819098e-03
2.374812152259958998e-03 -7.657324974554076294e-05 -1.934565282993806843e-03 8.050841018793211332e-03 4.442306045617573987e-03 6.304389261071104492e-03
2.968794016170200889e-03 -9.616740345566875169e-05 -2.415884153118639383e-03 1.007132234493453293e-02 5.552662399211673143e-03 7.875460941349244140e-03
3.562899861071750374e-03 -1.159466124325617538e-04 -2.896259531557510234e-03 1.209498364327730308e-02 6.662930555185781097e-03 9.444452013492249734e-03
4.157136106423936148e-03 -1.359133090051182981e-04 -3.375683941376654562e-03 1.412186180349218022e-02 7.773110442574979878e-03 1.101132620319521943e-02
4.751509286463418205e-03 -1.560699686732494953e-04 -3.854149774627339559e-03 1.615199437691146669e-02 8.883201988181337397e-03 1.257604658690136996e-02
5.346026052695101137e-03 -1.764191110720123793e-04 -4.331649289352143724e-03 1.818541959138957748e-02 9.993205116502864443e-03 1.413857557734124991e-02
5.940693176447694492e-03 -1.969633009620964492e-04 -4.808174606506327060e-03 2.022217636656813491e-02 1.110311974966154275e-02 1.569887490869137717e-02
