0.000000000000000000e+00 0.000000000000000000e+00 0.000000000000000000e+00 0.000000000000000000e+00
5.061895977716516538e-03 -5.061895977716534753e-03 1.232179341145347475e-02 1.234565981126659918e-02
1.013237605817226411e-02 -1.013237605817225370e-02 2.464347293271920702e-02 2.469143351272207534e-02
1.521146599725562744e-02 -1.521146599725555285e-02 3.696503831406218465e-02 3.703732135409906062e-02
2.029919149152876329e-02 -2.029919149152874594e-02 4.928648930419771840e-02 4.938332358668416633e-02
2.539557815453368991e-02 -2.539557815453363093e-02 6.160782564658587313e-02 6.172944046701688003e-02
3.050065149133704759e-02 -3.050065149133694004e-02 7.392904707527424291e-02 7.407567226104949665e-02
3.561443687121037399e-02 -3.561443687121035317e-02 8.625015331024665777e-02 8.642201924879742980e-02
4.073695949833731206e-02 -4.073695949833722185e-02 9.857114405224419451e-02 9.876848172952028271e-02
4.586824438043374252e-02 -4.586824438043370089e-02 1.108920189770127157e-01 1.111150600274725536e-01
5.100831629516450888e-02 -5.100831629516447419e-02 1.232127777289347276e-01 1.234617544982707926e-01
