0.000000000000000000e+00 0.000000000000000000e+00 0.000000000000000000e+00 0.000000000000000000e+00
5.957423965427491742e-04 -5.695621459752234651e-04 1.924787044811103465e-03 1.822982451288277265e-03
1.191061838109474602e-03 -1.138726260567911059e-03 3.850167031882695094e-03 3.646419516089069619e-03
1.785958021578271972e-03 -1.707492123167142408e-03 5.776139928952464878e-03 5.470310999504548501e-03
2.380430643683702479e-03 -2.275859513179204728e-03 7.702705702931380433e-03 7.294656705653533059e-03
2.974479401019714756e-03 -2.843828210029683817e-03 9.629864319922645799e-03 9.119456437687410363e-03
3.568103990039974902e-03 -3.411397993163856751e-03 1.155761574521648426e-02 1.094470999778735833e-02
4.161304107057282528e-03 -3.978568642047096079e-03 1.348595994329080533e-02 1.277041718716110871e-02
4.754079448244484529e-03 -4.545339936164729741e-03 1.541489687780696859e-02 1.459657780604191671e-02
5.346429709633420367e-03 -5.111711655023331267e-03 1.734442651160667329e-02 1.642319165368449907e-02
5.938354587115992830e-03 -5.677683578149989897e-03 1.927454880671154031e-02 1.825025852836296980e-02
