0.000000000000000000e+00 0.000000000000000000e+00 0.000000000000000000e+00 0.000000000000000000e+00
5.097906888217893472e-03 -5.097906888217896074e-03 1.243521698716386001e-02 1.312046223026513622e-02
1.020442103324041040e-02 -1.020442103324040693e-02 2.486904619670036315e-02 2.624231223815732400e-02
1.531957202837153607e-02 -1.531957202837136607e-02 3.730148012246920636e-02 3.936555752981750478e-02
2.044338967232320337e-02 -2.044338967232319296e-02 4.973251115581208553e-02 5.249020571390362877e-02
2.557590397530891055e-02 -2.557590397530867463e-02 6.216213158646048675e-02 6.561626450068376581e-02
3.071714516706635159e-02 -3.071714516706604975e-02 7.459033360350772468e-02 7.874374170106564208e-02
3.586714370706461930e-02 -3.586714370706425847e-02 8.701710929644343451e-02 9.187264522555904644e-02
4.102593029716529449e-02 -4.102593029716489204e-02 9.944245065625595403e-02 1.050029830831753080e-01
4.619353589704359303e-02 -4.619353589704319751e-02 1.118663495766020061e-01 1.181347633802583008e-01
5.136999174269767793e-02 -5.136999174269720608e-02 1.242887978550507866e-01 1.312679943192383569e-01
