0.000000000000000000e+00 0.000000000000000000e+00 0.000000000000000000e+00 0.000000000000000000e+00 0.000000000000000000e+00 0.000000000000000000e+00
3.978731660220122604e-03 -2.260017406120075952e-03 -1.718714254100185647e-03 1.278545052549758844e-02 1.064983905627494946e-02 1.926987778539648128e-03
7.965254633916903082e-03 -4.532750359306448630e-03 -3.432504274610615781e-03 2.559433712453423881e-02 2.129646199940641096e-02 3.833755596683303350e-03
1.195961332374269152e-02 -6.818280244016907722e-03 -5.141333079725839313e-03 3.842677206348085045e-02 3.193985152057572663e-02 5.720208496879518496e-03
1.596185247503950286e-02 -9.116689152291346937e-03 -6.845163322748305107e-03 5.128286814279767181e-02 4.257999076630283181e-02 7.586250532147609076e-03
1.997201717968912979e-02 -1.142805989130069033e-02 -8.543957288388541807e-03 6.416273869975171185e-02 5.321686335579120519e-02 9.431784746017038423e-03
2.399015288081633723e-02 -1.375247599144327482e-02 -1.023767688937315089e-02 7.706649761152181699e-02 6.385045339814712784e-02 1.125671315220290632e-02
2.801630537844242846e-02 -1.609002171505662104e-02 -1.192628366338604681e-02 8.999425929868407059e-02 7.448074550948574624e-02 1.306093671401418674e-02
3.205052083619008146e-02 -1.844078206582003276e-02 -1.360973877037016146e-02 1.029461387290672297e-01 8.510772482994641286e-02 1.484435532348239196e-02
3.609284578915444158e-02 -2.080484279893621974e-02 -1.528800299021837797e-02 1.159222514219599709e-01 9.573137704063867937e-02 1.660686778020930426e-02
4.014332715306009880e-02 -2.318229043218111157e-02 -1.696103672087909478e-02 1.289227134526546581e-01 1.063516883805569191e-01 1.834837176990832680e-02
