0.000000000000000000e+00 0.000000000000000000e+00 0.000000000000000000e+00 0.000000000000000000e+00 0.000000000000000000e+00 0.000000000000000000e+00 0.000000000000000000e+00 0.000000000000000000e+00
9.894023525070941641e-04 1.265652378174392766e-03 -1.162928783653238577e-03 -1.092125947028267652e-03 1.421101897555125410e-03 7.729019799934444372e-03 7.012923103666956863e-03 4.888003612876766837e-03
1.975551720976380030e-03 2.535310828621308542e-03 -2.328370160141417233e-03 -2.182492389456096131e-03 2.840156481862773571e-03 1.546039100615755404e-02 1.402892696272293495e-02 9.772622377323403331e-03
2.958400642068494645e-03 3.808993037366918254e-03 -3.496327308338445083e-03 -3.271066371096841615e-03 4.257146673385988310e-03 2.319413102653306719e-02 2.104804123111368719e-02 1.465382631106703845e-02
3.937900871698117589e-03 5.086716713630370749e-03 -4.666803263211559936e-03 -4.357814322116746256e-03 5.672055116862880983e-03 3.093025755488063022e-02 2.807029590625715817e-02 1.953158507813294517e-02
4.914003367004688046e-03 6.368499587292183323e-03 -5.839800909627279775e-03 -5.442702044669261996e-03 7.084864174660493279e-03 3.866878857815502640e-02 3.509572133469092414e-02 2.440586798266044383e-02
5.886658267752357086e-03 7.654359406366209248e-03 -7.015322976039906934e-03 -6.525694698078433886e-03 8.495555919917189419e-03 4.640974238377810340e-02 4.212434821792421930e-02 2.927664396258035720e-02
6.855814877136255994e-03 8.944313934491479601e-03 -8.193372028073729954e-03 -7.606756783553680380e-03 9.904112129455721822e-03 5.415313756712452492e-02 4.915620761851459408e-02 3.414388158313844124e-02
7.821421641971340946e-03 1.023838094846158536e-02 -9.373950462016139573e-03 -8.685852128416361728e-03 1.131051427646266767e-02 6.189899303915179229e-02 5.619133096638040392e-02 3.900754903027205817e-02
8.783426132238942446e-03 1.153657823581535555e-02 -1.055706049823630817e-02 -9.762943869817616860e-03 1.271474352292295898e-02 6.964732803418217932e-02 6.322975006536506182e-02 4.386761410383035326e-02
9.741775019965984855e-03 1.283892359251036230e-02 -1.174270417455056115e-02 -1.083799443792522917e-02 1.411678071180129217e-02 7.739816211782625521e-02 7.027149710007465910e-02 4.872404421063129820e-02
