0.000000000000000000e+00 0.000000000000000000e+00 0.000000000000000000e+00 0.000000000000000000e+00
5.720326156960721300e-04 -4.906485544335803138e-04 1.928112940399832496e-03 1.606216376818137828e-03
1.144055282666160168e-03 -9.805211128267900516e-04 3.858629428092337759e-03 3.211089918837491640e-03
1.716072440389949244e-03 -1.469612467304370895e-03 5.791575011160497201e-03 4.814595478789569262e-03
2.288088606269463206e-03 -1.957917323767910476e-03 7.726975678803580695e-03 6.416707474175269155e-03
2.860108377514803367e-03 -2.445430299858501483e-03 9.664857871739037515e-03 8.017399877205249117e-03
3.432136432836615635e-03 -2.932145923012275269e-03 1.160524849202660379e-02 9.616646205179791088e-03
4.004177534180326965e-03 -3.418058628464955284e-03 1.354817491315129727e-02 1.121441951061354254e-02
4.576236528505114691e-03 -3.903162757201452098e-03 1.549366499037182522e-02 1.281069237110524749e-02
5.148318349609354305e-03 -4.387452553852402327e-03 1.744174707133897689e-02 1.440543687894050261e-02
5.720428020002020497e-03 -4.870922164532560071e-03 1.939245000700140151e-02 1.599862463042009755e-02
