0.000000000000000000e+00 0.000000000000000000e+00 0.000000000000000000e+00 0.000000000000000000e+00 0.000000000000000000e+00 0.000000000000000000e+00
5.873295939744095206e-04 4.083661538356087987e-06 -6.130086980485326695e-04 1.957950691052000314e-03 1.177060148904666547e-03 2.060323398919674392e-03
1.174143393592712564e-03 8.175104017425515837e-06 -1.225553330648608205e-03 3.916293503792332015e-03 2.354009614894724770e-03 4.121492658144089612e-03
1.760441003644943464e-03 1.227435305244358619e-05 -1.837633642321048972e-03 5.875027377605731953e-03 3.530848377128908023e-03 6.183508908607254426e-03
2.346222028362166152e-03 1.638143440907635257e-05 -2.449249377727640096e-03 7.834151244704332454e-03 4.707576414711173163e-03 8.246373287380516504e-03
2.931486071407986803e-03 2.049637400533019674e-05 -3.060400281682357573e-03 9.793664030060364456e-03 5.884193706699555014e-03 1.031008693776195098e-02
3.516232735873960069e-03 2.461919791303169604e-05 -3.671086099153292835e-03 1.175356465135168546e-02 7.060700232107881141e-03 1.237465100932796068e-02
4.100461624276363799e-03 2.874993235966180884e-05 -4.281306575265403369e-03 1.371385201890639241e-02 8.237095969903636405e-03 1.444006665798448948e-02
4.684172338551955035e-03 3.288860372864625952e-05 -4.891061455301114018e-03 1.567452503564809724e-02 9.413380899006991084e-03 1.650633504601795032e-02
5.267364480053394679e-03 3.703523856129214032e-05 -5.500350484703668032e-03 1.763558259704106276e-02 1.058955499829305688e-02 1.857345734214633018e-02
5.850037649546393007e-03 4.118986355792386727e-05 -6.109173409078339639e-03 1.959702359103188130e-02 1.176561824658852243e-02 2.064143472157377313e-02
