0.000000000000000000e+00 0.000000000000000000e+00 0.000000000000000000e+00 0.000000000000000000e+00
4.471088190790552426e-03 -4.471088190790490843e-03 6.593359606709243634e-03 1.520203110630721430e-02
8.948563865431177766e-03 -8.948563865431047662e-03 1.313402147489209880e-02 3.045675995114107901e-02
1.343243468353492662e-02 -1.343243468353468723e-02 1.962117232544084017e-02 4.576499981360887537e-02
1.792270715453987348e-02 -1.792270715453960286e-02 2.605398171650316619e-02 6.112758113556315820e-02
2.241938649880681478e-02 -2.241938649880653028e-02 3.243160158130380805e-02 7.654535198377838967e-02
2.692247649639815249e-02 -2.692247649639779861e-02 3.875316575162335991e-02 9.201917852647539808e-02
3.143197932271760142e-02 -3.143197932271710182e-02 4.501778946653405694e-02 1.075499455245813862e-01
3.594789537017702152e-02 -3.594789537017636927e-02 5.122456886600839504e-02 1.231385568381235252e-01
4.047022305504744538e-02 -4.047022305504677925e-02 5.737258046901826114e-02 1.387859359481302124e-01
4.499895860866170300e-02 -4.499895860866103686e-02 6.346088063574285842e-02 1.544930264944222309e-01
