0.000000000000000000e+00 0.000000000000000000e+00 0.000000000000000000e+00 0.000000000000000000e+00 0.000000000000000000e+00 0.000000000000000000e+00 0.000000000000000000e+00 0.000000000000000000e+00
2.550264503052006196e-04 3.392854701250904294e-04 -3.594144973185386976e-05 -7.309038256749158949e-04 5.979137003517571037e-04 1.332167303834393178e-03 1.926938356878191714e-03 1.861818400777418741e-03
5.098961554967594827e-04 6.785542474522578442e-04 -7.172245568276528643e-05 -1.461359660258345142e-03 1.195630944180950915e-03 2.664422887605925449e-03 3.854005288803741963e-03 3.723667205620408236e-03
7.646091465791409391e-04 1.017806360093555457e-03 -1.073427893954995594e-04 -2.191367471667670687e-03 1.793151612009232778e-03 3.996766904212994964e-03 5.781200910884497397e-03 5.585545400227180310e-03
1.019165454555820980e-03 1.357041836279663160e-03 -1.428022220394589009e-04 -2.920927228378647836e-03 2.390475584324897908e-03 5.329199506796628710e-03 7.708525338388117799e-03 7.447451968307979703e-03
1.273565110431839394e-03 1.696260704362868160e-03 -1.781005244038645901e-04 -3.650038899436078982e-03 2.987602741586466507e-03 6.661720848750791318e-03 9.635978686771412213e-03 9.309385891618197559e-03
1.527808145212766365e-03 2.035462992816937638e-03 -2.132374668973293025e-04 -4.378702454454022099e-03 3.584532964221019084e-03 7.994331083722406098e-03 1.156356107168016352e-02 1.117134614995253170e-02
1.781894589905190463e-03 2.374648730236983765e-03 -2.482128195460423458e-04 -5.106917863616185389e-03 4.181266132625841188e-03 9.327030365613738980e-03 1.349127260895105485e-02 1.303333172114226265e-02
2.035824475515669255e-03 2.713817945340011445e-03 -2.830263519930244871e-04 -5.834685097677457313e-03 4.777802127164403403e-03 1.065981884858106798e-02 1.541911341461249703e-02 1.489534158105126557e-02
2.289597833051115923e-03 3.052970666965149679e-03 -3.176778334968999046e-04 -6.562004127963557039e-03 5.374140828169106550e-03 1.199269668703577957e-02 1.734708360488591491e-02 1.675737470357105754e-02
2.543214693518191464e-03 3.392106924073527967e-03 -3.521670329308668732e-04 -7.288874926372493346e-03 5.970282115938579416e-03 1.332566403564555170e-02 1.927518329618622614e-02 1.861943006061808625e-02
