0.000000000000000000e+00 0.000000000000000000e+00 0.000000000000000000e+00 0.000000000000000000e+00
1.198079538316536470e-02 -1.198079538316504031e-02 1.053701877733786291e-02 1.306951639288362818e-02
2.405626038207954454e-02 -2.405626038207889575e-02 2.107671620780348504e-02 2.613635413263902529e-02
3.622844571366019839e-02 -3.622844571365915756e-02 3.161919472031297917e-02 3.920041079035088000e-02
4.849947002536775936e-02 -4.849947002536633689e-02 4.216456092067417949e-02 5.226157976021102158e-02
6.087152155253932467e-02 -6.087152155253754138e-02 5.271292581005392053e-02 6.531975004105244897e-02
7.334685945700475385e-02 -7.334685945700260279e-02 6.326440499920318872e-02 7.837480602212476555e-02
8.592781470211099948e-02 -8.592781470210841821e-02 7.381911890956714684e-02 9.142662728198193423e-02
9.861679026641513579e-02 -9.861679026641206880e-02 8.437719294792356273e-02 1.044750884138466590e-01
1.114162604248310207e-01 -1.114162604248274402e-01 9.493875763443659910e-02 1.175200588975552768e-01
1.243287687227904031e-01 -1.243287687227861982e-01 1.055039486538173338e-01 1.305614030483956967e-01
