0.000000000000000000e+00 0.000000000000000000e+00 0.000000000000000000e+00 0.000000000000000000e+00 0.000000000000000000e+00 0.000000000000000000e+00
5.731227802210535826e-04 5.957687425170800805e-05 -5.543404874024677326e-04 1.967582006089253072e-03 1.253778689030340043e-03 1.648382761384510880e-03
1.145860052960403705e-03 1.191857786879063695e-04 -1.108385664761069034e-03 3.935931219651353681e-03 2.507562197008698923e-03 3.297104303669965396e-03
1.718211460505968081e-03 1.788267262441908822e-04 -1.662135419083088459e-03 5.905048053343293739e-03 3.761350583484153898e-03 4.946164521540800420e-03
2.290176644726937306e-03 2.384997298578116199e-04 -2.215589637428300694e-03 7.874932919851982197e-03 5.015143908070117049e-03 6.595563309184750318e-03
2.861755247074870660e-03 2.982048024676494519e-04 -2.768748206911571773e-03 9.845586231911679018e-03 6.268942230453745934e-03 8.245300560306416393e-03
3.432946908582490582e-03 3.579419570145121461e-04 -3.321611014702549429e-03 1.181700840230202193e-02 7.522745610395822381e-03 9.895376168126471944e-03
4.003751269863723219e-03 4.177112064407723264e-04 -3.874177948026791968e-03 1.378919984384807326e-02 8.776554107729671317e-03 1.154579002538000040e-02
4.574167971112302195e-03 4.775125636908082011e-04 -4.426448894164767764e-03 1.576216096941913947e-02 1.003036778236227403e-02 1.319654202431491501e-02
5.144196652100875219e-03 5.373460417103981170e-04 -4.978423740453491106e-03 1.773589219192816396e-02 1.128418669427427856e-02 1.484763205669238813e-02
5.713836952181105579e-03 5.972116534474288148e-04 -5.530102374285405034e-03 1.971039392433316523e-02 1.253801090351962244e-02 1.649906001378470197e-02
