0.000000000000000000e+00 0.000000000000000000e+00 0.000000000000000000e+00 0.000000000000000000e+00 0.000000000000000000e+00 0.000000000000000000e+00
5.508395298057257826e-04 2.277533879154947713e-07 -5.523022576073557607e-04 1.831927177061138008e-03 1.135988557142896373e-03 1.837084156424592576e-03
1.101264859265631973e-03 4.536725780958661763e-07 -1.104180309338801715e-03 3.664437690384989184e-03 2.271886774739929199e-03 3.674721840190354940e-03
1.651275806160682055e-03 6.777238719091917946e-07 -1.655633779092686086e-03 5.497532088456362313e-03 3.407694655542456430e-03 5.512912719030878261e-03
2.200872189809513577e-03 8.998729721260074319e-07 -2.206662288877902361e-03 7.331210928462979573e-03 4.543412202314088370e-03 7.351656451684260990e-03
2.750053831109805242e-03 1.120084968744077976e-06 -2.757265458772569042e-03 9.165474776525007333e-03 5.679039417833865039e-03 9.190952687695689086e-03
3.298820552577094375e-03 1.338324325102814978e-06 -3.307442906884836605e-03 1.100032420789945863e-02 6.814576304899639531e-03 1.103080106720542852e-02
3.847172178383301451e-03 1.554554863885197465e-06 -3.857194249313340793e-03 1.283575980719412618e-02 7.950022866325007556e-03 1.287120122074104749e-02
4.395108534398890592e-03 1.768739752941436352e-06 -4.406519100105281937e-03 1.467178216858534834e-02 9.085379104941395181e-03 1.471215276899369949e-02
4.942629448233727511e-03 1.980841489987868900e-06 -4.955417071213109349e-03 1.650839189604440260e-02 1.022064502359829562e-02 1.655365532259767472e-02
5.489734749280583345e-03 2.190821887763987020e-06 -5.503887772452280801e-03 1.834558960356762539e-02 1.135582062516102969e-02 1.839570848189623839e-02
