0.000000000000000000e+00 0.000000000000000000e+00 0.000000000000000000e+00 0.000000000000000000e+00 0.000000000000000000e+00 0.000000000000000000e+00 0.000000000000000000e+00 0.000000000000000000e+00
4.458733741928624645e-04 -2.129838465083851748e-04 3.697371100008526928e-04 -5.566580852123932622e-04 9.324776741479779167e-04 1.923472662653796707e-03 1.383633085989322594e-04 1.533548592036372213e-03
8.915770848267602590e-04 -4.259451203125625405e-04 7.394125840657309479e-04 -1.113061901868405085e-03 1.864839048280031962e-03 3.847006713480264489e-03 2.765663744179491269e-04 3.067164698282330224e-03
1.337111155915628700e-03 -6.388837847919619142e-04 1.109026368906051909e-03 -1.669211370564324323e-03 2.797084076323242893e-03 5.770602104553849629e-03 4.146091949140453268e-04 4.600848288408434551e-03
1.782475611530432357e-03 -8.517998033079191879e-04 1.478578411253857932e-03 -2.225106411869168244e-03 3.729212712286512736e-03 7.694258787828426455e-03 5.524917675889289481e-04 6.134599332263703658e-03
2.227670475803135777e-03 -1.064693139204109630e-03 1.848068657863057669e-03 -2.780746946326087977e-03 4.661224910266732052e-03 9.617976715167928653e-03 6.902140899918948790e-04 7.668417799894610906e-03
2.672695772925392198e-03 -1.277563755807241885e-03 2.217497055509554983e-03 -3.336132894452129450e-03 5.593120624450217265e-03 1.154175583834566449e-02 8.277761597188993585e-04 9.202303661546985813e-03
3.117551527149557602e-03 -1.490411616425997999e-03 2.586863550990679307e-03 -3.891264176737526705e-03 6.524899809111110380e-03 1.346559610904366801e-02 9.651779744128955374e-04 1.073625688766601839e-02
3.562237762787549052e-03 -1.703236684351718206e-03 2.956168091126198504e-03 -4.446140713645532760e-03 7.456562418612227260e-03 1.538949747885425337e-02 1.102419531763268934e-03 1.227027744889669369e-02
4.006754504211372699e-03 -1.916038922857909565e-03 3.325410622757013490e-03 -5.000762425611988971e-03 8.388108407404655173e-03 1.731345989927791928e-02 1.239500829506312313e-03 1.380436531608469387e-02
4.451101775852833210e-03 -2.128818295200413362e-03 3.694591092746292525e-03 -5.555129233044643275e-03 9.319537730028422395e-03 1.923748332172445577e-02 1.376421865425231979e-03 1.533852046027810688e-02
