0.000000000000000000e+00 0.000000000000000000e+00 0.000000000000000000e+00 0.000000000000000000e+00 0.000000000000000000e+00 0.000000000000000000e+00 0.000000000000000000e+00 0.000000000000000000e+00 0.000000000000000000e+00 0.000000000000000000e+00
1.366913614430457884e-03 7.887845733497152005e-04 -2.697616830054092637e-04 -3.852099385788505630e-04 -1.500726567249170348e-03 3.763466479671874303e-03 5.717082062904292952e-03 5.953192808472796901e-03 5.502378204954895546e-03 4.977581594682895828e-03
2.733634612154420447e-03 1.578048305971565006e-03 -5.399920347225157591e-04 -7.702961342677166947e-04 -3.001394750214175615e-03 7.526869082083033347e-03 1.143426768991474655e-02 1.190626393090818066e-02 1.100367311257015833e-02 9.956328470991515286e-03
4.100162154604280844e-03 2.367791965763880492e-03 -8.106909789814718218e-04 -1.155259274930507240e-03 -4.502003867560644065e-03 1.129020748722435810e-02 1.715155695673151182e-02 1.785921384615735824e-02 1.650388358994022558e-02 1.493624154218391870e-02
5.466495395812794034e-03 3.158016303266183902e-03 -1.081858419034995500e-03 -1.540100051605166297e-03 -6.002553229569962748e-03 1.505348136331858579e-02 2.286894994063166583e-02 2.381204302967402514e-02 2.200300851361702142e-02 1.991732171075471722e-02
6.832633483683080849e-03 3.948722048770942142e-03 -1.353494238815317573e-03 -1.924819155431931571e-03 -7.503042139365341014e-03 1.881669036950571472e-02 2.858644672044361248e-02 2.976475196028902093e-02 2.750104677077380017e-02 2.489956987273132111e-02
8.198575559984004960e-03 4.739909911439891058e-03 -1.625598302351432970e-03 -2.309417277498137990e-03 -9.003469892761125498e-03 2.257983415564956270e-02 3.430404737656195246e-02 3.571734112034935515e-02 3.299799725938284273e-02 2.988298691753581149e-02
9.564320760349768677e-03 5.531580578395019730e-03 -1.898170453173456031e-03 -2.693895108677167062e-03 -1.050383577810993369e-02 2.634291236213967546e-02 4.002175199095899666e-02 4.166981099585963244e-02 3.849385888839655656e-02 3.486757372784912712e-02
1.092986821428261479e-02 6.323734713784264459e-03 -2.171210513702244178e-03 -3.078253339462344498e-03 -1.200413907614800851e-02 3.010592461969352832e-02 4.573956064719614245e-02 4.762216207662930967e-02 4.398863057792898323e-02 3.985333117946797399e-02
1.229521704515885300e-02 7.116372957821134188e-03 -2.444718284626718700e-03 -3.462492659793037220e-03 -1.350437905983683032e-02 3.386887054915577872e-02 5.145747343043456656e-02 5.357439485642045279e-02 4.948231125943976932e-02 4.484026014116532927e-02
1.366036637023980600e-02 7.909495925796613744e-03 -2.718693544265817202e-03 -3.846613758876404887e-03 -1.500455499420241465e-02 3.763174976129402688e-02 5.717549042744353438e-02 5.952650983310222438e-02 5.497489987592073246e-02 4.982836147454365594e-02
