0.000000000000000000e+00 0.000000000000000000e+00 0.000000000000000000e+00 0.000000000000000000e+00 0.000000000000000000e+00 0.000000000000000000e+00
6.901716420627127327e-04 2.054082385329504947e-05 -6.894164268303705143e-04 2.816497967331595305e-03 3.723751433918801143e-04 2.687643712087863911e-03
1.379553494408780785e-03 4.109862379614125902e-05 -1.378118871280855848e-03 5.634961541960588349e-03 7.444746594002061646e-04 5.376955902978845445e-03
2.068143929521489011e-03 6.167344150212101281e-05 -2.066106015909909520e-03 8.455393784142622646e-03 1.116298492449155615e-03 8.067938775097999865e-03
2.755941314952325537e-03 8.226531888309443561e-05 -2.753376539724727238e-03 1.127779776411691123e-02 1.487846586363619685e-03 1.076059453754734524e-02
3.442944013288677316e-03 1.028742980919931108e-04 -3.439929118156179275e-03 1.410217656226105641e-02 1.859118884362286625e-03 1.345492540622295237e-02
4.129150382128131923e-03 1.235004215251961162e-04 -4.125762423041241626e-03 1.692853326915286227e-02 2.230115329053356139e-03 1.615093360385890658e-02
4.814558774051879049e-03 1.441437318232579505e-04 -4.810875122604169052e-03 1.975687098563301200e-02 2.600835862429127371e-03 1.884862136006860978e-02
5.499167536598288490e-03 1.648042718739096458e-04 -5.495265881439389405e-03 2.258719282286668351e-02 2.971280425859741756e-03 2.154799091138523415e-02
6.182975012236634725e-03 1.854820848128542466e-04 -6.178933360492378304e-03 2.541950190240827370e-02 3.341448960088658649e-03 2.424904450130680247e-02
6.865979538339932013e-03 2.061772140259068484e-04 -6.861876217041510025e-03 2.825380135626554684e-02 3.711341405228384214e-03 2.695178438033703217e-02
