0.000000000000000000e+00 0.000000000000000000e+00 0.000000000000000000e+00 0.000000000000000000e+00 0.000000000000000000e+00 0.000000000000000000e+00
4.113108252897841209e-04 6.735242081890049329e-05 -5.688872800430386885e-04 1.579119046840425991e-03 1.305896896895395592e-03 2.239945586687293062e-03
8.223197966428330390e-04 1.347063395809575180e-04 -1.137406569750702657e-03 3.158632465035927928e-03 2.611855639140385748e-03 4.480654052116990124e-03
1.233026616373035641e-03 2.020617262820496537e-04 -1.705557439353159663e-03 4.738540670333734120e-03 3.917876258441766076e-03 6.722126058838159314e-03
1.643430986106550343e-03 2.694185508670323835e-04 -2.273339458176663799e-03 6.318844079404343020e-03 5.223958786505212420e-03 8.964362270522521076e-03
2.053532606776651333e-03 3.367767832295712627e-04 -2.840752194635371829e-03 7.899543109859371789e-03 6.530103255042248381e-03 1.120736335201468099e-02
2.463331178621653086e-03 4.041363932122266490e-04 -3.407795216227903559e-03 9.480638180259778891e-03 7.836309695770211914e-03 1.345112996933812109e-02
2.872826401181687028e-03 4.714973506056856266e-04 -3.974468089533064220e-03 1.106212971011600980e-02 9.142578140412208065e-03 1.569566278969912812e-02
3.282017973296851888e-03 5.388596251492646424e-04 -4.540770380206247958e-03 1.264401811989456816e-02 1.044890862069677503e-02 1.794096248149367259e-02
3.690905593103549313e-03 6.062231865307380393e-04 -5.106701652975163472e-03 1.422630383101825165e-02 1.175530116835766907e-02 2.018702971431102569e-02
4.099488958032832843e-03 6.735880043860489538e-04 -5.672261471635972954e-03 1.580898726587316380e-02 1.306175581513545694e-02 2.243386515893966426e-02
