0.000000000000000000e+00 0.000000000000000000e+00 0.000000000000000000e+00 0.000000000000000000e+00 0.000000000000000000e+00 0.000000000000000000e+00 0.000000000000000000e+00 0.000000000000000000e+00
1.848101944166141968e-04 1.894986529668043183e-04 -1.753107916269847489e-04 -2.685941868403266612e-05 2.744751816735299969e-04 1.700674888412697684e-03 1.812873084115925815e-03 -4.799026051146189353e-04
3.695833249084123917e-04 3.789581444884048420e-04 -3.506027830265971636e-04 -5.365240153147819284e-05 5.489040170904385630e-04 3.401348587313703098e-03 3.625728825341190727e-03 -9.599197960680225326e-04
5.543194000771975568e-04 5.683784712692935802e-04 -5.258759920383851167e-04 -8.037891339677311531e-05 8.232865052909697692e-04 5.102021064389949088e-03 5.438567145744496387e-03 -1.440051486224102999e-03
7.390184285280412086e-04 7.577596300424574351e-04 -7.011304365563051071e-04 -1.070389191639041970e-04 1.097622645323472314e-03 6.802692287236403873e-03 7.251387967217690252e-03 -1.920297588956938837e-03
9.236804188697750936e-04 9.471016175721944444e-04 -8.763661345322186491e-04 -1.336323837478864515e-04 1.371912436245154672e-03 8.503362223373093012e-03 9.064191211501862119e-03 -2.400658017650778367e-03
1.108305379714885153e-03 1.136404430653840860e-03 -1.051583103975628703e-03 -1.601592720946856728e-04 1.646155877121665504e-03 1.020403084024773185e-02 1.087697680018615866e-02 -2.881132685698123506e-03
1.292893319679664721e-03 1.325668066114039489e-03 -1.226781362954035021e-03 -1.866195491812213422e-04 1.920352967027645847e-03 1.190469810523499955e-02 1.268974465470882294e-02 -3.361721506502571462e-03
1.477444247384093528e-03 1.514892520810042116e-03 -1.401960929592636646e-03 -2.130131800153361760e-04 2.194503705046627409e-03 1.360536398563506714e-02 1.450249469635524549e-02 -3.842424393476911743e-03
1.661958171451780996e-03 1.704077791630331405e-03 -1.577121822074182503e-03 -2.393401296357846870e-04 2.468608090270136158e-03 1.530602844867518658e-02 1.631522684625841269e-02 -4.323241260043030748e-03
1.846435100509893380e-03 1.893223875494065567e-03 -1.752264058639408121e-03 -2.656003631121617629e-04 2.742666121798138356e-03 1.700669146150764893e-02 1.812794102539859453e-02 -4.804172019634849952e-03
