0.000000000000000000e+00 0.000000000000000000e+00 0.000000000000000000e+00 0.000000000000000000e+00 0.000000000000000000e+00 0.000000000000000000e+00 0.000000000000000000e+00 0.000000000000000000e+00 0.000000000000000000e+00 0.000000000000000000e+00
1.033340474509032974e-03 7.351442739865524881e-04 4.175323211821075210e-04 -2.007906735124616294e-04 -1.985226384159161171e-03 2.314772051308346991e-03 3.815584693053242736e-03 5.297298914538135090e-03 6.623142029332670239e-03 5.905780881543319476e-03
2.064987838478461908e-03 1.470702713063342260e-03 8.363688413200862830e-04 -3.999378736222773331e-04 -3.972121507039862685e-03 4.623904179243455009e-03 7.626622953273292337e-03 1.059385332982653270e-02 1.325004098227526225e-02 1.181873568812300858e-02
3.094934199159297700e-03 2.206676462043332711e-03 1.256515008599578664e-03 -5.974343681092557368e-04 -5.960691289292959112e-03 6.927371330090955313e-03 1.143309796380083052e-02 1.588966129417896528e-02 1.988071171255098232e-02 1.773889339507383339e-02
4.123171610761242056e-03 2.943066663188399421e-03 1.677976295882109689e-03 -7.932728863793885379e-04 -7.950941670845040540e-03 9.225148296586042906e-03 1.523499280466860013e-02 2.118472086016612993e-02 2.651516917901928713e-02 2.366628311819674035e-02
5.149692076848472015e-03 3.679874457532644662e-03 2.100758199555581573e-03 -9.874461078857987156e-04 -9.942878613229233498e-03 1.151720972055163619e-02 1.903229045432914754e-02 2.647903008416258377e-02 3.315342844016647139e-02 2.960093412235565227e-02
6.174487549899489863e-03 4.417100984811000303e-03 2.524866239315691138e-03 -1.179946661356224202e-03 -1.193650809962647739e-02 1.380353009161638944e-02 2.282497378871890456e-02 3.177258702655377798e-02 3.979550465549072658e-02 3.554287582210043789e-02
7.197549930863381303e-03 5.154747383386359440e-03 2.950305957935861131e-03 -1.370767123997776622e-03 -1.393183613491425638e-02 1.608408374592188925e-02 2.661302558030813337e-02 3.706538975194335200e-02 4.644141308692201209e-02 4.149213778228558885e-02
8.218871068710270969e-03 5.892814790175126410e-03 3.377082921025786021e-03 -1.559900020674145470e-03 -1.592886874572540731e-02 1.835884486481078118e-02 3.039642849714081774e-02 4.235743632936057879e-02 5.309116910027733560e-02 4.744874971867822644e-02
9.238442759977153612e-03 6.631304340573516629e-03 3.805202716779765466e-03 -1.747337823057261517e-03 -1.792761198051484248e-02 2.062778747350369618e-02 3.417516510186176942e-02 4.764872483246660601e-02 5.974478816674599901e-02 5.341274149856147652e-02
1.025625674830839794e-02 7.370217168382440891e-03 4.234670955711998530e-03 -1.933072948751511037e-03 -1.992807190963737790e-02 2.289088543975826423e-02 3.794921785073011172e-02 5.293925333976445130e-02 6.640228586441587755e-02 5.938414314132776928e-02
