0.000000000000000000e+00 0.000000000000000000e+00 0.000000000000000000e+00 0.000000000000000000e+00 0.000000000000000000e+00 0.000000000000000000e+00 0.000000000000000000e+00 0.000000000000000000e+00 0.000000000000000000e+00 0.000000000000000000e+00
7.407952342742522714e-04 1.122176620439678920e-04 -1.151095102806210061e-04 -1.390625719851466835e-04 -3.454316157458989776e-04 2.561584230423496686e-03 1.413929164932364825e-03 1.038397313802845185e-03 7.455999806189132209e-04 1.140674739624854576e-03
1.480945741945068539e-03 2.243540573800054919e-04 -2.302078865912761570e-04 -2.779767907221640522e-04 -6.905665888684491081e-04 5.124737391212786861e-03 2.827900079315261335e-03 2.076592501649751187e-03 1.490991200470968272e-03 2.281209373785307148e-03
2.220450475592587562e-03 3.364091037910817649e-04 -3.452950290203639317e-04 -4.167424614668669997e-04 -1.035404900658417173e-03 7.689461085729445110e-03 4.241912746917893447e-03 3.114585288462921962e-03 2.236173554281108145e-03 3.421603470329630768e-03
2.959308385698135226e-03 4.483827186305528963e-04 -4.603708373254472986e-04 -5.553593889470461809e-04 -1.379946532344219655e-03 1.025575692041035859e-02 5.655967171418185661e-03 4.152375398361787817e-03 2.981146936580433057e-03 4.561856596298367005e-03
3.697518420643135240e-03 5.602748188147455358e-04 -5.754352109293785732e-04 -6.938273773567596057e-04 -1.724191465090105018e-03 1.282362650483323367e-02 7.070063356417362332e-03 5.189962554662722223e-03 3.725911241707535217e-03 5.701968317913898299e-03
4.435079526702997814e-03 6.720853208202440688e-04 -6.904880489191157810e-04 -8.321462303540094925e-04 -2.068139679995360022e-03 1.539307145173256230e-02 8.484201305434767998e-03 6.227346479876382478e-03 4.470466363806590085e-03 6.841938200577369483e-03
5.171990648039238164e-03 7.838141406806789935e-04 -8.055292500435182581e-04 -9.703157510575688080e-04 -2.411791158092697722e-03 1.796409337701509318e-02 9.898381021912620523e-03 7.264526895701625166e-03 5.214812196824576696e-03 7.981765808864340131e-03
5.908250726692518967e-03 8.954611939839884427e-04 -9.205587127121935475e-04 -1.108335742044160282e-03 -2.755145880347152458e-03 2.053669389977344842e-02 1.131260250921141235e-02 8.301503523022871547e-03 5.958948634513073529e-03 9.121450706520223967e-03
6.643858702574773414e-03 1.007026395869680627e-03 -1.035576334993495475e-03 -1.246206005345450131e-03 -3.098203827655123584e-03 2.311087464230178121e-02 1.272686577061218037e-02 9.338276081905442019e-03 6.702875570424712305e-03 1.026099245645701631e-02
7.378813513462775461e-03 1.118509661025260307e-03 -1.150582014613048222e-03 -1.383926342445129061e-03 -3.440964980842891631e-03 2.568663723011082103e-02 1.414117080931364366e-02 1.037484429159179350e-02 7.446592897913204868e-03 1.140039062074918626e-02
