0.000000000000000000e+00 0.000000000000000000e+00 0.000000000000000000e+00 0.000000000000000000e+00 0.000000000000000000e+00 0.000000000000000000e+00 0.000000000000000000e+00 0.000000000000000000e+00 0.000000000000000000e+00 0.000000000000000000e+00
3.355493761628650096e-03 -2.049045207693425599e-03 -2.978052001861356251e-04 -5.250501393790157033e-04 -4.835932143700092008e-04 8.477802628039658034e-03 1.002845288296509187e-02 5.802411180606542249e-03 3.448429014106979724e-03 1.197775937279422793e-03
6.721430780505635409e-03 -4.110746213914174760e-03 -5.940434424336711247e-04 -1.049889668088832117e-03 -9.667514560689312786e-04 1.695232128294035107e-02 2.006147395593884525e-02 1.160405707046848790e-02 6.896840081581172809e-03 2.395050895066365339e-03
1.009791441637969064e-02 -6.185238286380309244e-03 -8.886902184454255164e-04 -1.574513643513417291e-03 -1.449472268040526233e-03 2.542351563634459924e-02 3.009911612370600592e-02 1.740492721670832549e-02 1.034523257175173211e-02 3.591823380481550410e-03
1.348504976371747884e-02 -8.272659152951233191e-03 -1.181720425040133117e-03 -2.098917019141877376e-03 -1.931753166584238620e-03 3.389134464083470855e-02 4.014143333303705347e-02 2.320501087923027700e-02 1.379360583156621911e-02 4.788091887321557771e-03
1.688294369025581873e-02 -1.037314906231421273e-02 -1.473108345214007436e-03 -2.623094641878314683e-03 -2.413591640849290822e-03 4.235576650445743718e-02 5.018848060882503959e-02 2.900429702084960856e-02 1.724195918503065514e-02 5.983854895824432252e-03
2.029170487688123845e-02 -1.248685084636142612e-02 -1.762827628820371655e-03 -3.147041249364432910e-03 -2.894985152334993671e-03 5.081673866435532788e-02 6.024031409144689486e-02 3.480277429707916842e-02 2.069029193266688771e-02 7.179110872436472723e-03
2.371144385892980447e-02 -1.461390998430654557e-02 -2.050851272892131004e-03 -3.670751467328222436e-03 -3.375931134402761907e-03 5.927421775944306109e-02 7.029699107540486602e-02 4.060043104556838173e-02 2.413860335098083967e-02 8.373858269585148992e-03
2.714227306901036835e-02 -1.675447466859755416e-02 -2.337151601636891767e-03 -4.194219806972271890e-03 -3.856426991803614535e-03 6.772815960207646813e-02 8.035857004930277436e-02 4.639725527518266668e-02 2.758689269195887736e-02 9.568095525458557293e-03
3.058430688146371659e-02 -1.890869587268860161e-02 -2.621700246135698440e-03 -4.717440662417463591e-03 -4.336470100221903948e-03 7.617851914863382756e-02 9.042511073724764092e-02 5.219323465471748663e-02 3.103515918258428069e-02 1.076182106379392628e-02
3.403766165858165132e-02 -2.107672742073665728e-02 -2.904468123781987158e-03 -5.240408308219806667e-03 -4.816057805843111314e-03 8.462525046891862524e-02 1.004966741417565035e-01 5.798835650123610602e-02 3.448340202439016677e-02 1.195503329367311740e-02
