0.000000000000000000e+00 0.000000000000000000e+00 0.000000000000000000e+00 0.000000000000000000e+00 0.000000000000000000e+00 0.000000000000000000e+00
5.257724303144606717e-03 -3.809421124867916689e-03 -1.448303178276741637e-03 9.040418910165680388e-03 1.318250344735191933e-02 8.624151633695106844e-04
1.053257713663467016e-02 -7.672565357903588824e-03 -2.860011778731155491e-03 1.806850869656330405e-02 2.638646363016299706e-02 1.715702715047520699e-03
1.582375423368554898e-02 -1.159044033798660792e-02 -4.233313895699143160e-03 2.708385734558644425e-02 3.961268286877400041e-02 2.559472348300602038e-03
2.113033169624041127e-02 -1.556404588175055136e-02 -5.566285814490206860e-03 3.608602773951314485e-02 5.286201456819290129e-02 3.393307775841394522e-03
2.645125107426349320e-02 -1.959436805864304271e-02 -6.856883015620818256e-03 4.507455533873307857e-02 6.613536773403086433e-02 4.216764531670303719e-03
3.178530250527430989e-02 -2.368237220247614710e-02 -8.102930302798605142e-03 5.404894560304290829e-02 7.943371196691925706e-02 5.029367555359152628e-03
3.713110566797513806e-02 -2.782899470716358389e-02 -9.302110960812084994e-03 6.300867111673598420e-02 9.275808299392922229e-02 5.830608535543251383e-03
4.248708828540794652e-02 -3.203513344618752479e-02 -1.045195483922056745e-02 7.195316837439579005e-02 1.061095888058687930e-01 6.619942986831129153e-03
4.785146190203201644e-02 -3.630163665597360700e-02 -1.154982524605836260e-02 8.088183417321824498e-02 1.194894164833650851e-01 7.396787031399058854e-03
5.322219466197175564e-02 -4.062929014002703010e-02 -1.259290452194384777e-02 8.979402154145919857e-02 1.328988398144022864e-01 8.160513853007863444e-03
