0.000000000000000000e+00 0.000000000000000000e+00 0.000000000000000000e+00 0.000000000000000000e+00
1.168061122950798600e-02 -1.168061122950762171e-02 7.348298215583982593e-03 1.694863514633241849e-02
2.345996654015869085e-02 -2.345996654015804553e-02 1.471172636817736842e-02 3.388214035565528803e-02
3.534033177324754499e-02 -3.534033177324654579e-02 2.209068465698046588e-02 5.080011542876856911e-02
4.732405789138031255e-02 -4.732405789137898028e-02 2.948558983032748687e-02 6.770214361733774278e-02
5.941358509889717310e-02 -5.941358509889556327e-02 3.689687634132411687e-02 8.458779046825781744e-02
7.161144714768272190e-02 -7.161144714768073738e-02 4.432499758613785146e-02 1.014566025853601144e-01
8.392027581730976404e-02 -8.392027581730737706e-02 5.177042722668855762e-02 1.183081063067257521e-01
9.634280554862739709e-02 -9.634280554862448276e-02 5.923366059780944132e-02 1.351418062975211221e-01
1.088818781955771808e-01 -1.088818781955739889e-01 6.671521619630625677e-02 1.519571840609409696e-01
1.215404478390446907e-01 -1.215404478390410131e-01 7.421563724511694160e-02 1.687536963740465523e-01
