0.000000000000000000e+00 0.000000000000000000e+00 0.000000000000000000e+00 0.000000000000000000e+00 0.000000000000000000e+00 0.000000000000000000e+00
3.317283187996819364e-03 -9.385507556573837980e-04 -2.378732432339493788e-03 3.520617174600987938e-03 1.614309763559617500e-02 3.351627314986706241e-03
6.632518887729153649e-03 -1.886642390494549246e-03 -4.745876497234932483e-03 7.037316336152044625e-03 3.229609252785570206e-02 6.697275386359200638e-03
9.945290882321945400e-03 -2.844447453934265124e-03 -7.100843428388154722e-03 1.055006242563120630e-02 4.845913661027258235e-02 1.003682733964697017e-02
1.325516202102508187e-02 -3.812141627990874807e-03 -9.443020393034913529e-03 1.405882037688004592e-02 6.463238568070692192e-02 1.337016244314692681e-02
1.656167315005861382e-02 -4.789903708186666297e-03 -1.177176944187277585e-02 1.756355518607329025e-02 8.081599950105269881e-02 1.669715593879158438e-02
1.986434198343547258e-02 -5.777915574451245040e-03 -1.408642640898526664e-02 2.106423199018433653e-02 9.701014189815598820e-02 2.001767886276121372e-02
2.316266190993594709e-02 -6.776362150955023839e-03 -1.638629975898210633e-02 2.456081615556549719e-02 1.132149808657432755e-01 2.333159785497625205e-02
2.645610073212207453e-02 -7.785431353775396773e-03 -1.867066937834801002e-02 2.805327337788306868e-02 1.294306886670910650e-01 2.663877495649425928e-02
2.974409933296039144e-02 -8.805314025227002628e-03 -2.093878530773486679e-02 3.154156979481743256e-02 1.456574419381134744e-01 2.993906739372131226e-02
3.302607026527724920e-02 -9.836203853631908176e-03 -2.318986641164708790e-02 3.502567211310446404e-02 1.618954217905024251e-01 3.323232734822843815e-02
