0.000000000000000000e+00 0.000000000000000000e+00 0.000000000000000000e+00 0.000000000000000000e+00
4.586470360695845197e-03 -4.586470360695748920e-03 8.796275805859076619e-03 1.356093592125235184e-02
9.179915999943565746e-03 -9.179915999943489419e-03 1.756288617465251098e-02 2.715153727957046043e-02
1.378035491790602363e-02 -1.378035491790591781e-02 2.629936085285704273e-02 4.077227432847771449e-02
1.838780483057563669e-02 -1.838780483057551179e-02 3.500521929116890557e-02 5.442362761727698173e-02
2.300228311916634530e-02 -2.300228311916615795e-02 4.367997035424894814e-02 6.810608828130880477e-02
2.762380677477884600e-02 -2.762380677477859967e-02 5.232311202079691775e-02 8.182015834187170156e-02
3.225239233797719957e-02 -3.225239233797680405e-02 6.093413107362631587e-02 9.556635101615387762e-02
3.688805583289525569e-02 -3.688805583289493650e-02 6.951250277939766131e-02 1.093451910374939468e-01
4.153081269546636534e-02 -4.153081269546565757e-02 7.805769055766693942e-02 1.231572149863362498e-01
4.618067769535297989e-02 -4.618067769535248723e-02 8.656914563889780978e-02 1.370029716322170299e-01
