0.000000000000000000e+00 0.000000000000000000e+00 0.000000000000000000e+00 0.000000000000000000e+00 0.000000000000000000e+00 0.000000000000000000e+00 0.000000000000000000e+00 0.000000000000000000e+00
1.415922743359436953e-03 9.130373359695887446e-04 -1.412930092963640433e-04 -2.187667075304550266e-03 3.293544781754424895e-03 5.492987229843847470e-03 7.374905719699388802e-03 5.413059440467949887e-03
2.831887053048301808e-03 1.826686707214650015e-03 -2.822948322862814429e-04 -4.376278933336143553e-03 6.586697665620614914e-03 1.098518623092201857e-02 1.475026774326455674e-02 1.082684266172639909e-02
4.247893270908347819e-03 2.740949813631195740e-03 -4.230073834317916179e-04 -6.565835706553328766e-03 9.879459440574602999e-03 1.647659726852183232e-02 2.212608537460951028e-02 1.624134934758753035e-02
5.663941737865933745e-03 3.655828367673238065e-03 -5.634326309619450135e-04 -8.756337480107605903e-03 1.317183089528140873e-02 2.196722059786560682e-02 2.950235792802873014e-02 2.165657913986863622e-02
7.080032794838014842e-03 4.571324096321051703e-03 -7.035725918597040066e-04 -1.094778430491289908e-02 1.646381282010401376e-02 2.745705647190104307e-02 3.687908474023615657e-02 2.707253165854632548e-02
8.496166782633922387e-03 5.487438741012099636e-03 -8.434293325179252274e-04 -1.314017619682313932e-02 1.975540600707438241e-02 3.294610514104765603e-02 4.425626517142853406e-02 3.248920650097117391e-02
9.912344041852634222e-03 6.404174057558789657e-03 -9.830049693736763773e-04 -1.533351313581267361e-02 2.304661124986447790e-02 3.843436685293999400e-02 5.163389860637523227e-02 3.790660324106821105e-02
1.132856491277629656e-02 7.321531816049818911e-03 -1.122301669519172769e-03 -1.752779506515957444e-02 2.633742934375441630e-02 4.392184185216595205e-02 5.901198445552535699e-02 4.332472142851963998e-02
1.274482973525905768e-02 8.239513800735922405e-03 -1.261321651288248302e-03 -1.972302189063520478e-02 2.962786108560121895e-02 4.940853037999734521e-02 6.639052215614105190e-02 4.874356058793399143e-02
1.416113884861197429e-02 9.158121809898160659e-03 -1.400067184813636682e-03 -2.191919347969853785e-02 3.291790727380536352e-02 5.489443267411974609e-02 7.376951117345177666e-02 5.416312021799704612e-02
