0.000000000000000000e+00 0.000000000000000000e+00 0.000000000000000000e+00 0.000000000000000000e+00 0.000000000000000000e+00 0.000000000000000000e+00
3.811211235246023295e-03 -8.065915872272484384e-04 -3.004619648018856930e-03 9.671321797431402245e-03 1.271838974190600199e-02 6.096062738103359864e-03
7.626447544139292392e-03 -1.615738386211654481e-03 -6.010709157927477016e-03 1.934465715787373613e-02 2.543677621358193808e-02 1.219011518342600492e-02
1.144572255177120357e-02 -2.427451990562565307e-03 -9.018270561208527672e-03 2.902001166238335483e-02 3.815514740828870183e-02 1.828216376165035795e-02
1.526904995896088621e-02 -3.241744132802539327e-03 -1.202730582615817514e-02 3.869739090249374458e-02 5.087349132612568187e-02 2.437221488114369589e-02
1.909644353611578138e-02 -4.058626683025335150e-03 -1.503781685309010796e-02 4.837680047264677347e-02 6.359179598935860156e-02 3.046027492519853483e-02
2.292791711664444315e-02 -4.878111647234817036e-03 -1.804980546940932254e-02 5.805824596200342969e-02 7.631004945893050950e-02 3.654635024371102880e-02
2.676348458990589554e-02 -5.700211165347657608e-03 -2.106327342455791354e-02 6.774173294558244462e-02 8.902823985223456971e-02 4.263044714426836995e-02
3.060315989367105166e-02 -6.524937508840639513e-03 -2.407822238483000102e-02 7.742726697468554908e-02 1.017463553622287992e-01 4.871257188261177845e-02
3.444695700608274569e-02 -7.352303078024577387e-03 -2.709465392805769299e-02 8.711485356655063184e-02 1.144643842779857340e-01 5.479273065243045471e-02
3.829488993709207617e-02 -8.182320398925864435e-03 -3.011256953816567397e-02 9.680449819318422133e-02 1.271823150067679098e-01 6.087092957445581348e-02
