0.000000000000000000e+00 0.000000000000000000e+00 0.000000000000000000e+00 0.000000000000000000e+00 0.000000000000000000e+00 0.000000000000000000e+00
1.807935405006847384e-04 -1.254051428498278694e-04 -1.455421403953543829e-04 3.908038940749946548e-04 1.006892069637560809e-03 7.691525583367048299e-05
3.615070253282125700e-04 -2.507603943786450209e-04 -2.910252770320660557e-04 7.815421166556348921e-04 2.013575941637613890e-03 1.537323320433224279e-04
5.421404541778951456e-04 -3.760656875220177498e-04 -4.364493982807719644e-04 1.172214643428318853e-03 3.020051498787251678e-03 2.304512221898813548e-04
7.226938267358274217e-04 -5.013209551664514442e-04 -5.818144925044561053e-04 1.562821450058446068e-03 4.026318623840022259e-03 3.070719198405758477e-04
9.031671426794105713e-04 -6.265261301501869311e-04 -7.271205480588365314e-04 1.953362512192574531e-03 5.032377199525015637e-03 3.835944185698847127e-04
1.083560401677499761e-03 -7.516811452631404124e-04 -8.723675532919335143e-04 2.343837805457360188e-03 6.038227108545491349e-03 4.600187119595266247e-04
1.263873603389733136e-03 -8.767859332461552021e-04 -1.017555496544437577e-03 2.734247305459867015e-03 7.043868233579612254e-03 5.363447935975780741e-04
1.444106747467285455e-03 -1.001840426791099576e-03 -1.162684366149402014e-03 3.124590987787002807e-03 8.049300457280313126e-03 6.125726570793409457e-04
1.624259833551892733e-03 -1.126844558540776023e-03 -1.307754150432147806e-03 3.514868828005748586e-03 9.054523662273531240e-03 6.887022960068418884e-04
1.804332861276492905e-03 -1.251798261088462412e-03 -1.452764837710456827e-03 3.905080801662195403e-03 1.005953773116078330e-02 7.647337039882268423e-04
