0.000000000000000000e+00 0.000000000000000000e+00 0.000000000000000000e+00 0.000000000000000000e+00 0.000000000000000000e+00 0.000000000000000000e+00
1.433550583020850363e-03 4.736318368085637269e-03 -6.169868951107425684e-03 2.255798505303844605e-03 1.300075696703939694e-02 9.805797516104245923e-03
2.820052249762405178e-03 9.541496779861066355e-03 -1.236154902962494431e-02 4.498449217383620503e-03 2.603123661407012041e-02 1.959502014544037621e-02
4.156731698263992948e-03 1.441679247164858423e-02 -1.857352416991477767e-02 6.727313011536976625e-03 3.909273332424328951e-02 2.936701262956026987e-02
5.440611598407356364e-03 1.936342049690322267e-02 -2.480403209531358011e-02 8.941703074001947429e-03 5.218663477357735753e-02 3.912107410620799253e-02
6.668491478419377380e-03 2.438253822084357827e-02 -3.105102969926692297e-02 1.114088036832581660e-02 6.531443106902612428e-02 4.885645350488228289e-02
7.836926490230052000e-03 2.947522688046766426e-02 -3.731215337070288574e-02 1.332404860012483851e-02 7.847772497474353459e-02 5.857234435581254450e-02
8.942203791263101179e-03 3.464246973282739811e-02 -4.358467352409745726e-02 1.549034861879493644e-02 9.167824338497759795e-02 6.826787891535567032e-02
9.980316241145661960e-03 3.988512625992731570e-02 -4.986544250108235904e-02 1.763885218533749188e-02 1.049178502366237831e-01 7.794212148561413533e-02
1.094693306144696628e-02 4.520390184912249226e-02 -5.615083491058232151e-02 1.976855502310797402e-02 1.181985611026497573e-01 8.759406077026452020e-02
1.183736703787366049e-02 5.059931232933967404e-02 -6.243667936723176076e-02 2.187836905105376359e-02 1.315225597771209620e-01 9.722260105629502991e-02
