0.000000000000000000e+00 0.000000000000000000e+00 0.000000000000000000e+00 0.000000000000000000e+00
1.820587896306713124e-02 -1.820587896306832473e-02 1.839534970092406713e-02 7.727601688294111551e-03
3.318378482808034130e-02 -3.318378482846255639e-02 3.674575552915097798e-02 1.550014724959354953e-02
4.018040138629708213e-02 -4.018040140017444667e-02 5.501016441977545079e-02 2.335868973994729980e-02
3.502827356911402540e-02 -3.502827356911145107e-02 7.314148527531674771e-02 3.135032028132981458e-02
2.006931364125558864e-02 -2.006931364134285911e-02 9.112045456664785714e-02 3.949430237915931702e-02
1.816152953482523535e-04 -1.816152953448557650e-04 1.089701800448482916e-01 4.776752829012204105e-02
-2.139510132551852850e-02 2.139510132552231714e-02 1.267674622246303118e-01 5.609319749950157641e-02
-4.304733459007750729e-02 4.304733457435007404e-02 1.445622140055858318e-01 6.442139709546557125e-02
-6.414943627575711571e-02 6.414943627333005716e-02 1.623679409683094210e-01 7.273862154246851786e-02
-8.450628872380311352e-02 8.450628872380973322e-02 1.801841253806853449e-01 8.104538851094478247e-02
