0.000000000000000000e+00 0.000000000000000000e+00 0.000000000000000000e+00 0.000000000000000000e+00 0.000000000000000000e+00 0.000000000000000000e+00 0.000000000000000000e+00 0.000000000000000000e+00 0.000000000000000000e+00 0.000000000000000000e+00
1.802070389650429994e-03 5.079029599766573741e-04 -2.139793037706443730e-04 -7.802971317985136178e-04 -1.315696908601798713e-03 4.934452991436423172e-03 5.783769897518254398e-03 5.292725093254287833e-03 4.376096016910991163e-03 3.119551922731064221e-03
3.604989141991312221e-03 1.015392394238139474e-03 -4.284469714714660669e-04 -1.561103972273253544e-03 -2.630830586961269320e-03 9.872151709953945475e-03 1.156863608989845520e-02 1.058509311059016578e-02 8.750190724394134659e-03 6.237120199893909228e-03
5.408758460454726920e-03 1.522466281774528286e-03 -6.434040297122283186e-04 -2.342422179628315948e-03 -3.945398527297423741e-03 1.481310548377725092e-02 1.735460173174020043e-02 1.587710381046623931e-02 1.312227964553250303e-02 9.352697076089561828e-03
7.213380545430407575e-03 2.029122581363090871e-03 -8.588515034291670540e-04 -3.124253410977513752e-03 -5.259398206728054144e-03 1.975732366354109731e-02 2.314166999622889118e-02 2.116875696734497186e-02 1.749235828051473249e-02 1.246627475284812527e-02
9.018857599236818068e-03 2.535359234508865068e-03 -1.074790417971007144e-03 -3.906599320976759243e-03 -6.572827089071637055e-03 2.470481563029836014e-02 2.892984407348201184e-02 2.646005237016900088e-02 2.186042210832894392e-02 1.557784539106663382e-02
1.082519182600075874e-02 3.041174165292686010e-03 -1.291221799071790455e-03 -4.689461561652711122e-03 -7.885682624774995389e-03 2.965559079558679340e-02 3.471912717073704496e-02 3.175098982269607129e-02 2.622646658647467821e-02 1.868740111071438142e-02
1.263238543153510918e-02 3.546565280218181779e-03 -1.508146672821148978e-03 -5.472841782228347191e-03 -9.197962250842222492e-03 3.460965860149207984e-02 4.050952251253575609e-02 3.704156914383288646e-02 3.059048715067170382e-02 2.179493399053522920e-02
1.444044062321542601e-02 4.051530468058846257e-03 -1.725566065634627933e-03 -6.256741628947811058e-03 -1.050966339076299730e-02 3.956702852071387888e-02 4.630103334091883321e-02 4.233179016797627287e-02 3.495247921456393764e-02 2.490043606774945337e-02
1.624935960985651739e-02 4.556067599703271867e-03 -1.943481004223571087e-03 -7.041162744898839775e-03 -1.182078345444116663e-02 4.452771005662899823e-02 5.209366291561894069e-02 4.762165274535450771e-02 3.931243816941830393e-02 2.800389933775287651e-02
1.805914460158583937e-02 5.060174527999913505e-03 -2.161892515563954703e-03 -7.826106769834466348e-03 -1.313131983812402398e-02 4.949171274335219944e-02 5.788741451426165224e-02 5.291115674237309441e-02 4.367035938381826077e-02 3.110531575381472735e-02
