0.000000000000000000e+00 0.000000000000000000e+00 0.000000000000000000e+00 0.000000000000000000e+00 0.000000000000000000e+00 0.000000000000000000e+00
3.083255047971863376e-04 8.604479675236378368e-05 -8.038270154839579880e-04 8.723680521479457856e-04 1.144776747135465168e-03 2.828068749713316156e-03
6.138243093482874477e-04 1.728709306261981635e-04 -1.609341175144611731e-03 1.734223236303289667e-03 2.289420876784868577e-03 5.668022595247816306e-03
9.164625261217731501e-04 2.604884873212005543e-04 -2.416566198837400738e-03 2.585416336713494863e-03 3.433931028846409945e-03 8.520018546618855076e-03
1.216205614742307123e-03 3.489077316602805104e-04 -3.225526172151997346e-03 3.425795517636596055e-03 4.578305802225806145e-03 1.138421645712472778e-02
1.513018374383104901e-03 4.381391092813348366e-04 -4.036245548467496183e-03 4.255206293849065832e-03 5.722543754128291138e-03 1.426077906440541970e-02
1.806864927849357715e-03 5.281932506314682054e-04 -4.848749155699923728e-03 5.073491473180246139e-03 6.866643398750196456e-03 1.714987205533967732e-02
2.097708705203264485e-03 6.190809750634940732e-04 -5.663062203189139082e-03 5.880491097557738640e-03 8.010603205921821082e-03 2.005166413269200698e-02
2.385512426918006811e-03 7.108132950438139511e-04 -6.479210288727664177e-03 6.676042382515633838e-03 9.154421599709607754e-03 2.296632708356475747e-02
2.670238086541474633e-03 8.034014204703785952e-04 -7.297219405739307357e-03 7.459979655121936129e-03 1.029809695696231112e-02 2.589403584970624561e-02
2.951846932855533862e-03 8.968567631077370688e-04 -8.117115950605236288e-03 8.232134290275255548e-03 1.144162760581172826e-02 2.883496859974439899e-02
