0.000000000000000000e+00 0.000000000000000000e+00 0.000000000000000000e+00 0.000000000000000000e+00 0.000000000000000000e+00 0.000000000000000000e+00 0.000000000000000000e+00 0.000000000000000000e+00
6.177167255466811452e-04 8.006922996743273289e-05 -1.243203128060846395e-04 -4.612274447165065475e-04 2.103740984944907529e-03 1.265013694429294394e-03 1.083733302439925019e-03 1.485311157138153411e-03
1.235716071128477441e-03 1.599065018833399241e-04 -2.488072920061410874e-04 -9.213407472026050038e-04 4.211497406134034199e-03 2.530857483323546622e-03 2.166459547884030164e-03 2.967716781063375886e-03
1.854006054319008116e-03 2.395091584839806863e-04 -3.734633364909357403e-04 -1.380330419459235283e-03 6.323316110952990551e-03 3.797543308214999542e-03 3.248166601381283127e-03 4.447170965375745778e-03
2.472594829050003828e-03 3.188744950158978165e-04 -4.982908848140044826e-04 -1.838186809189808375e-03 8.439244762913520811e-03 5.065083316297422887e-03 4.328842116578065190e-03 5.923627008617290794e-03
3.091490688807852025e-03 3.979997581725206509e-04 -6.232924161218993163e-04 -2.294900096082091393e-03 1.055933186049972869e-02 6.333489865143432027e-03 5.408473530967915915e-03 7.397037396543239621e-03
3.710702069557145384e-03 4.768821450009314337e-04 -7.484704510080834134e-04 -2.750460288020068877e-03 1.268362675551961555e-02 7.602775527273919823e-03 6.487048061139826308e-03 8.867353784466430744e-03
4.330237552736836137e-03 5.555188017777115683e-04 -8.738275523861685793e-04 -3.204857217192536283e-03 1.481217967193941207e-02 8.872953094848664776e-03 7.564552697905482098e-03 1.033452697914077206e-02
4.950105868333983493e-03 6.339068228561774545e-04 -9.993663263876317784e-04 -3.658080536095851057e-03 1.694504172522176555e-02 1.014403558447517575e-02 8.640974201291673484e-03 1.179850692017157116e-02
5.570315898033059536e-03 7.120432494795256740e-04 -1.125089423280908711e-03 -4.110119713426528543e-03 1.908226494217776445e-02 1.141603624215332437e-02 9.716299095404348773e-03 1.325924266093131930e-02
6.190876678447248573e-03 7.899250685631873780e-04 -1.250999538415367880e-03 -4.560964029861501109e-03 2.122390228135291948e-02 1.268896854834162223e-02 1.079051366315160812e-02 1.471668234897289228e-02
