0.000000000000000000e+00 0.000000000000000000e+00 0.000000000000000000e+00 0.000000000000000000e+00 0.000000000000000000e+00 0.000000000000000000e+00 0.000000000000000000e+00 0.000000000000000000e+00 0.000000000000000000e+00 0.000000000000000000e+00
3.620598408607672157e-04 1.650916256340470871e-04 5.620932261460122900e-05 -1.135151866157550483e-04 -6.996184210400586620e-04 1.099668416690066609e-03 7.889433251991049070e-04 1.036315468883101725e-03 1.314742097038935301e-03 2.443685140437915331e-03
7.235037215515546316e-04 3.301387737976407659e-04 1.124742104994471450e-04 -2.269192002758018702e-04 -1.398969666318877801e-03 2.197754489957702995e-03 1.577225701205083822e-03 2.072524324532593141e-03 2.630009816687624638e-03 4.890057272298495988e-03
1.084330703589359620e-03 4.951412790475697139e-04 1.687947604105543176e-04 -3.402117525350530840e-04 -2.098053091824090329e-03 3.294251380473348350e-03 2.364845197134943320e-03 3.108626359339879651e-03 3.945804987167378028e-03 7.339124377085326327e-03
1.444539843625803873e-03 6.600989747302006549e-04 2.251710695405990579e-04 -4.533925531787537247e-04 -2.796868049462386974e-03 4.389152219063712813e-03 3.151799873099626718e-03 4.144621364315230136e-03 5.262129444908860559e-03 9.790894473122051592e-03
1.804130193423184730e-03 8.250116929837485701e-04 2.816032355249368548e-04 -5.664613102127872982e-04 -3.495413887094621017e-03 5.482450106488740392e-03 3.938087780139549153e-03 5.180509129094663587e-03 6.578985034647380319e-03 1.224537561592661979e-02
2.163100799816280312e-03 9.898792647286772800e-04 3.380913564438616219e-04 -6.794177298509529797e-04 -4.193689948503883519e-03 6.574138113271467930e-03 4.723706960169236913e-03 6.216289441925900230e-03 7.896373609471958946e-03 1.470257589843856037e-02
2.521450704671861394e-03 1.154701519659459509e-03 3.946355308256409896e-04 -7.922615165014294586e-04 -4.891695573363154421e-03 7.664209279522583851e-03 5.508655445921300207e-03 7.251962089664212505e-03 9.214297030876637817e-03 1.716250345125176074e-02
2.879178944849610476e-03 1.319478286234805620e-03 4.512358576495249926e-04 -9.049923727540935131e-04 -5.589430097203166789e-03 8.752656614769597360e-03 6.292931260887094785e-03 8.287526857755649415e-03 1.053275716881083533e-02 1.962516644284320599e-02
3.236284552160868973e-03 1.484209391669238281e-03 5.078924363488190787e-04 -1.017609999366838897e-03 -6.286892851379359028e-03 9.839473097779508071e-03 7.076532419260648729e-03 9.322983530232096042e-03 1.185175590172999650e-02 2.209057307980848150e-02
3.592766553328528237e-03 1.648894661923126261e-03 5.646053668134774122e-04 -1.130114095252664902e-03 -6.984083163038975854e-03 1.092465167638260320e-02 7.859456925881146833e-03 1.035833188969667411e-02 1.317129511664861044e-02 2.455873160709548877e-02
