0.000000000000000000e+00 0.000000000000000000e+00 0.000000000000000000e+00 0.000000000000000000e+00 0.000000000000000000e+00 0.000000000000000000e+00 0.000000000000000000e+00 0.000000000000000000e+00 0.000000000000000000e+00 0.000000000000000000e+00
5.955605262445999495e-04 1.143176019334239376e-03 8.014217087256450892e-04 -7.279945600278188607e-05 -2.467358798301801624e-03 4.260285121119740913e-04 2.414932453255806862e-03 5.396537006049518387e-03 7.906237639099443493e-03 7.546300501096826936e-03
1.189914715319422434e-03 2.285706867758969477e-03 1.603356058698799953e-03 -1.434520101627688145e-04 -4.935525631614501654e-03 8.496619999334347004e-04 4.827659083208254293e-03 1.079125876642451735e-02 1.581301360868054770e-02 1.509847876498000320e-02
1.783060679483050278e-03 3.427589373150422870e-03 2.405802359985803607e-03 -2.119526382278016149e-04 -7.404499774391376694e-03 1.270898279374614494e-03 7.238178262440856867e-03 1.618416081948884783e-02 2.372032499313766335e-02 2.265654598039795395e-02
2.374996517953152468e-03 4.568820345688858961e-03 3.208759897538026370e-03 -2.782963105658377290e-04 -9.874280450614163207e-03 1.689735143627503055e-03 9.646488345713310347e-03 2.157523868996883212e-02 3.162816896417678519e-02 3.022051330296706556e-02
2.965720316719827696e-03 5.709396577579223427e-03 4.012227930024411804e-03 -3.424779910821970988e-04 -1.234486683324109019e-02 2.106170362894397349e-03 1.205258766956275769e-02 2.696448788844640898e-02 3.953654278407551376e-02 3.779039185308819687e-02
3.555230148359176442e-03 6.849314842766142906e-03 4.816205688624100936e-03 -4.044926360200966180e-04 -1.481625804372910596e-02 2.520201684119072714e-03 1.445647455189338036e-02 3.235190391083401368e-02 4.744544380900430486e-02 4.536619271382952290e-02
4.143524071842995087e-03 7.988571896643665432e-03 5.620692375783881492e-03 -4.643351926333447871e-04 -1.728845315163704197e-02 2.931826830715203013e-03 1.685814729156459926e-02 3.773748223783172234e-02 5.535486949240123189e-02 5.294792692878069751e-02
4.730600132347234470e-03 9.127164475758384188e-03 6.425687163937612856e-03 -5.220005977291143628e-04 -1.976145117431385087e-02 3.341043502294446625e-03 1.925760416796355040e-02 4.312121833436894508e-02 6.326481738840436519e-02 6.053560549987566097e-02
5.316456361057846601e-03 1.026508929750685924e-02 7.231189194186775880e-03 -5.774837760714485874e-04 -2.223525107667977119e-02 3.747849374390766798e-03 2.165484344057536786e-02 4.850310764902715510e-02 7.117528515534445044e-02 6.812923938518310185e-02
5.901090774973329761e-03 1.140234305982840493e-02 8.037197574942745587e-03 -6.307796386392410318e-04 -2.470985177110491746e-02 4.152242098185062943e-03 2.404986334854314345e-02 5.388314561344755699e-02 7.908627055929107197e-02 7.572883949666710246e-02
