0.000000000000000000e+00 0.000000000000000000e+00 0.000000000000000000e+00 0.000000000000000000e+00
2.102351685221718822e-02 -2.102351685226167693e-02 1.267649746674631359e-02 1.324694140663225730e-02
3.635467036509017202e-02 -3.635467036761991233e-02 2.536372169388282152e-02 2.648315605020908070e-02
3.822921162662928918e-02 -3.822921163799044425e-02 3.806415275081761335e-02 3.970616385352108979e-02
2.486105033839700745e-02 -2.486105032857682806e-02 5.076978757782484725e-02 5.292396791159426767e-02
3.469583022940106454e-03 -3.469583022941813422e-03 6.346339656889818381e-02 6.615379779443766872e-02
-2.059963959530474592e-02 2.059963959528651745e-02 7.614187593371792018e-02 7.939875730229410677e-02
-4.502467991528861374e-02 4.502467991540529124e-02 8.882472930734029715e-02 9.263934280114927144e-02
-6.887751887099982651e-02 6.887751887096335568e-02 1.015219493369322462e-01 1.058655616444331982e-01
-9.186960855008891036e-02 9.186960855009312921e-02 1.142319353684515815e-01 1.190790144855484456e-01
-1.139661922529793953e-01 1.139661922263431881e-01 1.269503279829974352e-01 1.322840607409418723e-01
