0.000000000000000000e+00 0.000000000000000000e+00 0.000000000000000000e+00 0.000000000000000000e+00 0.000000000000000000e+00 0.000000000000000000e+00 0.000000000000000000e+00 0.000000000000000000e+00
5.246563862473756354e-04 1.419101378186374989e-04 -1.381407409611347089e-04 -5.315274956690498129e-04 1.641031944318306537e-03 1.126835401490667828e-03 1.138634049606209895e-03 1.659611817446934650e-03
1.048977579081109435e-03 2.838229454472743782e-04 -2.762817608833755857e-04 -1.062714446458799811e-03 3.282419467505646570e-03 2.253651916869516686e-03 2.277257784930769666e-03 3.319583855541972852e-03
1.572963415806312697e-03 4.257384399362363616e-04 -4.144230715994830423e-04 -1.593560681942262367e-03 4.924162471354509400e-03 3.380449604022438617e-03 3.415871277052057522e-03 4.979915977766606952e-03
2.096613733710433764e-03 5.676566383586978664e-04 -5.525646849516991635e-04 -2.124066031687877124e-03 6.566260857277145084e-03 4.507228520916811698e-03 4.554474597156756531e-03 6.640608047080602538e-03
2.619928370066019595e-03 7.095775578113263987e-04 -6.907066127928940345e-04 -2.654230325261775023e-03 8.208714526320177313e-03 5.633988725606785958e-03 5.693067816545026479e-03 8.301659925933176781e-03
3.142907162130480388e-03 8.515012154142681880e-04 -8.288488669863324203e-04 -3.184053392227515281e-03 9.851523379160989982e-03 6.760730276231638643e-03 6.831651006630917386e-03 9.963071476261388393e-03
3.665549947146082201e-03 9.934276283114628226e-04 -9.669914594056901918e-04 -3.713535062146650252e-03 1.149468731610888729e-02 7.887453231019003405e-03 7.970224238941378547e-03 1.162484255949036704e-02
4.187856562339735758e-03 1.135356813670063093e-03 -1.105134401934764572e-03 -4.242675164578246436e-03 1.313820623710361402e-02 9.014157648282922208e-03 9.108787585118615152e-03 1.328697303653121609e-02
4.709826844923528134e-03 1.277288788681168021e-03 -1.243277706468209334e-03 -4.771473529079355014e-03 1.478208004171535292e-02 1.014084358642382971e-02 1.024734111691876295e-02 1.494946276778107326e-02
5.231460632094307728e-03 1.419223570559526981e-03 -1.381421384911090929e-03 -5.299929985205182291e-03 1.642630862914372034e-02 1.126751110392988295e-02 1.138588490621183016e-02 1.661231161312120078e-02
