0.000000000000000000e+00 0.000000000000000000e+00 0.000000000000000000e+00 0.000000000000000000e+00 0.000000000000000000e+00 0.000000000000000000e+00 0.000000000000000000e+00 0.000000000000000000e+00 0.000000000000000000e+00 0.000000000000000000e+00
1.677120044706447138e-03 1.080751352906543852e-03 -4.605342637046969329e-04 -1.218676220530313112e-03 -1.078660919425140354e-03 3.328584854630994763e-03 6.462527416376221724e-03 6.938091527813015046e-03 4.496540871605612597e-03 1.915057677297368104e-03
3.354280699997027639e-03 2.162408876676317690e-03 -9.216981873503241485e-04 -2.437963493714674634e-03 -2.157027901795403706e-03 6.656165957817712642e-03 1.292587268299097425e-02 1.387730958741548865e-02 8.992911665226603971e-03 3.829344789337840900e-03
5.031481054200486955e-03 3.244974252890298408e-03 -1.383491611449037383e-03 -3.657863142276241483e-03 -3.235100559696932766e-03 9.982741741515052322e-03 1.939003660025675341e-02 2.081765477284334281e-02 1.348911305802398368e-02 5.742860845198234990e-03
6.708720182461757990e-03 4.328449136130924080e-03 -1.845914326404710700e-03 -4.878376491691649441e-03 -4.312878506976781760e-03 1.330831061792260746e-02 2.585501997481738992e-02 2.775912767922981278e-02 1.798514573006637987e-02 7.655605350835063480e-03
8.385997149019863359e-03 5.412835148344645984e-03 -2.308966075308433938e-03 -6.099504869391170550e-03 -5.390361359299333972e-03 1.663287098238019901e-02 3.232082361879586030e-02 3.470172891194771292e-02 2.248101036500780442e-02 9.567577809756588891e-03
1.006331100721429353e-02 6.498133877009212335e-03 -2.772646552334082689e-03 -7.321249604485324802e-03 -6.467548734197310634e-03 1.995642121301056948e-02 3.878744834968169547e-02 4.164545908728944229e-02 2.697670764987040309e-02 1.147877772303681869e-02
1.174066079949918559e-02 7.584346873241644416e-03 -3.236955401097746290e-03 -8.543612027478695442e-03 -7.544440251121565730e-03 2.327895967036154937e-02 4.525489499020145245e-02 4.859031883316623085e-02 3.147223827481415714e-02 1.338920458932901965e-02
1.341804555746553204e-02 8.671475649847517481e-03 -3.701892212980077181e-03 -9.766593469969140490e-03 -8.621035531490430642e-03 2.660048469704452689e-02 5.172316436818080732e-02 5.553630878983421837e-02 3.596760293290117427e-02 1.529885790487791296e-02
1.509546430187364702e-02 9.759521679308508918e-03 -4.167456525412586640e-03 -1.099019526433288145e-02 -9.697334198737838848e-03 2.992099461736839189e-02 5.819225731639215971e-02 6.248342961064339007e-02 4.046280231984935444e-02 1.720773716353404120e-02
1.677291604269313258e-02 1.084848639170909318e-02 -4.633647820128344863e-03 -1.221441874339466646e-02 -1.077333587836079923e-02 3.324048773697631243e-02 6.466217467239132599e-02 6.943168196280864735e-02 4.495783713377719815e-02 1.911584185676437966e-02
