0.000000000000000000e+00 0.000000000000000000e+00 0.000000000000000000e+00 0.000000000000000000e+00 0.000000000000000000e+00 0.000000000000000000e+00 0.000000000000000000e+00 0.000000000000000000e+00
4.243058824252875011e-04 1.235432290424076727e-04 -7.233463867582955111e-05 -6.056946914015154046e-04 1.354626253166296354e-03 1.016462046340953522e-03 1.226189027987439548e-03 2.070139366636893942e-03
8.473783458801834121e-04 2.472979522417145717e-04 -1.443966935839480106e-04 -1.211854526518467336e-03 2.705634532643925658e-03 2.031739087447103232e-03 2.453401124094074879e-03 4.144915224616430374e-03
1.269205994708109096e-03 3.712670209519591835e-04 -2.161829482945110429e-04 -1.818489157180934023e-03 4.052970450546198797e-03 3.045816647650510280e-03 3.681650499512881865e-03 6.224383160435490413e-03
1.689777238546380511e-03 4.954533318445795672e-04 -2.876901300661002022e-04 -2.425608391521583921e-03 5.396578701163084156e-03 4.058680005149297061e-03 4.910951603537284590e-03 8.308599707988499269e-03
2.109080288331695047e-03 6.198598278707078075e-04 -3.589149087050704456e-04 -3.033222197279119604e-03 6.736403042229217701e-03 5.070314186954579666e-03 6.141319128561976287e-03 1.039762236886337086e-02
2.527103151929943614e-03 7.444894991880357223e-04 -4.298538953027705115e-04 -3.641340704983767832e-03 8.072386275252949744e-03 6.080703963538644508e-03 7.372768015190034156e-03 1.249150963297071364e-02
2.943833629647935220e-03 8.693453841127436656e-04 -5.005036409394355472e-04 -4.249974211219809984e-03 9.404470225350488113e-03 7.089833843344297420e-03 8.605313457459819876e-03 1.459032099971256310e-02
3.359259309626660105e-03 9.944305700911530276e-04 -5.708606353542578860e-04 -4.859133181965043582e-03 1.073259572056598637e-02 8.097688067157219477e-03 9.838970908213125199e-03 1.669411699968561744e-02
3.773367563110988955e-03 1.119748194697667764e-03 -6.409213055788374330e-04 -5.468828256012335694e-03 1.205670257067068679e-02 9.104250602328643055e-03 1.107375608459368679e-02 1.880295921695425768e-02
4.186145539592716486e-03 1.245301446655124869e-03 -7.106820145356446301e-04 -6.079070248471468013e-03 1.337672954541547880e-02 1.010950513684945838e-02 1.230968497368854428e-02 2.091691031189243932e-02
