0.000000000000000000e+00 0.000000000000000000e+00 0.000000000000000000e+00 0.000000000000000000e+00 0.000000000000000000e+00 0.000000000000000000e+00 0.000000000000000000e+00 0.000000000000000000e+00 0.000000000000000000e+00 0.000000000000000000e+00
1.625714582367081534e-03 5.907945885618855978e-04 1.274313533292646163e-06 -5.942872715943875884e-04 -1.623496206407043681e-03 4.303253115620599839e-03 5.443334887283427480e-03 5.604161804544958297e-03 5.449985734894150814e-03 4.303176346656099362e-03
3.251622359686636397e-03 1.181444548357350440e-03 2.569244483612183327e-06 -1.188548728321823416e-03 -3.247087417679022509e-03 8.607284057549836193e-03 1.088626092036629016e-02 1.120783202150549100e-02 1.089949719010755401e-02 8.606949578684750315e-03
4.877723666650778458e-03 1.771949448461349746e-03 3.885296765167691249e-06 -1.782785337417185610e-03 -4.870773067866525884e-03 1.291209418624933089e-02 1.632877759086278843e-02 1.681101033015748245e-02 1.634853388422187817e-02 1.291131965593268933e-02
6.504018830132543734e-03 2.362308848331472373e-03 5.222978140724705842e-06 -2.376998069534111066e-03 -6.494552580409328896e-03 1.721768485444286415e-02 2.177088438970614659e-02 2.241369642779213883e-02 2.179709533437045044e-02 1.721628652031814005e-02
8.130508173391837179e-03 2.952522300427129313e-03 6.582797848952038483e-06 -2.971187894056377243e-03 -8.118425370881926159e-03 2.152405741321372634e-02 2.721258080663971693e-02 2.801589002833552999e-02 2.724518105687903993e-02 2.152185010076287236e-02
9.757192015979111732e-03 3.542589350108391131e-03 7.965266449255206313e-06 -3.565355778785626786e-03 -9.742390846951847275e-03 2.583121321191063358e-02 3.265386633018367568e-02 3.361759086277001790e-02 3.269279056718890630e-02 2.582801031297316322e-02
1.138407067363796446e-02 4.132509535533865873e-03 9.370895662013170591e-06 -4.159502689622788379e-03 -1.136644840834139664e-02 3.013915359804843208e-02 3.809474044760307460e-02 3.921879867956097609e-02 3.813992337978316938e-02 3.013476705922174537e-02
1.301114445820741698e-02 4.722282387558637481e-03 1.080019820385007961e-05 -4.753629590238598983e-03 -1.299059744679025193e-02 3.444787991720617282e-02 4.353520264487521774e-02 4.481951324508970380e-02 4.358657900810590513e-02 3.444212022812627449e-02
1.463841367752390966e-02 5.311907429629791205e-03 1.225368761916716467e-05 -5.347737441737594397e-03 -1.461483734602210365e-02 3.875739351292650098e-02 4.897525240665755175e-02 5.041973434409327548e-02 4.903275696448435722e-02 3.875006969442309351e-02
1.626587863532116818e-02 5.901384177683059208e-03 1.373187810710212176e-05 -5.941827202312221883e-03 -1.623916748171245344e-02 4.306769572661021950e-02 5.441488921625398101e-02 5.601946178010930311e-02 5.447845676004620108e-02 4.305861531874183301e-02
