0.000000000000000000e+00 0.000000000000000000e+00 0.000000000000000000e+00 0.000000000000000000e+00 0.000000000000000000e+00 0.000000000000000000e+00
3.278878927302781156e-04 -2.325318366132405311e-05 -5.097178974819710365e-04 1.827650446017067354e-03 8.882936260881857046e-04 2.044192749338078798e-03
6.553867639012611384e-04 -4.647538871641269384e-05 -1.019043575825421709e-03 3.656014121156087732e-03 1.776399121932795361e-03 4.089029061947922587e-03
9.824959644489804269e-04 -6.966660722333647981e-05 -1.527976475227486820e-03 5.485091922233457234e-03 2.664316373611926893e-03 6.134509701099648618e-03
1.309214843312450855e-03 -9.282683125208597195e-05 -2.036516034279258185e-03 7.314884748757929586e-03 3.552045267173524392e-03 8.180635432482012345e-03
1.635542747417097643e-03 -1.159560528845750412e-04 -2.544661689947713690e-03 9.145393502969473287e-03 4.439585688642789726e-03 1.022740702426263963e-02
1.961479021664711171e-03 -1.390542642149641169e-04 -3.052412877568132319e-03 1.097661908985399573e-02 5.326937524020513084e-03 1.227482524710030859e-02
2.287023008923469609e-03 -1.621214573493220035e-04 -3.559769030835092680e-03 1.280856241715857581e-02 6.214100659283385009e-03 1.432289087415834078e-02
2.612174050017244346e-03 -1.851576244057358050e-04 -4.066729581794343434e-03 1.464122439540657683e-02 7.101074980383922236e-03 1.637160468111978004e-02
2.936931483715350157e-03 -2.081627575145894842e-04 -4.573293960833982666e-03 1.647460593791288952e-02 7.987860373249952919e-03 1.842096744619865778e-02
3.261294646722325517e-03 -2.311368488176538370e-04 -5.079461596676196691e-03 1.830870796079771615e-02 8.874456723785680012e-03 2.047097995015570437e-02
