0.000000000000000000e+00 0.000000000000000000e+00 0.000000000000000000e+00 0.000000000000000000e+00
1.332002209668300442e-02 -1.332002209668260023e-02 1.120294441588050825e-02 1.382517239378307575e-02
2.675212263699168133e-02 -2.675212263699106030e-02 2.240891929938982133e-02 2.764731431993719402e-02
4.029888867168340133e-02 -4.029888867168225641e-02 3.361805619830814107e-02 4.146629423068236980e-02
5.396299472472509962e-02 -5.396299472472343428e-02 4.483049255476274919e-02 5.528197468389136476e-02
6.774720400131109543e-02 -6.774720400130894438e-02 5.604637202371001020e-02 6.909421202460760969e-02
8.165436877585172115e-02 -8.165436877584908437e-02 6.726584477396284345e-02 8.290285608401834483e-02
9.568742961327313112e-02 -9.568742961326993923e-02 7.848906775009217851e-02 9.670774991755239081e-02
1.098494129411736187e-01 -1.098494129411697745e-01 8.971620486148851326e-02 1.105087296158197424e-01
1.241434262956801204e-01 -1.241434262956752910e-01 1.009474270460191392e-01 1.243056242409527751e-01
1.385726502806588489e-01 -1.385726502806526317e-01 1.121829121257926498e-01 1.380982559708427149e-01
