0.000000000000000000e+00 0.000000000000000000e+00 0.000000000000000000e+00 0.000000000000000000e+00 0.000000000000000000e+00 0.000000000000000000e+00
1.829284450226244122e-03 1.233324339046964601e-03 -3.062608789273048478e-03 3.368812559016654256e-03 9.295894693917301083e-03 9.195126440306950269e-03
3.651856349976999403e-03 2.482933304932906718e-03 -6.134789654909929973e-03 6.703952419588099509e-03 1.859051193205414967e-02 1.842520303483960106e-02
5.467588541874513798e-03 3.749077998296556063e-03 -9.216666540170958405e-03 1.000491695021406974e-02 2.788383733928313096e-02 2.769074679022537691e-02
7.276351224392756459e-03 5.032014421853240292e-03 -1.230836564624604272e-02 1.327119357175347847e-02 3.717585631005545371e-02 3.699228489115480301e-02
9.078011882653582582e-03 6.332003595118731315e-03 -1.541001547777241104e-02 1.650225950966505498e-02 4.646655400341032777e-02 4.633035495312914920e-02
1.087243521701206951e-02 7.649311672105862069e-03 -1.852174688911782663e-02 1.969758153886845553e-02 5.575591533775341169e-02 5.570550528282364189e-02
1.265948306934827627e-02 8.984210062072867098e-03 -2.164369313142101153e-02 2.285661572097509586e-02 6.504392498537284184e-02 6.511829514633828142e-02
1.443901434697666963e-02 1.033697555340116862e-02 -2.477598990037784693e-02 2.597880713362844124e-02 7.433056736668421094e-02 7.456929504561482513e-02
1.621088494408614092e-02 1.170789044067620070e-02 -2.791877538476222886e-02 2.906358959168380343e-02 8.361582664416851440e-02 8.405908700331607419e-02
1.797494766061293048e-02 1.309724265505581194e-02 -3.107219031566877884e-02 3.211038535995205945e-02 9.289968671598204664e-02 9.358826485647461779e-02
