0.000000000000000000e+00 0.000000000000000000e+00 0.000000000000000000e+00 0.000000000000000000e+00 0.000000000000000000e+00 0.000000000000000000e+00
2.540419566350083074e-03 2.590492845390008876e-04 -2.799468850889132426e-03 6.334915039602409016e-03 1.004043355413499275e-02 7.589054917451020996e-03
5.081895197031902414e-03 5.195319831840020369e-04 -5.601427180215878647e-03 1.266796455631645502e-02 2.007961730415186094e-02 1.518122516190881580e-02
7.624425390854101467e-03 7.814574653226039579e-04 -8.405882856176634735e-03 1.899913985758319712e-02 3.011754551224508913e-02 2.277652516373772362e-02
1.016800858809248018e-02 1.044835176903594239e-03 -1.121284376499610651e-02 2.532843212306602754e-02 4.015421253279438663e-02 3.037496938889412343e-02
1.271264316946937173e-02 1.309674639862077206e-03 -1.402231780933137391e-02 3.165583240117574026e-02 5.018961281762409493e-02 3.797657233714319541e-02
1.525832745516209066e-02 1.575985451476666615e-03 -1.683431290663869179e-02 3.798133160549340553e-02 6.022374092143725072e-02 4.558134854020083615e-02
1.780505970384492834e-02 1.843777283660811422e-03 -1.964883698750565996e-02 4.430492051108725349e-02 7.025659150743118753e-02 5.318931255980179074e-02
2.035283811176365892e-02 2.113059882186264175e-03 -2.246589799394981685e-02 5.062658975071623879e-02 8.028815935310743002e-02 6.080047898568527454e-02
2.290166081184771135e-02 2.383843065839347936e-03 -2.528550387768692745e-02 5.694632981092346419e-02 9.031843935627423270e-02 6.841486243350015928e-02
2.545152587285886767e-02 2.656136725511190969e-03 -2.810766259836989384e-02 6.326413102800716726e-02 1.003474265412630378e-01 7.603247754261589775e-02
