0.000000000000000000e+00 0.000000000000000000e+00 0.000000000000000000e+00 0.000000000000000000e+00 0.000000000000000000e+00 0.000000000000000000e+00
2.727346337400334084e-03 -4.317767600409541987e-04 -2.295569577359344703e-03 7.459879522385294733e-03 9.549069764035994501e-03 5.441549257278206070e-03
5.459265633537075703e-03 -8.695457154931065993e-04 -4.589719918043853528e-03 1.493272486440718090e-02 1.909726692154434941e-02 1.087100530144753316e-02
8.195805916210162009e-03 -1.313402369385057019e-03 -6.882403546825118651e-03 2.241873121881176462e-02 2.864458865057889492e-02 1.628817576170857317e-02
1.093701608408450404e-02 -1.763444136967929482e-03 -9.173571947116805278e-03 2.991809773156743624e-02 3.819103214395812990e-02 2.169286429927335183e-02
1.368294592635342644e-02 -2.219770392173506593e-03 -1.146317553417994413e-02 3.743102760348369223e-02 4.773659460952145439e-02 2.708487050549351211e-02
1.643364614294105797e-02 -2.682482515408829253e-03 -1.375116362753226601e-02 4.495772819499313511e-02 5.728127327033276373e-02 3.246398979687263597e-02
1.918916836527135433e-02 -3.151683942734900302e-03 -1.603748442253635081e-02 5.249841113422282213e-02 6.682506536482882287e-02 3.783001330684672425e-02
2.194956517761437534e-02 -3.627480216478941311e-03 -1.832208496113539933e-02 6.005329242846412646e-02 7.636796814690711976e-02 4.318272777422717951e-02
2.471489013903757984e-02 -4.109979037327380486e-03 -2.060491110171023404e-02 6.762259257917428712e-02 8.590997888594512077e-02 4.852191542817885228e-02
2.748519780597885945e-02 -4.599290317954991998e-03 -2.288590748802376770e-02 7.520653670064084140e-02 9.545109486674306642e-02 5.384735386961382597e-02
