0.000000000000000000e+00 0.000000000000000000e+00 0.000000000000000000e+00 0.000000000000000000e+00
5.215689510129087325e-03 -5.215689510128967629e-03 1.302493369606854898e-02 1.255209502626532594e-02
1.044006461177111530e-02 -1.044006461177100428e-02 2.605061348838565508e-02 2.510344395628213640e-02
1.567315363846023130e-02 -1.567315363846017925e-02 3.907704066221308337e-02 3.765404550478874957e-02
2.091498507268077858e-02 -2.091498507268066062e-02 5.210421648014061657e-02 5.020389840919496638e-02
2.616558754720740843e-02 -2.616558754720713434e-02 6.513214218481930273e-02 6.275300142685039106e-02
3.142498984785824234e-02 -3.142498984785788846e-02 7.816081900185109510e-02 7.530135333215241811e-02
3.669322091785459650e-02 -3.669322091785420792e-02 9.119024814282673808e-02 8.784895291351065005e-02
4.197030986399413743e-02 -4.197030986399367253e-02 1.042204308085079301e-01 1.003957989701633885e-01
4.725628596486705635e-02 -4.725628596486664001e-02 1.172513681921440454e-01 1.129418903088611342e-01
5.255117868137439141e-02 -5.255117868137389181e-02 1.302830614829227629e-01 1.254872257404164304e-01
