0.000000000000000000e+00 0.000000000000000000e+00 0.000000000000000000e+00 0.000000000000000000e+00 0.000000000000000000e+00 0.000000000000000000e+00 0.000000000000000000e+00 0.000000000000000000e+00
5.440405095368304553e-04 1.046799714118669394e-04 -1.028759687912676605e-04 -5.505679148347196591e-04 1.807789996390545993e-03 1.187751520904626202e-03 1.195117132577957391e-03 1.832946916794652142e-03
1.087628977906014184e-03 2.093424131056936712e-04 -2.057121768454418396e-04 -1.100762376463338939e-03 3.615956822734486473e-03 2.375365400944723544e-03 2.390196002204808632e-03 3.666636841259156548e-03
1.630764602803876084e-03 3.139874873164933658e-04 -3.085084828551682107e-04 -1.650583639992985428e-03 5.424497868429023484e-03 3.562840927411277826e-03 3.585237320582278404e-03 5.501072597749532243e-03
2.173446572489848815e-03 4.186153589509748491e-04 -4.112647428446332973e-04 -2.200031969563329658e-03 7.233410473708429267e-03 4.750177374871853569e-03 4.780241812145966974e-03 7.336257059560966076e-03
2.715674065555280774e-03 5.232261956555693365e-04 -5.139808101026545903e-04 -2.749107638578826302e-03 9.042691928460274212e-03 5.937374004864227547e-03 5.975210214381319884e-03 9.172193150142744084e-03
3.257446250711195507e-03 6.278201678757694545e-04 -6.166565351217543484e-04 -3.297810929916542184e-03 1.085233947109960108e-02 7.124430065606106657e-03 7.170143278115586466e-03 1.100888384422041462e-02
3.798762286571427844e-03 7.323974489195203465e-04 -7.192917655349606674e-04 -3.846142136141759201e-03 1.266235028741824302e-02 8.311344791693856329e-03 8.365041767818597040e-03 1.284633216895420330e-02
4.339621321428619935e-03 8.369582150196758436e-04 -8.218863460511989516e-04 -4.394101559727082475e-03 1.447272150939808190e-02 9.498117403796383848e-03 9.559906461907071579e-03 1.468454120512520909e-02
4.880022493024955416e-03 9.415026454006681159e-04 -9.244401183889919748e-04 -4.941689513279801452e-03 1.628345021399422304e-02 1.068474710833994430e-02 1.075473815306197435e-02 1.652351408835377872e-02
5.419964928316822056e-03 1.046030922345371180e-03 -1.026952921208485608e-03 -5.488906319773128976e-03 1.809453342188540453e-02 1.187123309718242370e-02 1.194953764854942563e-02 1.836325401035261706e-02
