0.000000000000000000e+00 0.000000000000000000e+00 0.000000000000000000e+00 0.000000000000000000e+00 0.000000000000000000e+00 0.000000000000000000e+00 0.000000000000000000e+00 0.000000000000000000e+00 0.000000000000000000e+00 0.000000000000000000e+00
1.527459089925118241e-03 2.261224337252172958e-04 2.437714646119208163e-04 1.465357145097679128e-04 -2.143888702772022911e-03 4.432543376008162700e-03 5.541785722509200499e-03 5.640736508617011716e-03 7.352326696486476305e-03 6.857566351618753046e-03
3.054695840407887445e-03 4.511734599973467167e-04 4.874953256772303085e-04 2.950603923257805704e-04 -4.288425018408217881e-03 8.864912755472804939e-03 1.108231016819568801e-02 1.127921607454727797e-02 1.470440582151763542e-02 1.371907249074675976e-02
4.581709787875398385e-03 6.751515638314879286e-04 7.311707041283165877e-04 4.455771282019370828e-04 -6.433609184037030262e-03 1.329710593840954976e-02 1.662157289705332858e-02 1.691543671967239357e-02 2.205623577538527030e-02 2.058452463519891765e-02
6.108500456620879343e-03 8.980552239441710752e-04 9.747967106505119571e-04 5.980890136219930726e-04 -8.579441404837361701e-03 1.772912069689083076e-02 2.215957347747038106e-02 2.254939646085674793e-02 2.940781501627969322e-02 2.745392896946169045e-02
7.635067358505115941e-03 1.119882912670037848e-03 1.218372445161369690e-03 7.525991372338413244e-04 -1.072592185357017919e-02 2.216095477455178389e-02 2.769631148646964011e-02 2.818109330956027753e-02 3.675914206233626275e-02 3.432729164328196525e-02
9.161409992655064616e-03 1.340633095877493807e-03 1.461896996272106335e-03 9.091105853386593529e-04 -1.287305067014324171e-02 2.659260588608649070e-02 3.323178650995544520e-02 3.381052527143729725e-02 4.411021549372514533e-02 4.120461877023488817e-02
1.068752784515797014e-02 1.560304232882038294e-03 1.705369440732150410e-03 1.067626442441335644e-03 -1.502082796121349470e-02 3.102407171673797134e-02 3.876599814296392138e-02 3.943769034592908840e-02 5.146103395478364428e-02 4.808591642626453000e-02
1.221342038875137051e-02 1.778894776359579103e-03 1.948788842856956881e-03 1.228149791860908870e-03 -1.716925379982869870e-02 3.545534992177972605e-02 4.429894598991750837e-02 4.506258652583861740e-02 5.881159615618645337e-02 5.497119064819651346e-02
1.373908708250949975e-02 1.996403172256092096e-03 2.192154253936439996e-03 1.390683716409004149e-03 -1.931832822511067582e-02 3.988643812598766103e-02 4.983062966488514822e-02 5.068521179689782635e-02 6.616190087716074253e-02 6.186044743222732928e-02
1.526452737152566089e-02 2.212827859696652518e-03 2.435464711627040747e-03 1.555231299134316077e-03 -2.146805124198355660e-02 4.431733392310575198e-02 5.536104879184467614e-02 5.630556413732272503e-02 7.351194696774372705e-02 6.875369273238142453e-02
