0.000000000000000000e+00 0.000000000000000000e+00 0.000000000000000000e+00 0.000000000000000000e+00 0.000000000000000000e+00 0.000000000000000000e+00 0.000000000000000000e+00 0.000000000000000000e+00
2.523907519556572066e-04 1.630942119547353596e-04 -5.831562049062822477e-05 -6.505527854999576011e-04 7.896000804424563009e-04 6.254889013758780161e-04 1.719159781831193588e-03 2.010673380321544371e-03
5.046683628088178197e-04 3.260944297671265887e-04 -1.166643888356595185e-04 -1.300616985257569856e-03 1.579243974639626524e-03 1.250807107047884276e-03 3.438518618095853362e-03 4.021934576538268961e-03
7.568328215002519729e-04 4.890005956215948656e-04 -1.750463692300209247e-04 -1.950192222188989110e-03 2.368931643467984093e-03 1.875954570552643749e-03 5.158076728976555489e-03 6.033783759725460522e-03
1.008884116967959012e-03 6.518126516736078577e-04 -2.334616260200844781e-04 -2.599278118832428278e-03 3.158663047737021723e-03 2.500931245434499621e-03 6.877834334928837473e-03 8.046221101189082389e-03
1.260822238147719845e-03 8.145305400499465442e-04 -2.919102237084447693e-04 -3.247874297347551082e-03 3.948438148189722940e-03 3.125737085247639203e-03 8.597791656694496118e-03 1.005924677249937088e-02
1.512647173972521061e-03 9.771542028486847244e-04 -3.503922269544655177e-04 -3.895980379514014241e-03 4.738256905503038588e-03 3.750372043557597714e-03 1.031794891530124492e-02 1.207286094549146933e-02
1.764358913372687104e-03 1.139683582139017822e-03 -4.089077005741311170e-04 -4.543595986730513368e-03 5.528119280286664279e-03 4.374836073938965196e-03 1.203830633206540157e-02 1.408706379226795299e-02
2.015957445276015357e-03 1.302118619961024687e-03 -4.674567095406682903e-04 -5.190720740012931371e-03 6.318025233083656225e-03 4.999129129976910904e-03 1.375886412859045511e-02 1.610185548519890361e-02
2.267442758607225370e-03 1.464459258325072474e-03 -5.260393189854301477e-04 -5.837354259993083813e-03 7.107974724369101570e-03 5.623251165266573114e-03 1.547962252676959340e-02 1.811723619692548817e-02
2.518814842288304504e-03 1.626705439212653651e-03 -5.846555941977644565e-04 -6.483496166917547543e-03 7.897967714551411625e-03 6.247202133411729023e-03 1.720058174878601881e-02 2.013320610035920777e-02
