0.000000000000000000e+00 0.000000000000000000e+00 0.000000000000000000e+00 0.000000000000000000e+00 0.000000000000000000e+00 0.000000000000000000e+00
9.702548592185153040e-05 1.589823642989253666e-04 -1.055089583481802745e-03 1.391560388096510501e-05 1.124388363031551472e-03 3.829932581204643308e-03
1.925282541585838516e-04 3.181377148854285441e-04 -2.109746105686035027e-03 2.222898199729646484e-05 2.248470660364503774e-03 7.667482788240005155e-03
2.865023842767484992e-04 4.774663825460820636e-04 -3.163964889133249244e-03 2.491923361899543564e-05 3.372245090647199659e-03 1.151268025640879954e-02
3.789419086523226443e-04 6.369687001135014787e-04 -4.217741218694602903e-03 2.196535462757053816e-05 4.495709839297726447e-03 1.536555479111854916e-02
4.698408129302066721e-04 7.966450023062248862e-04 -5.271070341148700530e-03 1.334623895297480200e-05 5.618863078500541987e-03 1.922613636783140206e-02
5.591930355758684612e-04 9.564956257478258658e-04 -6.323947464848637783e-03 -9.593222124200436059e-07 6.741702967097183176e-03 2.309445513341937609e-02
6.469924674207304729e-04 1.116520908985819092e-03 -7.376367759385019270e-03 -2.097264121377094488e-05 7.864227650473412656e-03 2.697054140753657112e-02
7.332329512034331878e-04 1.276721192510037184e-03 -8.428326355245815277e-03 -4.671513473960954110e-05 8.986435260448059903e-03 3.085442568400392077e-02
8.179082811048811290e-04 1.437096818772734411e-03 -9.479818343472735595e-03 -7.820832463939114178e-05 1.010832391515941939e-02 3.474613863221046040e-02
9.010122022791903313e-04 1.597648132208057126e-03 -1.053083877531324833e-02 -1.154738387471624327e-04 1.122989171895082475e-02 3.864571109852702607e-02
