0.000000000000000000e+00 0.000000000000000000e+00 0.000000000000000000e+00 0.000000000000000000e+00 0.000000000000000000e+00 0.000000000000000000e+00 0.000000000000000000e+00 0.000000000000000000e+00
7.122474197536127270e-05 3.225052440578341124e-04 2.272375869678810583e-05 -1.033701190627546018e-03 -1.996108149584190891e-05 5.043949759836539436e-04 1.870567269773999643e-03 3.321928417895674696e-03
1.421608229214292227e-04 6.449286148461752912e-04 4.556711761295212544e-05 -2.066312560045946087e-03 -4.078280288836010900e-05 1.008388463311053404e-03 3.741589807413082166e-03 6.645878808363358051e-03
2.128082814044964519e-04 9.672702126763613314e-04 6.853030216214771591e-05 -3.097831893910119212e-03 -6.246502779148281181e-05 1.511980441219564148e-03 5.613069002666926620e-03 9.971848874917230848e-03
2.831671566971861185e-04 1.289530139498725608e-03 9.161353868586939470e-05 -4.128256977509655104e-03 -8.500761680805781666e-05 2.015170890288973775e-03 7.485006251952398826e-03 1.329983629274483596e-02
3.532374888092485094e-04 1.611708498926528454e-03 1.148170544278036357e-04 -5.157585595783106998e-03 -1.084104274839890714e-04 2.517959792519883222e-03 9.357402958393074011e-03 1.662983870855146151e-02
4.230193184890127336e-04 1.933805396248176878e-03 1.381410775409907090e-04 -6.185815533348451231e-03 -1.326733143099490344e-04 3.020347131334390461e-03 1.123026053187065401e-02 1.996185374037257737e-02
4.925126872245672548e-04 2.255820938438301854e-03 1.615858370949730695e-04 -7.212944574535442438e-03 -1.577961287218978376e-04 3.522332891582829247e-03 1.310358038907391207e-02 2.329587897738754493e-02
5.617176372447724554e-04 2.577755234170121812e-03 1.851515630822823152e-04 -8.238970503416450861e-03 -1.837787191060770409e-04 4.023917059545510135e-03 1.497736395355189765e-02 2.663191197972977417e-02
6.306342115204164505e-04 2.899608393826888769e-03 2.088384864258970475e-04 -9.263891103838694380e-03 -2.106209307986308386e-04 4.525099622935596644e-03 1.685161265576709533e-02 2.996995027829423355e-02
6.992624537652296834e-04 3.221380529514076933e-03 2.326468389859465613e-04 -1.028770415945659371e-02 -2.383226060886426659e-04 5.025880570905439174e-03 1.872632793314477767e-02 3.330999137454778575e-02
