0.000000000000000000e+00 0.000000000000000000e+00 0.000000000000000000e+00 0.000000000000000000e+00 0.000000000000000000e+00 0.000000000000000000e+00 0.000000000000000000e+00 0.000000000000000000e+00
4.907336541072082094e-04 8.395631592038592817e-05 -4.368036729359014997e-05 -3.030542775302502755e-04 2.341086105613041785e-03 1.672273488735438567e-03 1.542924918986576929e-03 1.630666288625724032e-03
9.809685006211214114e-04 1.679500207529436781e-04 -8.737708410692186702e-05 -6.057764119339234228e-04 4.683161452474619325e-03 3.344702752058210157e-03 3.085966262572560365e-03 3.261918461898946110e-03
1.470703682347212658e-03 2.519811498331453741e-04 -1.310901874870943652e-04 -9.081658940908534944e-04 7.026227242771892340e-03 5.017287820957529870e-03 4.629124015012357762e-03 4.893757243355651050e-03
1.959938339408713853e-03 3.360497386249858211e-04 -1.748197145950327182e-04 -1.210222213376615803e-03 9.370284682294508644e-03 6.690028726277431198e-03 6.172398160342382548e-03 6.526183358643483472e-03
2.448671609217817607e-03 4.201558227227263358e-04 -2.185657027064865786e-04 -1.511944857652564294e-03 1.171533498052336128e-02 8.362925498726643536e-03 7.715788682391283571e-03 8.159197535542969323e-03
2.936902626460815430e-03 5.042994378523650871e-04 -2.623281892123552426e-04 -1.813333313259567463e-03 1.406137935065144944e-02 1.003597816887850935e-02 9.259295564776582124e-03 9.792800503979504773e-03
3.424630523082439031e-03 5.884806198719406186e-04 -3.061072116195022105e-04 -2.114387065009786740e-03 1.640841900960508803e-02 1.170918676716884918e-02 1.080291879090534632e-02 1.142699299603385996e-02
3.911854428271024746e-03 6.726994047721458325e-04 -3.499028075506490439e-04 -2.415105596179350535e-03 1.875645517806742366e-02 1.338255132389806409e-02 1.234665834397327862e-02 1.306177574595457705e-02
4.398573468442737965e-03 7.569558286774188049e-04 -3.937150147455826784e-04 -2.715488388501656036e-03 2.110548908049868569e-02 1.505607186922816240e-02 1.389051420696381031e-02 1.469714949016869519e-02
4.884786767226626317e-03 8.412499278466329354e-04 -4.375438710609154359e-04 -3.015534922159105423e-03 2.345552194516039440e-02 1.672974843318335986e-02 1.543448636264767998e-02 1.633311496729223170e-02
