0.000000000000000000e+00 0.000000000000000000e+00 0.000000000000000000e+00 0.000000000000000000e+00
4.670762025809883922e-03 -4.670762025809894330e-03 1.265054846851668136e-02 1.023615879249261534e-02
9.348459932760365410e-03 -9.348459932760264796e-03 2.530540128787241855e-02 2.046801323414592852e-02
1.403311471448440845e-02 -1.403311471448432345e-02 3.796457350560569766e-02 3.069554827742181427e-02
1.872474747116965182e-02 -1.872474747116956856e-02 5.062808025334861184e-02 4.091874879068817250e-02
2.342337940929472076e-02 -2.342337940929461321e-02 6.329593675047533174e-02 5.113759955457067991e-02
2.812903184195852252e-02 -2.812903184195842538e-02 7.596815830795836111e-02 6.135208525809664887e-02
3.284172618987574177e-02 -3.284172618987566544e-02 8.864476033243037789e-02 7.156219049463409532e-02
3.756148398311767722e-02 -3.756148398311746212e-02 1.013257583304422726e-01 8.176789975763136542e-02
4.228832686368293875e-02 -4.228832686368274446e-02 1.140111679129163086e-01 9.196919743616648046e-02
4.702227658899493790e-02 -4.702227658899466728e-02 1.267010047997831901e-01 1.021660678103088055e-01
