0.000000000000000000e+00 0.000000000000000000e+00 0.000000000000000000e+00 0.000000000000000000e+00 0.000000000000000000e+00 0.000000000000000000e+00 0.000000000000000000e+00 0.000000000000000000e+00
8.590236937849808456e-04 1.970089665490653858e-03 1.540027461443865993e-04 -2.983116105420013930e-03 1.562515204359051380e-03 5.390570529446222017e-03 1.129103822300621743e-02 7.044602370427364632e-03
1.717394278511262355e-03 3.941823104488560714e-03 3.091842211873979326e-04 -5.968401604187113449e-03 3.124126017342980424e-03 1.078032690838844933e-02 2.258513998310205523e-02 1.408785974564431137e-02
2.575110209403434942e-03 5.915203704907177722e-03 4.655501846666930833e-04 -8.955864098977119048e-03 4.684831107180764675e-03 1.616927590847062543e-02 3.388230551522614098e-02 2.112976645083877031e-02
3.432169915456346684e-03 7.890234862902918700e-03 6.231064933804901160e-04 -1.194551127173937646e-02 6.244629108021478719e-03 2.155742440048902947e-02 4.518253497013544756e-02 2.817031683030892311e-02
4.288571799144178485e-03 9.866919983060103844e-03 7.818591014928251946e-04 -1.493735088369686596e-02 7.803518619463222644e-03 2.694477935646077613e-02 5.648582841105839053e-02 3.520950524921172275e-02
5.144314236143772597e-03 1.184526247861911359e-02 9.418140605132940477e-04 -1.793139077527584890e-02 9.361498206089986437e-03 3.233134785172788600e-02 6.779218581022576628e-02 4.224732609538917050e-02
5.999395575074282713e-03 1.382526577174527857e-02 1.102977519140238387e-03 -2.092763886595955941e-02 1.091856639702445605e-02 3.771713706709638181e-02 7.910160704527949282e-02 4.928377378127141162e-02
6.853814137254322231e-03 1.580693329384486381e-02 1.265355722960275972e-03 -2.392610315405898844e-02 1.247472168549683923e-02 4.310215429100751339e-02 9.041409189556122439e-02 5.631884274584486594e-02
7.707568216477895216e-03 1.779026848592310875e-02 1.428955013991799021e-03 -2.692679171639238145e-02 1.402996252842934020e-02 4.848640692173847994e-02 1.017296400382836780e-01 6.335252745669810170e-02
8.560656078810631453e-03 1.977527479899084464e-02 1.593781830063988741e-03 -2.992971270786502769e-02 1.558428734604032709e-02 5.386990246963013762e-02 1.130482510445861705e-01 7.038482241213152302e-02
