0.000000000000000000e+00 0.000000000000000000e+00 0.000000000000000000e+00 0.000000000000000000e+00
5.208497093660146996e-04 -5.691076562092153412e-04 1.272393945496967530e-03 1.322214610504892241e-03
1.041465676940159192e-03 -1.137993688696429433e-03 2.544735817256488404e-03 2.644296323506303750e-03
1.561847860273759669e-03 -1.706658063124383545e-03 3.817025509448305955e-03 3.966244908611410783e-03
2.081996216939380976e-03 -2.275100745218620272e-03 5.089262916191318771e-03 5.288060135375141461e-03
2.601910704533008135e-03 -2.843321700770481790e-03 6.361447931568025953e-03 6.609741773317985743e-03
3.121591280673014293e-03 -3.411320895637448558e-03 7.633580449622901463e-03 7.931289591922626586e-03
3.641037903001125443e-03 -3.979098295742662487e-03 8.905660364361462147e-03 9.252703360636051547e-03
4.160250529180746851e-03 -4.546653867075169803e-03 1.017768756975091261e-02 1.057398284886786922e-02
4.679229116897365079e-03 -5.113987575689255341e-03 1.144966195971888062e-02 1.189512782599211164e-02
5.197973623857964250e-03 -5.681099387704440819e-03 1.272158342815267809e-02 1.321613806134548132e-02
