0.000000000000000000e+00 0.000000000000000000e+00 0.000000000000000000e+00 0.000000000000000000e+00 0.000000000000000000e+00 0.000000000000000000e+00 0.000000000000000000e+00 0.000000000000000000e+00 0.000000000000000000e+00 0.000000000000000000e+00
3.046494776612838884e-04 -1.069418142407433433e-04 1.406352958307648983e-04 -2.864763028283258644e-04 -2.368854364700746480e-04 9.616405442339476641e-04 5.609333342678099422e-04 8.814535205604690036e-04 2.156558391646842387e-03 8.511841920739790643e-04
6.092145644343545732e-04 -2.138993996358349290e-04 2.811540178521330599e-04 -5.730370702821513916e-04 -4.735957856780409589e-04 1.923371557703098004e-03 1.121834689485977149e-03 1.762800464578431195e-03 4.313384861219952959e-03 1.702435456315665998e-03
9.136952298103253505e-04 -3.208727531347761014e-04 4.215561199790640243e-04 -8.596823969181198585e-04 -7.101310157046524440e-04 2.885193074298937534e-03 1.682704057320812520e-03 2.644040821613306749e-03 6.470479534320671376e-03 2.553753840721854733e-03
1.218091443253119027e-03 -4.278618716820918252e-04 5.618415561751036831e-04 -1.146412377525811042e-03 -9.464910946170346272e-04 3.847105127961168540e-03 2.243541429438691143e-03 3.525174581303739361e-03 8.627842536400941176e-03 3.405139393406508928e-03
1.522403174198952002e-03 -5.348667522176473810e-04 7.020102804545222180e-04 -1.433227107134369760e-03 -1.182675990469425229e-03 4.809107752680611379e-03 2.804346797507026225e-03 4.406201733371371658e-03 1.078547399280277604e-02 4.256592162601861677e-03
1.826630392056939091e-03 -6.418873916761066436e-04 8.420622468812065343e-04 -1.720126681013582539e-03 -1.418685671303192980e-03 5.771200982496592531e-03 3.365120153192717716e-03 5.287122267620816135e-03 1.294337402875968615e-02 5.108112196662450803e-03
2.130773066208194177e-03 -7.489237869873876640e-04 9.819974095687806614e-04 -2.007111194673793370e-03 -1.654520105146369078e-03 6.733384851500755566e-03 3.925861488164057028e-03 6.167936173938921157e-03 1.510154276939529826e-02 5.959699544061506510e-03
2.434831166006848173e-03 -8.559759350764148747e-04 1.121815722680832026e-03 -2.294180743867311328e-03 -1.890179260013446832e-03 7.695659393833715299e-03 4.486570794088799545e-03 7.048643442295944063e-03 1.725998033972290027e-02 6.811354253393673598e-03
2.738804660778694413e-03 -9.630438328636545774e-04 1.261517140430113261e-03 -2.581335424588205446e-03 -2.125663103904968688e-03 8.658024643687705843e-03 5.047248062636463563e-03 7.929244062743968230e-03 1.941868686464637977e-02 7.663076373372330885e-03
3.042693519822176583e-03 -1.070127477264123765e-03 1.401101617079054387e-03 -2.868575333074024035e-03 -2.360971604807415424e-03 9.620480635305862435e-03 5.607893285475537386e-03 8.809738025418945712e-03 2.157766246895945553e-02 8.514865952832940954e-03
