0.000000000000000000e+00 0.000000000000000000e+00 0.000000000000000000e+00 0.000000000000000000e+00
4.862612917538428579e-03 -4.862612917538427712e-03 1.585795474330981003e-02 7.848740664509088263e-03
9.732705569774822291e-03 -9.732705569774811882e-03 3.176936082776670583e-02 1.564402998787100749e-02
1.461027588285940607e-02 -1.461027588285936964e-02 4.773512304253175326e-02 2.338496318092468315e-02
1.949531981348017612e-02 -1.949531981348008591e-02 6.375616711424619831e-02 3.107061451702905833e-02
2.438783118922307688e-02 -2.438783118922319137e-02 7.983344031510426764e-02 3.870003672398920902e-02
2.928780154022872853e-02 -2.928780154022853771e-02 9.596791209059550576e-02 4.627226035631731849e-02
3.419521992214744066e-02 -3.419521992214737821e-02 1.121605747074812115e-01 5.378629314725015542e-02
3.911007273049413313e-02 -3.911007273049393884e-02 1.284124439225916292e-01 6.124111933995832896e-02
4.403234350660156782e-02 -4.403234350660141516e-02 1.447245596730133976e-01 6.863569899735535995e-02
4.896201273550384453e-02 -4.896201273550360167e-02 1.610979867882657013e-01 7.596896728992150183e-02
