0.000000000000000000e+00 0.000000000000000000e+00 0.000000000000000000e+00 0.000000000000000000e+00 0.000000000000000000e+00 0.000000000000000000e+00 0.000000000000000000e+00 0.000000000000000000e+00
5.049307781956038823e-04 1.871233813692938148e-04 -1.282069269554125595e-04 -3.852513651362579551e-04 1.131080516923190903e-03 1.420606012128379286e-03 1.681835878438169875e-03 5.435507739411908233e-04
1.009791397960068445e-03 3.743218317592493624e-04 -2.564948073975039039e-04 -7.704231380942848199e-04 2.262070387911787467e-03 2.841348714737281130e-03 3.363934944335480754e-03 1.086883451666812968e-03
1.514581885270314607e-03 5.615953940229629314e-04 -3.848637010897049994e-04 -1.155515280251156454e-03 3.392969329369336946e-03 4.262228162517509716e-03 5.046297479166285578e-03 1.629997843156728247e-03
2.019302266158708951e-03 7.489441110614594851e-04 -5.133136678605775471e-04 -1.540527752910861997e-03 4.523777057307447509e-03 5.683244410070642863e-03 6.728923764786442011e-03 2.172893758230359101e-03
2.523952566714523279e-03 9.363680258247469943e-04 -6.418447676051605624e-04 -1.925460517304635692e-03 5.654493287348946740e-03 7.104397511913823106e-03 8.411814083447842483e-03 2.715571006550148835e-03
3.028532813084634789e-03 1.123867181311675274e-03 -7.704570602849663630e-04 -2.310313534591277966e-03 6.785117734728413758e-03 8.525687522479445668e-03 1.009496871779763660e-02 3.258029397619606471e-03
3.533043031473326583e-03 1.311441620570685763e-03 -8.991506059281520902e-04 -2.695086765856788760e-03 7.915650114290951472e-03 9.947114496116469043e-03 1.177838795088019877e-02 3.800268740784014734e-03
4.037483248142131539e-03 1.499091386699064185e-03 -1.027925464629544754e-03 -3.079780172114101461e-03 9.046090140490382903e-03 1.136867848708762903e-02 1.346207206613783160e-02 4.342288845228440761e-03
4.541853489410033543e-03 1.686816522843605269e-03 -1.156781696551099307e-03 -3.464393714303104586e-03 1.017643752739135453e-02 1.279037954957128187e-02 1.514602134741246595e-02 4.884089519980550249e-03
5.046153781653054185e-03 1.874617072200691469e-03 -1.285719361922166336e-03 -3.848927353290234124e-03 1.130669198866553378e-02 1.421221773766015960e-02 1.683023607894557419e-02 5.425670573907034368e-03
