0.000000000000000000e+00 0.000000000000000000e+00 0.000000000000000000e+00 0.000000000000000000e+00 0.000000000000000000e+00 0.000000000000000000e+00
2.752239085383676766e-03 1.217400976065957218e-04 -2.873979182990211989e-03 6.825864173143555112e-03 1.057551046254824600e-02 7.512394826393736791e-03
5.506342502616984498e-03 2.438415277070467464e-04 -5.750184030323939738e-03 1.365163596957570322e-02 2.115018449000365466e-02 1.502571846459145773e-02
8.262314908715024872e-03 3.663050165124558284e-04 -8.628619925227403939e-03 2.047731881099566775e-02 3.172401414361464972e-02 2.253997543164605946e-02
1.102016097575911520e-02 4.891312633550620043e-04 -1.150929223911388403e-02 2.730291611780616065e-02 4.229699148438532952e-02 3.005517024614998839e-02
1.377988538974290328e-02 6.123209388744883189e-04 -1.439220632861711556e-02 3.412843130654632379e-02 5.286910857782288475e-02 3.757130742605775675e-02
1.654149284938970926e-02 7.358746831188298088e-04 -1.727736753250823376e-02 4.095386778717585025e-02 6.344035749897096454e-02 4.508839148636577254e-02
1.930498806493949338e-02 8.597931035565602176e-04 -2.016478116849568236e-02 4.777922896020602578e-02 7.401073033774081822e-02 5.260642693665088659e-02
2.207037575690627695e-02 9.840767729968205937e-04 -2.305445252990252075e-02 5.460451821366918423e-02 8.458021920456501586e-02 6.012541827844902070e-02
2.483766065480434715e-02 1.108726227416564729e-03 -2.594638688222031600e-02 6.142973891991265062e-02 9.514881623638969665e-02 6.764537000246623188e-02
2.760684749584452202e-02 1.233741963691401423e-03 -2.884058945953535749e-02 6.825489443221446906e-02 1.057165136030291108e-01 7.516628658561043397e-02
