0.000000000000000000e+00 0.000000000000000000e+00 0.000000000000000000e+00 0.000000000000000000e+00 0.000000000000000000e+00 0.000000000000000000e+00 0.000000000000000000e+00 0.000000000000000000e+00
5.838183783236800548e-04 -6.798617895309291349e-05 4.224591645329934327e-05 -4.836169090878825270e-04 2.259165872587632837e-03 9.859190943483089279e-04 8.857954783923399416e-04 1.849033056216634789e-03
1.167116116784550506e-03 -1.361206358890832422e-04 8.467961592907944778e-05 -9.668085139619725810e-04 4.519624677535919594e-03 1.971534421810882277e-03 1.771292002580668584e-03 3.698699221896919846e-03
1.749892506795365076e-03 -2.044035101999815748e-04 1.273013729170156469e-04 -1.449574439805716500e-03 6.781377907805509475e-03 2.956845534237144153e-03 2.656489214518449604e-03 5.548998617817096392e-03
2.332146838440216779e-03 -2.728349419545101706e-04 1.701114630611263068e-04 -1.931914311209360652e-03 9.044427060028377083e-03 3.941851982103678452e-03 3.541386754962907394e-03 7.399931363548013091e-03
2.913878400471205631e-03 -3.414150719062352215e-04 2.131101631699396071e-04 -2.413827752167303168e-03 1.130877363455923441e-02 4.926553314512446650e-03 4.425984263470910882e-03 9.251497577452956131e-03
3.495086480305634787e-03 -4.101440414981148220e-04 2.562977512250650671e-04 -2.895314386074804899e-03 1.357441913549599366e-02 5.910949079182379814e-03 5.310281378390901107e-03 1.110369737667707760e-02
4.075770364021202331e-03 -4.790219928690701021e-04 2.996745063887270568e-04 -3.376373835725911873e-03 1.584136507070124308e-02 6.895038822441545458e-03 6.194277736855988321e-03 1.295653087713692989e-02
4.655929336351879999e-03 -5.480490688589003496e-04 3.432407090129602949e-04 -3.857005723309929034e-03 1.810961295182087621e-02 7.878822089219300953e-03 7.077972974774681195e-03 1.480999819351097764e-02
5.235562680683848724e-03 -6.172254130146285741e-04 3.869966406473580455e-04 -4.337209670409937490e-03 2.037916429430669182e-02 8.862298423038730139e-03 7.961366726823767073e-03 1.666409943922910961e-02
5.814669679051401655e-03 -6.865511695958375704e-04 4.309425840474847679e-04 -4.816985297998762142e-03 2.265002061743669193e-02 9.845467366007307902e-03 8.844458626440449348e-03 1.851883472646069506e-02
