0.000000000000000000e+00 0.000000000000000000e+00 0.000000000000000000e+00 0.000000000000000000e+00 0.000000000000000000e+00 0.000000000000000000e+00 0.000000000000000000e+00 0.000000000000000000e+00 0.000000000000000000e+00 0.000000000000000000e+00
1.548116826499996903e-03 6.756022377325525841e-04 1.364112325616055718e-04 -4.941273543887674848e-04 -1.866002932720811896e-03 3.931405190790204611e-03 5.404924470401931136e-03 5.996036360620739594e-03 6.341969521777441818e-03 5.110546095342008259e-03
3.094174223676441834e-03 1.352234995108102158e-03 2.746308379106140399e-04 -9.866742848804008377e-04 -3.734365761954299909e-03 7.855394586142074032e-03 1.080321870750125361e-02 1.199151536741428423e-02 1.268963512373261909e-02 1.022999948823501842e-02
4.638135087748055177e-03 2.029918360956770029e-03 4.146881710231969855e-04 -1.477617582785921381e-03 -5.605124026902559564e-03 1.177183480794218549e-02 1.619478143933084785e-02 1.798643618371389974e-02 1.904309693249747401e-02 1.535849554363097162e-02
6.179961524080993321e-03 2.708672821767680455e-03 5.566132084633063689e-04 -1.966933530197799429e-03 -7.478314013890652312e-03 1.568058962764117339e-02 2.157950923804823409e-02 2.398079795713424500e-02 2.540245721744819468e-02 2.049617250093181339e-02
7.719614827871480213e-03 3.388519273359546363e-03 7.004365663988809491e-04 -2.454597881544822585e-03 -9.353972775672882156e-03 1.958151989229565959e-02 2.695729646661889842e-02 2.997459982036992238e-02 3.176782044461211318e-02 2.564317155139302778e-02
9.257055462520057121e-03 4.069479031116990039e-03 8.461895177044021464e-04 -2.940585849068140783e-03 -1.123213815166791349e-02 2.347448344649485930e-02 3.232803521948687114e-02 3.596784089048439548e-02 3.813929333545660466e-02 3.079963691745056867e-02
1.079224303730434015e-02 4.751573840540132543e-03 9.939040096125038165e-04 -3.424872087817358232e-03 -1.311284878883636762e-02 2.735933505177869790e-02 3.769161526132587536e-02 4.196052026815820513e-02 4.451698492757376335e-02 3.596571593461887761e-02
1.232513628432613424e-02 5.434825888119198742e-03 1.143612681934528825e-03 -3.907430680148639597e-03 -1.499614416322573272e-02 3.123592630345195867e-02 4.304792396379283209e-02 4.795263703690209878e-02 5.090100663733386488e-02 4.114155913605357234e-02
1.385569303470415674e-02 6.119257812547428989e-03 1.295348885875729529e-03 -4.388235119708741930e-03 -1.688206460220481597e-02 3.510410554469699934e-02 4.839684624022005943e-02 5.394419026223021968e-02 5.729147232458080968e-02 4.632732033988270354e-02
1.538387019398096585e-02 6.804892716282262555e-03 1.449146703461509644e-03 -4.867258294880965307e-03 -1.877065130741722987e-02 3.896371777787751428e-02 5.373826447815329560e-02 5.993517899078930344e-02 6.368849835945353255e-02 5.152315673941252477e-02
