0.000000000000000000e+00 0.000000000000000000e+00 0.000000000000000000e+00 0.000000000000000000e+00 0.000000000000000000e+00 0.000000000000000000e+00
6.763867704614464444e-04 -4.021344391168891813e-05 -4.351128883881422702e-04 2.319697401839684262e-03 1.077161180644819506e-03 1.358740471428991538e-03
1.352449730753596882e-03 -8.046264154682112300e-05 -8.696894552340126913e-04 4.641485520582963771e-03 2.154245169820556867e-03 2.716569467789089858e-03
2.028188298387985540e-03 -1.207476376990490309e-04 -1.303729192782908559e-03 6.965369653613170432e-03 3.231251911644551604e-03 4.073482463637469360e-03
2.703601887977788876e-03 -1.610684773243682873e-04 -1.737231591649353313e-03 9.291355119880431376e-03 4.308181349680121133e-03 5.429474915432943964e-03
3.378689911260743337e-03 -2.014252055434250844e-04 -2.170196140803110595e-03 1.161944726012196366e-02 5.385033426941810905e-03 6.784542261403818907e-03
4.053451777078962391e-03 -2.418178676428362319e-04 -2.602622327556942255e-03 1.394965143697864292e-02 6.461808085891295253e-03 8.138679921453494462e-03
4.727886891358805063e-03 -2.822465090759148807e-04 -3.034509637553687265e-03 1.628197303511250832e-02 7.538505268432495882e-03 9.491883297074508660e-03
5.401994657091519457e-03 -3.227111754636993908e-04 -3.465857554753403943e-03 1.861641746132726427e-02 8.615124915908420333e-03 1.084414777125409027e-02
6.075774474312101679e-03 -3.632119125955750663e-04 -3.896665561420336547e-03 2.095299014468449128e-02 9.691666969095086986e-03 1.219546870838347612e-02
6.749225740079450170e-03 -4.037487664307974058e-04 -4.326933138109884461e-03 2.329169653662713918e-02 1.076813136819869919e-02 1.354584145416594734e-02
