0.000000000000000000e+00 0.000000000000000000e+00 0.000000000000000000e+00 0.000000000000000000e+00 0.000000000000000000e+00 0.000000000000000000e+00 0.000000000000000000e+00 0.000000000000000000e+00
5.403518454133428512e-04 1.139105786004647664e-04 -1.337694771634906040e-04 -4.670121443289084644e-04 1.788318678341243098e-03 1.041027605421941020e-03 9.607738278848766992e-04 1.496026337768958979e-03
1.080414825386887987e-03 2.278597916211398840e-04 -2.675905299959331586e-04 -9.336944522415118125e-04 3.577480949526261507e-03 2.082076097355654333e-03 1.921436708315776799e-03 2.992139181488542073e-03
1.620188660735872102e-03 3.418477594005709590e-04 -4.014632738355863287e-04 -1.400046760467200772e-03 5.367487813084477130e-03 3.123145674814362290e-03 2.881988578006239050e-03 4.488337662071084817e-03
2.159673071663821119e-03 4.558746025224249035e-04 -5.353878242117371790e-04 -1.866068905850743831e-03 7.158340270712219150e-03 4.164236537334982911e-03 3.842429373541432665e-03 5.984620907695943973e-03
2.698867777758860546e-03 5.699404418161763174e-04 -6.693642968418632476e-04 -2.331760725358430868e-03 8.950039326272930459e-03 5.205348884975830731e-03 4.802759031390154559e-03 7.480988043822143878e-03
3.237772497992154764e-03 6.840453983581334680e-04 -8.033928076334991356e-04 -2.797122056078417060e-03 1.074258598580402589e-02 6.246482918319183099e-03 5.762977487900907900e-03 8.977438193184405016e-03
3.776386950714918315e-03 7.981895934718877738e-04 -9.374734726838939531e-04 -3.262152735221803511e-03 1.253598125752054294e-02 7.287638838471402480e-03 6.723084679304812752e-03 1.047397047578369628e-02
4.314710853656467809e-03 9.123731487292204142e-04 -1.071606408280228540e-03 -3.726852600123828785e-03 1.433022615182405306e-02 8.328816847065732831e-03 7.683080541712805807e-03 1.197058400887925436e-02
4.852743923921356596e-03 1.026596185950385794e-03 -1.205791730901195798e-03 -4.191221488244268982e-03 1.612532168130660984e-02 9.370017146263141805e-03 8.642965011116793966e-03 1.346727790698079748e-02
5.390485877987255363e-03 1.140858827205739473e-03 -1.340029557216305175e-03 -4.655259237168449943e-03 1.792126886075691428e-02 1.041123993875397134e-02 9.602738023388944846e-03 1.496405128184219967e-02
