0.000000000000000000e+00 0.000000000000000000e+00 0.000000000000000000e+00 0.000000000000000000e+00 0.000000000000000000e+00 0.000000000000000000e+00 0.000000000000000000e+00 0.000000000000000000e+00
1.192501990073267971e-04 3.838766247081853641e-04 -6.191313212775524460e-05 -1.030616209926270418e-03 7.395979586364962886e-05 6.751975326702441696e-04 1.955652089404122558e-03 3.265237818692543273e-03
2.381877030747270199e-04 7.677143383118351051e-04 -1.237738518637049919e-04 -2.060151680268377736e-03 1.469576080640922649e-04 1.350015585071067531e-03 3.911766935184151153e-03 6.532460284882157277e-03
3.568125373045399700e-04 1.151513175080026924e-03 -1.855820139918752849e-04 -3.088604304628129148e-03 2.189934688654787860e-04 2.024453956857803338e-03 5.868345697994805689e-03 9.801666040703453306e-03
4.751247270593768964e-04 1.535273170334706385e-03 -2.473374727982876426e-04 -4.115971975420823492e-03 2.900674127344158985e-04 2.698512448375529546e-03 7.825389543293969144e-03 1.307285370865784307e-02
5.931242979877029758e-04 1.918994360469238915e-03 -3.090400820880679061e-04 -5.142252583894856011e-03 3.601794763758413027e-04 3.372190860708677244e-03 9.782899641379787237e-03 1.634602189155693816e-02
7.108112760251842580e-04 2.302676782957013054e-03 -3.706896951827534322e-04 -6.167444020148244409e-03 4.293296987320611925e-04 4.045488995685941544e-03 1.174087716742445650e-02 1.962116917239863437e-02
8.281856873944184582e-04 2.686320476358849789e-03 -4.322861649185631141e-04 -7.191544173145618737e-03 4.975181209789711605e-04 4.718406655884848679e-03 1.369932330150439546e-02 2.289829411424439479e-02
9.452475586065867390e-04 3.069925480331581191e-03 -4.938293436446411630e-04 -8.214550930735507045e-03 5.647447865279172849e-04 5.390943644635216338e-03 1.565823922863510825e-02 2.617739526009220039e-02
1.061996916461569775e-03 3.453491835635917606e-03 -5.553190832209005216e-04 -9.236462179666761474e-03 6.310097410210371502e-04 6.063099766024585523e-03 1.761762613880187359e-02 2.945847113275082071e-02
1.178433788049058949e-03 3.837019584144810321e-03 -6.167552350166492347e-04 -1.025727580560744333e-02 6.963130323303322582e-04 6.734874824901411136e-03 1.957748522699278085e-02 3.274152023471313400e-02
