0.000000000000000000e+00 0.000000000000000000e+00 0.000000000000000000e+00 0.000000000000000000e+00 0.000000000000000000e+00 0.000000000000000000e+00 0.000000000000000000e+00 0.000000000000000000e+00 0.000000000000000000e+00 0.000000000000000000e+00
2.764863745137555607e-04 2.299149033567582747e-04 -2.041448805547019512e-04 -1.653757893645059918e-04 -5.010034005254429956e-06 4.645813078046896034e-04 1.900814256718663274e-03 1.834212148930373671e-03 1.115928412913752804e-04 2.340532478698141144e-05
5.528805367778117123e-04 4.597888597934728918e-04 -4.082386344321122093e-04 -3.307083782146976033e-04 -1.001213724787730034e-05 9.290665878227929216e-04 3.801688901140061992e-03 3.668455243103898276e-03 2.231484272950215214e-04 4.679934698319871479e-05
8.291825119698205187e-04 6.896218575484832497e-04 -6.122812413791829190e-04 -4.959977719132633179e-04 -1.500631149330866885e-05 1.393455837988060927e-03 5.702623944449817378e-03 5.502729272256934485e-03 3.346667630029622007e-04 7.018206845905737904e-05
1.105392325290053320e-03 9.194138849159491124e-04 -8.162726811866957482e-04 -6.612439758373054362e-04 -1.999255850955165050e-05 1.857749056275916771e-03 7.603619397794397078e-03 7.337034226095504388e-03 4.461478534160355763e-04 9.355349108853633572e-05
1.381510001963522733e-03 1.149164930249231857e-03 -1.020212933691145608e-03 -8.264469953792899460e-04 -2.497088006710396639e-05 2.321946240704658975e-03 9.504675272316584836e-03 9.171370094328976791e-03 5.575917035437357155e-04 1.169136167502119605e-04
1.657535567239743369e-03 1.378874981960950038e-03 -1.224101978775552586e-03 -9.916068359470044547e-04 -2.994127793854986093e-05 2.786047389335698059e-03 1.140579157915452835e-02 1.100573686666986815e-02 6.689983184038496939e-04 1.402624473259219567e-04
1.933469046392578741e-03 1.608544028522872595e-03 -1.427939796368678932e-03 -1.156723502963040700e-03 -3.490375389959676355e-05 3.250052500275041681e-03 1.330696832944187544e-02 1.284013453283221022e-02 7.803677030229474922e-04 1.635999847020311543e-04
2.209310464720450409e-03 1.838172058465439634e-03 -1.631726366445820746e-03 -1.321797001865479982e-03 -3.985830972770941917e-05 3.713961571670331731e-03 1.520820553430821814e-02 1.467456308253352500e-02 8.916998624363991263e-04 1.869262307699705891e-04
2.485059847545842068e-03 2.067759060378580784e-03 -1.835461669027805198e-03 -1.486827338107459808e-03 -4.480494720343748368e-05 4.177774601714107777e-03 1.710950320487952467e-02 1.650902250549435291e-02 1.002994801688127232e-03 2.102411874236225018e-04
2.760717220215577750e-03 2.297305022910671544e-03 -2.039145684181253772e-03 -1.651814517156917697e-03 -4.974366810942232694e-05 4.641491588640614743e-03 1.901086135227635088e-02 1.834351279143719635e-02 1.114252525830589828e-03 2.335448565617263047e-04
