0.000000000000000000e+00 0.000000000000000000e+00 0.000000000000000000e+00 0.000000000000000000e+00
4.321446610244261428e-04 -4.228195261903256374e-04 9.695929718063966626e-04 1.070493293698083917e-03
8.640126764595419673e-04 -8.454062232967090749e-04 1.938888557906307247e-03 2.140929064866266187e-03
1.295604069229673539e-03 -1.267760115791054416e-03 2.907886368337576303e-03 3.211307167546060843e-03
1.726918862317884445e-03 -1.689881228202480632e-03 3.876586013003777750e-03 4.281627455733859160e-03
2.157957078768095623e-03 -2.111769585118937996e-03 4.844987101679291974e-03 5.351889783392291440e-03
2.588718741684030433e-03 -2.533425211187064537e-03 5.813089244009347900e-03 6.422094004446946870e-03
3.019203874228867934e-03 -2.954848131111679609e-03 6.780892049509143482e-03 7.492239972786553931e-03
3.449412499624435365e-03 -3.376038369655881468e-03 7.748395127560456057e-03 8.562327542262085714e-03
3.879344641150970704e-03 -3.796995951640623132e-03 8.715598087413041831e-03 9.632356566687257787e-03
4.309000322146146894e-03 -4.217720901944474292e-03 9.682500538181686850e-03 1.070232689983627826e-02
