0.000000000000000000e+00 0.000000000000000000e+00 0.000000000000000000e+00 0.000000000000000000e+00 0.000000000000000000e+00 0.000000000000000000e+00 0.000000000000000000e+00 0.000000000000000000e+00
2.241693004214075600e-03 2.043591203872586332e-03 -2.139013300467854095e-03 -2.146270907618928834e-03 3.568937689203341423e-03 1.120224910622708014e-02 1.102469998233847510e-02 3.434278465902093624e-03
4.482767884452056213e-03 4.091615259409029683e-03 -4.282570733344303118e-03 -4.291812410516637061e-03 7.134731107787275692e-03 2.240769497369634808e-02 2.205246954272152907e-02 6.865434863137552003e-03
6.723218570132495457e-03 6.144096428166539482e-03 -6.430694440082013186e-03 -6.436620558216810985e-03 1.069737694823871300e-02 3.361634087664758241e-02 3.308331122047088874e-02 1.029346668565689002e-02
8.963038912870677916e-03 8.201059278822423609e-03 -8.583406819769835369e-03 -8.580691371922979926e-03 1.425687184746425237e-02 4.482819015201607027e-02 4.411722754871714308e-02 1.371837142648786416e-02
1.120222268652405241e-02 1.026252869017457540e-02 -1.074073053326596999e-02 -1.072402084343239761e-02 1.781321238480514449e-02 5.604324620090589404e-02 5.515422105574759731e-02 1.714014657689775373e-02
1.344076358737592708e-02 1.232852985400896897e-02 -1.290268850737376002e-02 -1.286660493401071276e-02 2.136639508001614979e-02 6.726151249001419141e-02 6.619429426653755666e-02 2.055878962545985150e-02
1.567865523446881904e-02 1.439908827781189588e-02 -1.506930393904874071e-02 -1.500843957323166368e-02 2.491641639120767415e-02 7.848299255299452659e-02 7.723744970447796176e-02 2.397429805701876970e-02
1.791589117010053411e-02 1.647422978730377421e-02 -1.724060029962424384e-02 -1.714952065777964468e-02 2.846327271275149451e-02 8.970768999175875169e-02 8.828368989331233929e-02 2.738666935154780019e-02
2.015246486049423330e-02 1.855398052876520293e-02 -1.941660133903755706e-02 -1.928984405022143508e-02 3.200696037314929715e-02 1.009356084777043722e-01 9.933301735930068210e-02 3.079590098288747385e-02
2.238836969665896140e-02 2.063836697112435975e-02 -2.159733109003742629e-02 -2.142940557774538485e-02 3.554747563286675405e-02 1.121667517528623370e-01 1.103854346336220205e-01 3.420199041736163292e-02
