0.000000000000000000e+00 0.000000000000000000e+00 0.000000000000000000e+00 0.000000000000000000e+00
5.237481171959828749e-03 -5.237481171959839157e-03 1.096230550715683941e-02 1.176106666658264036e-02
1.048516407282091417e-02 -1.048516407282099397e-02 2.192510516530261216e-02 2.352163918217654859e-02
1.574308941368974049e-02 -1.574308941368975437e-02 3.288840351642569049e-02 3.528171300479340800e-02
2.101129814628593592e-02 -2.101129814628594633e-02 4.385220514908896861e-02 4.704128354586971372e-02
2.628983145583426578e-02 -2.628983145583422415e-02 5.481651469744982380e-02 5.880034617124849788e-02
3.157873075368514137e-02 -3.157873075368496790e-02 6.578133683997638981e-02 7.055889620246116878e-02
3.687803766966703950e-02 -3.687803766966700481e-02 7.674667629784713563e-02 8.231692891833046477e-02
4.218779404417239559e-02 -4.218779404417229151e-02 8.771253783301173612e-02 9.407443955690528159e-02
4.750804191997380632e-02 -4.750804191997366061e-02 9.867892624590232642e-02 1.058314233177544000e-01
5.283882353376867513e-02 -5.283882353376857799e-02 1.096458463727703753e-01 1.175878753646255603e-01
