0.000000000000000000e+00 0.000000000000000000e+00 0.000000000000000000e+00 0.000000000000000000e+00 0.000000000000000000e+00 0.000000000000000000e+00 0.000000000000000000e+00 0.000000000000000000e+00 0.000000000000000000e+00 0.000000000000000000e+00
9.181221288485998154e-04 9.841738436733619370e-04 6.294449605243253873e-04 -1.888790991721632441e-04 -2.342861814771608590e-03 1.651344179149857828e-03 3.398111223531889713e-03 5.643753933312291651e-03 7.584472388702618792e-03 7.011044611080780725e-03
1.833748483043027297e-03 1.968949757618700634e-03 1.260753629050344457e-03 -3.754417157902029470e-04 -4.688010134445782032e-03 3.294578475381873886e-03 6.789887803193245946e-03 1.128652581975078846e-02 1.517415877460060944e-02 1.403230178857945744e-02
2.746867796756604328e-03 2.954327219125653468e-03 1.893933370282151283e-03 -5.596761594464491531e-04 -7.035452206852018352e-03 4.929670048415920290e-03 1.017530724051437380e-02 1.692831176538044449e-02 2.276907767094307061e-02 2.106381226195242970e-02
3.657468729932003386e-03 3.940305684230752635e-03 2.528991578527911739e-03 -7.415706796014037878e-04 -9.385195292816025589e-03 6.556585862596688713e-03 1.355434689762155705e-02 2.256910787536194757e-02 3.036924773729597626e-02 2.810561693999944280e-02
4.565539871013988768e-03 4.926884588880105567e-03 3.165935676289013869e-03 -9.211134452168203215e-04 -1.173724667026766061e-02 8.175292690474351975e-03 1.692698399993097444e-02 2.820891025362064555e-02 3.797468776848391542e-02 3.515775692600343200e-02
5.471069736272698471e-03 5.914063348671951340e-03 3.804773113774668081e-03 -1.098292543475153614e-03 -1.409161363410056482e-02 9.785757111056664695e-03 2.029319563480385877e-02 3.384771500309225606e-02 4.558541669716466294e-02 4.222027351800080458e-02
6.374046769117179198e-03 6.901841358596526310e-03 4.445511368395558063e-03 -1.273095978449022888e-03 -1.644830349605174921e-02 1.138794550803608543e-02 2.365295875018357322e-02 3.948551822596350902e-02 5.320145359648145028e-02 4.929320820902433065e-02
7.274459339401281865e-03 7.890217992772823735e-03 5.088157944236913754e-03 -1.445511669712025438e-03 -1.880732358460397366e-02 1.298182406800058204e-02 2.700625015321260827e-02 4.512231602391000851e-02 6.082281768279285128e-02 5.637660268730770169e-02
8.172295742718670847e-03 8.879192604182536627e-03 5.732720371506901808e-03 -1.615527450893195459e-03 -2.116868124491093003e-02 1.456735877861323886e-02 3.035304650883174568e-02 5.075810449833356719e-02 6.844952831848649666e-02 6.347049883645670965e-02
9.067544199688234996e-03 9.868764524401048982e-03 6.379206205963825968e-03 -1.783131068168006695e-03 -2.353238383874808187e-02 1.614451542677161969e-02 3.369332433835541679e-02 5.639287975059392027e-02 7.608160501487808147e-02 7.057493873558132180e-02
