0.000000000000000000e+00 0.000000000000000000e+00 0.000000000000000000e+00 0.000000000000000000e+00 0.000000000000000000e+00 0.000000000000000000e+00 0.000000000000000000e+00 0.000000000000000000e+00 0.000000000000000000e+00 0.000000000000000000e+00
4.186098304681832249e-04 4.070851112675363728e-04 -5.395676608265310753e-05 -4.196380998793155484e-04 -2.920050921144352407e-04 1.114692169167628066e-03 1.182194526536934839e-03 1.943561989074911065e-03 9.568315082279928944e-04 7.183006497456436313e-04
8.369491153952483961e-04 8.141853560455168930e-04 -1.079419756096207481e-04 -8.392516809835956363e-04 -5.838197371976412177e-04 2.229327047434481388e-03 2.364299348116759205e-03 3.887438975926239566e-03 1.913548420939545315e-03 1.436421878030670531e-03
1.255017853692419255e-03 1.221300716235396546e-03 -1.619556771644869227e-04 -1.258840687711435110e-03 -8.754439669766764113e-04 3.343904464916193624e-03 3.546314354923695532e-03 5.831631190444063612e-03 2.870150632207407650e-03 2.154363572662595580e-03
1.672816044361055991e-03 1.628431173744066289e-03 -2.159979194415246511e-04 -1.678405064428299502e-03 -1.166877813241234529e-03 4.458424251762911628e-03 4.728239436972573109e-03 7.776138862649607277e-03 3.826638035991572397e-03 2.872125621577390799e-03
2.090343686494151171e-03 2.035576710486207939e-03 -2.700687512474171832e-04 -2.097944755468297753e-03 -1.458121307844440417e-03 5.572886238165401449e-03 5.910074484114776448e-03 9.720962222715111636e-03 4.783010526144144611e-03 3.589707912843675356e-03
2.507600779275889931e-03 2.442737308384707474e-03 -3.241682215012311520e-04 -2.517459705134631343e-03 -1.749174482703160470e-03 6.687290254355483105e-03 7.091819386041197347e-03 1.166610150096596479e-02 5.739267996409520151e-03 4.307110334660265057e-03
2.924587321981544051e-03 2.849912949370323693e-03 -3.782963792351679792e-04 -2.936949857698802503e-03 -2.040037369797396017e-03 7.801636130605808968e-03 8.273474032278394646e-03 1.361155692788013245e-02 6.695410340423197174e-03 5.024332775360264985e-03
3.341303313977218251e-03 3.257103615382002642e-03 -4.324532735948204793e-04 -3.356415157401039864e-03 -2.330710001170320511e-03 8.915923697229157299e-03 9.455038312190982078e-03 1.555732873408856472e-02 7.651437451713300093e-03 5.741375123406461216e-03
3.757748754719783188e-03 3.664309288366199117e-03 -4.866389538393276837e-04 -3.775855548449961064e-03 -2.621192408928202551e-03 1.003015278458003513e-02 1.063651211498039054e-02 1.750341715037550053e-02 8.607349223699357899e-03 6.458237267394108076e-03
4.173923643756307332e-03 4.071529950278087069e-03 -5.408534693420965394e-04 -4.195270975022358934e-03 -2.911484625239887415e-03 1.114432322305142220e-02 1.181789532968440838e-02 1.944982240768006534e-02 9.563145549691291075e-03 7.174919096049914638e-03
