0.000000000000000000e+00 0.000000000000000000e+00 0.000000000000000000e+00 0.000000000000000000e+00 0.000000000000000000e+00 0.000000000000000000e+00 0.000000000000000000e+00 0.000000000000000000e+00
3.226874752881550741e-03 -3.510231850994224682e-03 3.364436992318531328e-03 -3.081079894205814018e-03 3.661375388267512892e-03 8.230964356747324726e-03 4.930029954263670522e-03 6.747745096923237970e-03
6.461154722235945731e-03 -7.039230739593942132e-03 6.749486698182012925e-03 -6.171410680823948870e-03 7.321640618444438808e-03 1.646406806312231824e-02 9.863482572949196572e-03 1.349103833788726364e-02
9.702872793754105385e-03 -1.058718882022022939e-02 1.015537140198815268e-02 -9.271055375522065101e-03 1.098078972519203611e-02 2.469932338878123163e-02 1.480041694458733570e-02 2.022981433004436905e-02
1.295206184887380887e-02 -1.415430177133805874e-02 1.358231748142497627e-02 -1.238007755896067437e-02 1.463881655360255683e-02 3.293674286536522888e-02 1.974089344764177675e-02 2.696400631819697441e-02
1.620875475168920971e-02 -1.774076889616854266e-02 1.703055552786694737e-02 -1.549854138338761268e-02 1.829571475516618070e-02 4.117633929249073232e-02 2.468497379628515828e-02 3.369354613706656426e-02
1.947298433483262564e-02 -2.134679322711646732e-02 2.050032047194695270e-02 -1.862651157966310755e-02 2.195147778396885560e-02 4.941812574363201038e-02 2.963272108832536861e-02 4.041836416128376241e-02
2.274478338422231821e-02 -2.497258163405048637e-02 2.399185171460250024e-02 -2.176405346477427311e-02 2.560609889317723084e-02 5.766211557185697140e-02 3.458419985542558056e-02 4.713838925295190524e-02
2.602418462255997808e-02 -2.861834493657403056e-02 2.750539326391697112e-02 -2.491123294990292558e-02 2.925957113184964389e-02 6.590832241536517810e-02 3.953947611577281890e-02 5.385354870662567572e-02
2.931122069144126777e-02 -3.228429802042517144e-02 3.104119387810037184e-02 -2.806811654911630857e-02 3.291188734214523653e-02 7.415676020278058611e-02 4.449861742936884329e-02 6.056376819152020641e-02
3.260592413192387601e-02 -3.597065995814724415e-02 3.459950721497716958e-02 -3.123477138875379103e-02 3.656304015698304266e-02 8.240744315813904042e-02 4.946169295613336847e-02 6.726897169076077876e-02
