0.000000000000000000e+00 0.000000000000000000e+00 0.000000000000000000e+00 0.000000000000000000e+00
1.051461614480271199e-04 -9.977487907293605858e-04 -2.100712967552194189e-05 3.087866257127724369e-03
2.100089487094688935e-04 -1.994508928329241475e-03 -4.290258280859201266e-05 6.177261515211864354e-03
3.145883584532006383e-04 -2.990278717184133989e-03 -6.568632432152637544e-05 9.268182809150133858e-03
4.188843876188779770e-04 -3.985056462559355243e-03 -8.935831732114011541e-05 1.236062714799258597e-02
5.228970334409018808e-04 -4.978840470625531603e-03 -1.139185230669129329e-04 1.545459151487272101e-02
6.266262934485854457e-04 -5.971629048488179617e-03 -1.393669009762839295e-04 1.855007286685858570e-02
7.300721654657912549e-04 -6.963420504215776449e-03 -1.657034086288590034e-04 2.164706813480664696e-02
8.332346476100235214e-04 -7.954213146869821768e-03 -1.929280017724864884e-04 2.474557422321344360e-02
9.361137382923219452e-04 -8.944005286534497182e-03 -2.210406343284082521e-04 2.784558801006482842e-02
1.038709436216727310e-03 -9.932795234345667343e-03 -2.500412583975057581e-04 3.094710634668685484e-02
