0.000000000000000000e+00 0.000000000000000000e+00 0.000000000000000000e+00 0.000000000000000000e+00 0.000000000000000000e+00 0.000000000000000000e+00 0.000000000000000000e+00 0.000000000000000000e+00
2.087124648423207586e-03 -1.162504924812122900e-03 1.800313684703575955e-03 -2.724933408314619658e-03 3.540348877969376907e-03 6.925040492709647749e-03 7.684471918234955096e-03 4.353330216551733016e-03
4.176817243575770867e-03 -2.333652099227284671e-03 3.612056085812950269e-03 -5.455221230161289882e-03 7.078632898790091464e-03 1.385149514863643315e-02 1.537225438435897013e-02 8.704000579145495381e-03
6.269086041209852474e-03 -3.513532396923674684e-03 5.435337390927996726e-03 -8.190891035214175817e-03 1.061484119081181586e-02 2.077936489323721492e-02 2.306337567878800551e-02 1.305199275356003046e-02
8.363939365607983914e-03 -4.702238231119837755e-03 7.270269576405486919e-03 -1.093197071089360185e-02 1.414896276595708005e-02 2.770865054125310270e-02 3.075786456679692471e-02 1.739728814785543309e-02
1.046138561008550134e-02 -5.899863594490153268e-03 9.116966456867294649e-03 -1.367848847246251609e-02 1.768098651674623531e-02 3.463935279233520265e-02 3.845575031359553531e-02 2.173986790465129090e-02
1.256143323750757296e-02 -7.106504100486502398e-03 1.097554373677270961e-02 -1.643047287379359456e-02 2.121090121324779518e-02 4.157147222643795687e-02 4.615706269997264799e-02 2.607971289313618102e-02
1.466409078082781155e-02 -8.322257026124522256e-03 1.284611906415887225e-02 -1.918795281886189613e-02 2.473869549995021122e-02 4.850500929897063468e-02 5.386183203853300849e-02 3.041680370080602352e-02
1.676936684365546576e-02 -9.547221356296566735e-03 1.472881208665994049e-02 -2.195095757401864869e-02 2.826435789255521761e-02 5.543996433568782606e-02 6.157008919054708651e-02 3.475112062493563442e-02
1.887727010085804222e-02 -1.078149782967511086e-02 1.662374450992306837e-02 -2.471951678110581932e-02 3.178787677469543937e-02 6.237633752730425973e-02 6.928186558343031598e-02 3.908264366376161536e-02
2.098780929921087446e-02 -1.202518898627643468e-02 1.853104015854636910e-02 -2.749366047148036479e-02 3.530924039456877217e-02 6.931412892381369484e-02 7.699719322888122497e-02 4.341135250739362739e-02
