0.000000000000000000e+00 0.000000000000000000e+00 0.000000000000000000e+00 0.000000000000000000e+00 0.000000000000000000e+00 0.000000000000000000e+00 0.000000000000000000e+00 0.000000000000000000e+00 0.000000000000000000e+00 0.000000000000000000e+00
9.906784532281243463e-04 1.669566574057709720e-03 6.405659102475141399e-04 -1.221730685503898302e-03 -2.079080257422786290e-03 1.007166176947407342e-03 3.086561667551956240e-03 6.088547145285738878e-03 6.266633398619148726e-03 4.542888993774230576e-03
1.980908528500162444e-03 3.340085173577711682e-03 1.282172592308944339e-03 -2.444656621749654278e-03 -4.158509678141306468e-03 2.012858677213792170e-03 6.172306612809589331e-03 1.217824851986307362e-02 1.253399630981004778e-02 9.086184631542214979e-03
2.970689987385192153e-03 5.011556503700934605e-03 1.924822546324581572e-03 -3.668782270605228102e-03 -6.238286772421842638e-03 3.017077454465548481e-03 9.257235816398746292e-03 1.826910453678799034e-02 1.880208960312958894e-02 1.362988470951250440e-02
3.960022591561172117e-03 6.683981265430589264e-03 2.568518261005501603e-03 -4.894112100811055625e-03 -8.318410022915974714e-03 4.019822461913261265e-03 1.234135025611281244e-02 2.436111562008967321e-02 2.507091416644804255e-02 1.817398698478008348e-02
4.948906102914135859e-03 8.357360156210630678e-03 3.213262210890041690e-03 -6.120650583545244293e-03 -1.039887789231404465e-02 5.021093652305101337e-03 1.542465090773569893e-02 3.045428220389054946e-02 3.134047090981066652e-02 2.271848918464572029e-02
5.937340283498818323e-03 1.003169386988675416e-02 3.859056855182610088e-03 -7.348402191167770388e-03 -1.247968882336070347e-02 6.020890977827879527e-03 1.850713874478213811e-02 3.654860473314933134e-02 3.761076076540824376e-02 2.726338900625762188e-02
6.925324895499647589e-03 1.170698309666799025e-02 4.505904636555335165e-03 -8.577371395922121777e-03 -1.456084123887853646e-02 7.019214390003797668e-03 2.158881473823176869e-02 4.264408366442791476e-02 4.388178468753056727e-02 3.180868411626263520e-02
7.912859701188162606e-03 1.338322852309202851e-02 5.153807979916292040e-03 -9.807562668589155097e-03 -1.664233354180299704e-02 8.016063839585399822e-03 2.466967985625750578e-02 4.874071946668603189e-02 5.015354365249108382e-02 3.635437215046204845e-02
8.899944462879954762e-03 1.506043083198916471e-02 5.802769291139360172e-03 -1.103898047709754235e-02 -1.872416411522607321e-02 9.011439276445858820e-03 2.774973506394804931e-02 5.483851262210266003e-02 5.642603865852934691e-02 4.090045071347507555e-02
9.886578942890578148e-03 1.673859070244901326e-02 6.452790955758885144e-03 -1.227162928508460787e-02 -2.080633132244929379e-02 1.000534064946504743e-02 3.082898132302507380e-02 6.093746362692704227e-02 6.269927072568756699e-02 4.544691737840842599e-02
