0.000000000000000000e+00 0.000000000000000000e+00 0.000000000000000000e+00 0.000000000000000000e+00
4.903638146928875410e-04 -5.905113098279532761e-04 1.608039419252645747e-03 2.007569219238292731e-03
9.802711145484163321e-04 -1.180691757994613462e-03 3.215925451266667817e-03 4.016359407883057786e-03
1.469721554321298069e-03 -1.770541117002180339e-03 4.823655779025220677e-03 6.026373214596732544e-03
1.958714788177067304e-03 -2.360059158801766730e-03 6.431228074868310107e-03 8.037613299342835985e-03
2.447250469680606246e-03 -2.949245654809407296e-03 8.038640000399338223e-03 1.005008233351726600e-02
2.935328251792675321e-03 -3.538100375901645066e-03 9.645889206425029352e-03 1.206378300001243430e-02
3.422947786864933423e-03 -4.126623092411484985e-03 1.125297333289765160e-02 1.407871799328154483e-02
3.910108726636637826e-03 -4.714813574124601149e-03 1.285989000885504399e-02 1.609489001940588374e-02
4.396810722230676434e-03 -5.302671590274915872e-03 1.446663685235988726e-02 1.811230179616096433e-02
4.883053424149227939e-03 -5.890196909540255932e-03 1.607321147044184564e-02 2.013095605308187416e-02
