0.000000000000000000e+00 0.000000000000000000e+00 0.000000000000000000e+00 0.000000000000000000e+00 0.000000000000000000e+00 0.000000000000000000e+00 0.000000000000000000e+00 0.000000000000000000e+00 0.000000000000000000e+00 0.000000000000000000e+00
9.946888913888369578e-04 7.459922044668998008e-04 4.817942594691546196e-04 -2.799623133406058768e-04 -1.942513045310083255e-03 2.176960596834009651e-03 3.537595359948699034e-03 5.012336492216190598e-03 6.334073651989465849e-03 5.559253819420533274e-03
1.988984381561411871e-03 1.491898835472772310e-03 9.639604728042113976e-04 -5.592922674475364186e-04 -3.885551425780507315e-03 4.352928637549539036e-03 7.074149712042659272e-03 1.002390816533118428e-02 1.266842935467741953e-02 1.112102395305475215e-02
2.982886062100813772e-03 2.237719497257632199e-03 1.446498967747114270e-03 -8.379897510923617300e-04 -5.829114779466060096e-03 6.527903228469031718e-03 1.060966307728281044e-02 1.503471368619921540e-02 1.900306634936854006e-02 1.668531338357770455e-02
3.976393521905442416e-03 2.983453788560602726e-03 1.929410064459601611e-03 -1.116054661790683890e-03 -7.773202716650680529e-03 8.701883469154216011e-03 1.414413547510348819e-02 2.004475171852412863e-02 2.533798390548369639e-02 2.225212505886736691e-02
4.969506347471269042e-03 3.729101302783957919e-03 2.412694074678962616e-03 -1.393486900974567726e-03 -9.717814827537253966e-03 1.087486845291501386e-02 1.767756692385160505e-02 2.505402092359499192e-02 3.167318132293907990e-02 2.782146190606370195e-02
5.962224122855789253e-03 4.474661627853305373e-03 2.896351301204858932e-03 -1.670286373441733042e-03 -1.166295068211104825e-02 1.304685726672189655e-02 2.120995744069219605e-02 3.006251996027839782e-02 3.800865793296154954e-02 3.339332683093584886e-02
6.954546429641577342e-03 5.220134346075089131e-03 3.380382037372332144e-03 -1.946452986768535363e-03 -1.360860983001966479e-02 1.521784899112287384e-02 2.474130704151615567e-02 3.507024748500967015e-02 4.434441309891559713e-02 3.896772271724627951e-02
7.946472846899640258e-03 5.965519033991233296e-03 3.864786566507332627e-03 -2.221986650686525074e-03 -1.555479180047030820e-02 1.738784270015494154e-02 2.827161574084285228e-02 4.007720215178512541e-02 5.068044621713598680e-02 4.454465242610691766e-02
8.938002951152053399e-03 6.710815262231156243e-03 4.349565161366681851e-03 -2.496887276421225904e-03 -1.750149610214560628e-02 1.955683746125753963e-02 3.180088355172176751e-02 4.508338261215760062e-02 5.701675671776557097e-02 5.012411879533242021e-02
9.929136316333832257e-03 7.456022595360840138e-03 4.834718083561326263e-03 -2.771154775991807769e-03 -1.944872222313847460e-02 2.172483233518402237e-02 3.532911048563285028e-02 5.008878751523121453e-02 6.335334406560298726e-02 5.570612463878802517e-02
