0.000000000000000000e+00 0.000000000000000000e+00 0.000000000000000000e+00 0.000000000000000000e+00 0.000000000000000000e+00 0.000000000000000000e+00 0.000000000000000000e+00 0.000000000000000000e+00 0.000000000000000000e+00 0.000000000000000000e+00
6.696313021371446891e-04 1.333058593327732190e-04 -2.966204065507130124e-05 -1.629969481810491345e-04 -4.831875516185331798e-04 2.298595014830470250e-03 1.293911525536383528e-03 1.128513528476086285e-03 1.001804934976479287e-03 1.553917781990176317e-03
1.338942085063187263e-03 2.665149523618629045e-04 -5.936756692736783311e-05 -3.259537139094331173e-04 -9.657598897347611892e-04 4.599232633620226572e-03 2.588175221137332255e-03 2.256925729777783246e-03 2.003113372787143111e-03 3.106970287794006205e-03
2.007932140699344135e-03 3.996271103957746082e-04 -8.911669589257604509e-05 -4.888702820374156389e-04 -1.447716222789923379e-03 6.901919261668450212e-03 3.882792739907168014e-03 3.385236541769644572e-03 3.003923646577361019e-03 4.659151528246027914e-03
2.676601259996266944e-03 5.326421636156968920e-04 -1.189095452571644343e-04 -6.517466370400068227e-04 -1.929055755836277079e-03 9.206661338783594592e-03 5.177765743794750589e-03 4.513445901785912914e-03 4.004234080433630855e-03 6.210455481869487163e-03
3.344949232978143127e-03 6.655599410672720980e-04 -1.487462333691067287e-04 -8.145827630223344447e-04 -2.409777690496977404e-03 1.151346533968313282e-02 6.473095903706657141e-03 5.641553746637268177e-03 5.004042989296628337e-03 7.760876094567976599e-03
4.012975848730774252e-03 7.983802706500324519e-04 -1.786268792219431151e-04 -9.773786437147393823e-04 -2.889881224937202071e-03 1.382233777424421439e-02 7.768784899571641936e-03 6.769560012607964139e-03 6.003348678897290312e-03 9.310407279403175654e-03
4.680680895391686573e-03 9.311029791090152767e-04 -2.085516024608330009e-04 -1.140134262469283616e-03 -3.369365553833844271e-03 1.613328518775240111e-02 9.064834420401646567e-03 7.897464635449250384e-03 7.002149445688057687e-03 1.085904291637396386e-02
5.348064160138122844e-03 1.063727892023821767e-03 -2.385205233864301293e-04 -1.302849602255730550e-03 -3.848229868344968298e-03 1.844631416115334946e-02 1.036124616435807853e-02 9.025267550374714565e-03 8.000443576778220114e-03 1.240677685218896653e-02
6.015125429175979983e-03 1.196254833800173981e-03 -2.685337629604229201e-04 -1.465524645657820995e-03 -4.326473356079310953e-03 2.076143131130829891e-02 1.165802183881342081e-02 1.015296869205556569e-02 8.998229349867560220e-03 1.395360290004075271e-02
6.681864487728357734e-03 1.328683627658754822e-03 -2.985914428103771936e-04 -1.628159374868710409e-03 -4.804095201065234320e-03 2.307864329124925326e-02 1.295516316041752519e-02 1.128056799461419658e-02 9.995505033176544860e-03 1.549951483937883276e-02
