0.000000000000000000e+00 0.000000000000000000e+00 0.000000000000000000e+00 0.000000000000000000e+00
4.872754687960425255e-04 -5.122532040716527542e-04 1.613719602125915321e-03 1.711763286799815494e-03
9.740945607724248081e-04 -1.024273357801971669e-03 3.227364619952243115e-03 3.424538076239065816e-03
1.460455766472054488e-03 -1.536061532067319697e-03 4.840928341082531561e-03 5.138331268766860652e-03
1.946357555815949811e-03 -2.047618817493634599e-03 6.454403944820090271e-03 6.853149873480355106e-03
2.431798377660507240e-03 -2.558946324887878630e-03 8.067784499887232022e-03 8.569001010448593081e-03
2.916776659376864572e-03 -3.070045185641117041e-03 9.681062962215627316e-03 1.028589191293839862e-02
3.401290806418986231e-03 -3.580916552139196737e-03 1.129423217268786875e-02 1.200382992968734332e-02
3.885339201882471484e-03 -4.091561598184994229e-03 1.290728485482063939e-02 1.372282252724036158e-02
4.368920206051326270e-03 -4.601981519429630164e-03 1.452021361239387229e-02 1.544287729233375338e-02
4.852032155934724381e-03 -5.112177533814560998e-03 1.613301092702109155e-02 1.716400193434665725e-02
