0.000000000000000000e+00 0.000000000000000000e+00 0.000000000000000000e+00 0.000000000000000000e+00
5.660897599448738281e-04 -6.000094071975086568e-04 1.923791168811773804e-03 2.051855096471408117e-03
1.131740837992696504e-03 -1.199547570890228346e-03 3.848200609494149566e-03 4.104514581687037159e-03
1.696952929575999778e-03 -1.798614076706747753e-03 5.773228440131428739e-03 6.157978856435290457e-03
2.261725729911700979e-03 -2.397208509806626666e-03 7.698874778431776152e-03 8.212248321649988012e-03
2.826058934002442877e-03 -2.995330454880180873e-03 9.625139741739532212e-03 1.026732337843049535e-02
3.389952236636341060e-03 -3.592979496147282598e-03 1.155202344703447175e-02 1.232320442804272706e-02
3.953405332386814366e-03 -4.190155217356572939e-03 1.347952601092979735e-02 1.437989187191791689e-02
4.516417915612168550e-03 -4.786857201784195520e-03 1.540764754967153573e-02 1.643738611165307742e-02
5.078989680455094080e-03 -5.383085032232514527e-03 1.733638817913677257e-02 1.849568754901097581e-02
5.641120320842623638e-03 -5.978838291029200079e-03 1.926574801483217636e-02 2.055479658592138104e-02
