0.000000000000000000e+00 0.000000000000000000e+00 0.000000000000000000e+00 0.000000000000000000e+00
2.168170306549407520e-04 -5.028166557218921541e-04 5.824154325291778112e-04 1.511182517352103885e-03
4.335696262282607845e-04 -1.005407829475030808e-03 1.164826860983439157e-03 3.022587603201681503e-03
6.502577743384222722e-04 -1.507773425600226515e-03 1.747234281379303608e-03 4.534215417090186467e-03
8.668814626030985244e-04 -2.009913348265413360e-03 2.329637689747472533e-03 6.046066118868223538e-03
1.083440678639139643e-03 -2.511827501465787194e-03 2.912037082134968230e-03 7.558139868711022565e-03
1.299935410062393873e-03 -3.013515789023972925e-03 3.494432454604272202e-03 9.070436827120692547e-03
1.516365644488213435e-03 -3.514978114588359400e-03 4.076823803232397514e-03 1.058295715492585040e-02
1.732731369530472352e-03 -4.016214381633184845e-03 4.659211124113224814e-03 1.209570101328395937e-02
1.949032572802693363e-03 -4.517224493457545897e-03 5.241594413355480514e-03 1.360866856368044518e-02
2.165269241917188586e-03 -5.018008353184807806e-03 5.823973667083440220e-03 1.512185996793149155e-02
