0.000000000000000000e+00 0.000000000000000000e+00 0.000000000000000000e+00 0.000000000000000000e+00 0.000000000000000000e+00 0.000000000000000000e+00
6.836514723827851955e-04 -2.125925836575167402e-04 -3.029195696358401974e-04 2.375191675025581893e-03 1.043117444374172748e-03 1.449005605307475322e-03
1.366633184225868412e-03 -4.251846904516149903e-04 -6.055384970492542693e-04 4.751512112575080604e-03 2.086011288397447011e-03 2.898564138173004897e-03
2.048944271776152390e-03 -6.377762585498276526e-04 -9.078564956903329266e-04 7.128962566170618173e-03 3.128681303320084671e-03 4.348676145765449294e-03
2.730583869401614471e-03 -8.503672259502268295e-04 -1.209873278424737457e-03 9.507544293041946329e-03 4.171127259920616448e-03 5.799342176737396284e-03
3.411551109582328968e-03 -1.062957530478384968e-03 -1.511588557533853844e-03 1.188725855420550218e-02 5.213348928512415853e-03 7.250562781212510806e-03
4.091845122901841686e-03 -1.275547109785861964e-03 -1.813002044711814519e-03 1.426810661448407389e-02 6.255346078941120304e-03 8.702338510792221454e-03
4.771465038038767356e-03 -1.488135901349800158e-03 -2.114113451063812966e-03 1.665008974252850729e-02 7.297118480584674494e-03 1.015466991856546833e-02
5.450409981757873591e-03 -1.700723842472134928e-03 -2.414922487102859252e-03 1.903320921083767603e-02 8.338665902348569442e-03 1.160755755911458548e-02
6.128679078901077236e-03 -1.913310870278446410e-03 -2.715428862748153500e-03 2.141746629578134345e-02 9.379988112664340225e-03 1.306100198852266567e-02
6.806271452378962437e-03 -2.125896921717557262e-03 -3.015632287322293423e-03 2.380286227762034787e-02 1.042108487948748517e-02 1.451500376438346999e-02
