0.000000000000000000e+00 0.000000000000000000e+00 0.000000000000000000e+00 0.000000000000000000e+00 0.000000000000000000e+00 0.000000000000000000e+00 0.000000000000000000e+00 0.000000000000000000e+00
3.289259749994901468e-04 1.710426187745290856e-04 -3.513583391395218238e-05 -7.118340801774570691e-04 1.048066160787064710e-03 8.094485578392132371e-04 1.351833169614947939e-03 2.383168132186206170e-03
6.576040366237421260e-04 3.420284779774064327e-04 -7.024529281226364196e-05 -1.423101525085972282e-03 2.095995025042697753e-03 1.618698441340998048e-03 2.703699124615254693e-03 4.767574678441550452e-03
9.860342205188065562e-04 5.129575184473105561e-04 -1.053283909054709890e-04 -2.133801522354965546e-03 3.143786331627873576e-03 2.427749570867243547e-03 4.055597919250814552e-03 7.153220366088871088e-03
1.314216562448460631e-03 6.838296809960034590e-04 -1.403851424110679966e-04 -2.843933258407320593e-03 4.191439819352827702e-03 3.236601866767495426e-03 5.407529607863887158e-03 9.540105922353485368e-03
1.642151098295417059e-03 8.546449064084585961e-04 -1.754155615553708346e-04 -3.553495918459066445e-03 5.238955226978244360e-03 4.045255249383013577e-03 6.759494244896482873e-03 1.192823207439297137e-02
1.969837864061800732e-03 1.025403135443918486e-03 -2.104196625723607115e-04 -4.262488686516976988e-03 6.286332293217075130e-03 4.853709639047760344e-03 8.111491884890527360e-03 1.431759954929514612e-02
2.297276895869033910e-03 1.196104308834432120e-03 -2.453974597042886418e-04 -4.970910745375313813e-03 7.333570756733152028e-03 5.661964956088262613e-03 9.463522582489516943e-03 1.670820907407861294e-02
2.624468229957698309e-03 1.366748367286515099e-03 -2.803489672015337412e-04 -5.678761276613841259e-03 8.380670356143022845e-03 6.470021120822338524e-03 1.081558639243775793e-02 1.910006137568865878e-02
2.951411902687375074e-03 1.537335251479983456e-03 -3.152741993226284884e-04 -6.386039460594324438e-03 9.427630830014169586e-03 7.277878053561114523e-03 1.216768336958098939e-02 2.149315718099696626e-02
3.278107950536660389e-03 1.707864902068847914e-03 -3.501731703343628353e-04 -7.092744476458148761e-03 1.047445191686587236e-02 8.085535674607657528e-03 1.351981356886640742e-02 2.388749721679848254e-02
