0.000000000000000000e+00 0.000000000000000000e+00 0.000000000000000000e+00 0.000000000000000000e+00 0.000000000000000000e+00 0.000000000000000000e+00 0.000000000000000000e+00 0.000000000000000000e+00 0.000000000000000000e+00 0.000000000000000000e+00
1.289845040800694604e-03 1.372245606451077092e-03 4.409572280532744661e-04 -7.824636894543674642e-04 -2.320584185850749388e-03 2.232143408865572276e-03 4.355396325528234670e-03 6.603661366476565493e-03 7.327211602631584532e-03 6.062507518277242269e-03
2.579186660107752986e-03 2.745239884996606827e-03 8.824204742141378722e-04 -1.565074255237496135e-03 -4.641772764081018680e-03 4.462555117927920895e-03 8.709675848251698105e-03 1.320745366019362814e-02 1.465479522981627016e-02 1.212736058736871292e-02
3.868024355733337173e-03 4.118983740827441599e-03 1.324391013101962073e-03 -2.347834681961181134e-03 -6.963564427701343304e-03 6.691234168356557759e-03 1.306283944948352822e-02 1.981137594254033310e-02 2.198275040948590928e-02 1.819456069547096405e-02
5.156357624037773146e-03 5.493478068312105528e-03 1.766870105129451397e-03 -3.130747965772774383e-03 -9.285957831706581275e-03 8.918179595494589440e-03 1.741488800981305304e-02 2.641542728037574866e-02 2.931107671759936376e-02 2.426410928383372634e-02
6.444185959875123673e-03 6.868723750548454306e-03 2.209858995098297474e-03 -3.913817112611343851e-03 -1.160895159291039369e-02 1.114339042866628951e-02 2.176582240874584337e-02 3.301960674677908297e-02 3.663977377912123329e-02 3.033600774558294424e-02
7.731508856536121327e-03 8.244721658903570588e-03 2.653358910740275488e-03 -4.697045136361529226e-03 -1.393254428981822134e-02 1.336686569097957425e-02 2.611564352433358785e-02 3.962391342183606974e-02 4.396884126898129019e-02 3.641025742454427616e-02
9.018325805688334404e-03 9.621472652547121210e-03 3.097371061204587210e-03 -5.480435056900876886e-03 -1.625673446253905058e-02 1.558860439912211973e-02 3.046435223278935039e-02 4.622834639345770741e-02 5.129827891302058546e-02 4.248685961406411388e-02
1.030463629731495113e-02 1.099897757797266458e-02 3.541896635489589877e-03 -6.263989898038494451e-03 -1.858152061273835379e-02 1.780860556315502080e-02 3.481194940809567012e-02 5.283290475823328863e-02 5.862808648891572327e-02 4.856581555583279475e-02
1.159043981964908050e-02 1.237723726851017864e-02 3.986936800817645656e-03 -7.047712685343168748e-03 -2.090690120363345589e-02 2.002686818629723781e-02 3.915843592160000997e-02 5.943758762232063259e-02 6.595826382708736002e-02 5.464712643870682507e-02
1.287573585910747019e-02 1.375625254382929763e-02 4.432492700953399173e-03 -7.831606443855625502e-03 -2.323287466003426047e-02 2.224339126470652184e-02 4.350381264159827038e-02 6.604239410237015828e-02 7.328881081158077071e-02 6.073079339753521821e-02
