0.000000000000000000e+00 0.000000000000000000e+00 0.000000000000000000e+00 0.000000000000000000e+00 0.000000000000000000e+00 0.000000000000000000e+00 0.000000000000000000e+00 0.000000000000000000e+00 0.000000000000000000e+00 0.000000000000000000e+00
1.728318144949685890e-03 -6.383999360957039876e-04 -4.294361525329279655e-05 -1.355278450256307732e-04 -9.114467525609583213e-04 4.103742296799751076e-03 7.099473259202151304e-03 4.055790536226774011e-03 5.536116861026540645e-03 2.419593017836207602e-03
3.458830830436303468e-03 -1.279513718034212301e-03 -8.548141648411877562e-05 -2.708783149256153750e-04 -1.822957385039668384e-03 8.206252005579756093e-03 1.420043587340495683e-02 8.111444735436757272e-03 1.107282420710983296e-02 4.838475103175173334e-03
5.191549051083672178e-03 -1.923357086811445940e-03 -1.276106385241178092e-04 -4.060497020219684585e-04 -2.734531627837898538e-03 1.230752503778642128e-02 2.130289158618612830e-02 1.216696485873058203e-02 1.661012163180240406e-02 7.256644763788688141e-03
6.926483885572264597e-03 -2.569945920523063719e-03 -1.693284917580616285e-04 -5.410402677021204643e-04 -3.646169209768524919e-03 1.640755726329088879e-02 2.840684417337705978e-02 1.622235317177477681e-02 2.214800872369379961e-02 9.674100499717733920e-03
8.663646499049380487e-03 -3.219296239912326080e-03 -2.106321620749887231e-04 -6.758482428605182063e-04 -4.557869858452982294e-03 2.050634452008632050e-02 3.551229744838432789e-02 2.027761194600027211e-02 2.768648506659127789e-02 1.209084080432354553e-02
1.040304814359515120e-02 -3.871424209692222833e-03 -2.515188106614327842e-04 -8.104718271959860786e-04 -5.469633300373048269e-03 2.460388261370029597e-02 4.261925526288033728e-02 2.433274345853542187e-02 3.322555023947368347e-02 1.450686416429717782e-02
1.214470015867653331e-02 -4.526346139861405979e-03 -2.919855737995879531e-04 -9.449091884983502453e-04 -6.381459260925754010e-03 2.870016731659799647e-02 4.972772150750754544e-02 2.838774999213336883e-02 3.876520381644484037e-02 1.692216905967273283e-02
1.388861397158883820e-02 -5.184078487010449279e-03 -3.320295626716915360e-04 -1.079158461921506888e-03 -7.293347464480323498e-03 3.279519436757073747e-02 5.683770011259403621e-02 3.244263383509685128e-02 4.430544536669131506e-02 1.933675396384086642e-02
1.563480109788530081e-02 -5.844637855618781304e-03 -3.716478631692813998e-04 -1.213217749246263497e-03 -8.205297634438418752e-03 3.688895947111205109e-02 6.394919504888403605e-02 3.649739728119693466e-02 4.984627445443903793e-02 2.175061734356549537e-02
1.738327314179103841e-02 -6.508040999340311550e-03 -4.108375357095885028e-04 -1.347085118130478092e-03 -9.117309493296652315e-03 4.098145829678129237e-02 7.106221032828122230e-02 4.055204262958510969e-02 5.538769063891632594e-02 2.416375765900298511e-02
