0.000000000000000000e+00 0.000000000000000000e+00 0.000000000000000000e+00 0.000000000000000000e+00 0.000000000000000000e+00 0.000000000000000000e+00 0.000000000000000000e+00 0.000000000000000000e+00
1.357932695753364489e-03 7.622501964150445088e-04 3.882094858781882652e-05 -2.159003832950796495e-03 3.026159897093198825e-03 5.551443316333064433e-03 7.394277237768431994e-03 6.164975207089110239e-03
2.711625193696619134e-03 1.528878799339579127e-03 8.261359332731695515e-05 -4.323117578333796236e-03 6.035440741961820531e-03 1.109257036697152560e-02 1.479773024893124567e-02 1.234796994569133111e-02
4.061010742555974488e-03 2.299945739609769550e-03 1.314495259037911994e-04 -6.492405999806878485e-03 9.027603838112300411e-03 1.662324471119267996e-02 2.221048879602709886e-02 1.854922960348406868e-02
5.406021341114756670e-03 3.075511966416485422e-03 1.854017155924521788e-04 -8.666935014619181477e-03 1.200240611400171450e-02 2.214332738690822158e-02 2.963268500362413113e-02 2.476900408952888849e-02
6.746587717178143331e-03 3.855639466029801669e-03 2.445445379323589442e-04 -1.084677171238466846e-02 1.495960005309544989e-02 2.765267687227792801e-02 3.706445340013010681e-02 3.100754791379275663e-02
8.082639297803754716e-03 4.640391283682808801e-03 3.089538082237844427e-04 -1.303198438069380627e-02 1.789893359199315817e-02 3.315114902627236404e-02 4.450593097260797937e-02 3.726512029364155432e-02
9.414104178690888003e-03 5.429831546004969083e-03 3.787068159741555692e-04 -1.522264253138279518e-02 2.082015001573762555e-02 3.863859702756993614e-02 5.195725722310387540e-02 4.354198526330736035e-02
1.074090909269764631e-02 6.224025484023274803e-03 4.538823603206959306e-04 -1.741881692747286950e-02 2.372298785023240972e-02 4.411487131174078591e-02 5.941857422651442011e-02 4.983841178641906094e-02
1.206297937745683287e-02 7.023039456745286575e-03 5.345607864631292177e-04 -1.962057961080373655e-02 2.660718075165908331e-02 4.957981950665327903e-02 6.689002669006012536e-02 5.615467387170499508e-02
1.338023894206196926e-02 7.826940975343740781e-03 6.208240231384607290e-04 -2.182800393037855058e-02 2.947245739280721782e-02 5.503328636605057250e-02 7.437176201440005852e-02 6.249105069197306850e-02
