0.000000000000000000e+00 0.000000000000000000e+00 0.000000000000000000e+00 0.000000000000000000e+00 0.000000000000000000e+00 0.000000000000000000e+00
2.397002504651685531e-03 1.153488958478553943e-03 -3.550491463130155990e-03 4.912891823451817977e-03 1.130243383537939128e-02 1.036559442521318812e-02
4.786889790137204698e-03 2.325569176539160447e-03 -7.112458966676388564e-03 9.787384859571784945e-03 2.260323662829081398e-02 2.077121868022534928e-02
7.169487242499739468e-03 3.516589543509043847e-03 -1.068607678600862199e-02 1.462277862152333574e-02 3.390239105761985727e-02 3.121759057298850032e-02
9.544615832138171954e-03 4.726907253225283434e-03 -1.427152308536323508e-02 1.941835569988183477e-02 4.519987953318330837e-02 4.170544510311049308e-02
1.191209197424299669e-02 5.956888043565395675e-03 -1.786898001780821976e-02 2.417338124719933118e-02 5.649568419013294845e-02 5.223553498288758395e-02
1.427172738387244393e-02 7.206906443873353774e-03 -2.147863382774581331e-02 2.888710244372606414e-02 6.778978688301828814e-02 6.280863117752003011e-02
1.662332892542528126e-02 8.477346030564072293e-03 -2.510067495598911069e-02 3.355874794350185986e-02 7.908216917946232771e-02 7.342552346534346464e-02
1.896669845625528067e-02 9.768599691194024964e-03 -2.873529814744885461e-02 3.818752729997887396e-02 9.037281235342159436e-02 8.408702101895136616e-02
2.130163266416029710e-02 1.108106989729666647e-02 -3.238270256145643622e-02 4.277263037031706072e-02 1.016616973779516098e-01 9.479395300812733238e-02
2.362792289846465943e-02 1.241516898629170702e-02 -3.604309188475546960e-02 4.731322669743346504e-02 1.129488049174473541e-01 1.055471692255591509e-01
