0.000000000000000000e+00 0.000000000000000000e+00 0.000000000000000000e+00 0.000000000000000000e+00
5.230377156857445682e-04 -5.750777620964639620e-04 1.714856740552053336e-03 1.922757525631732783e-03
1.045643979810288856e-03 -1.149809159214593450e-03 3.429865816239894508e-03 3.846468101199438175e-03
1.567818479459309397e-03 -1.724193964952160877e-03 5.145025862065734888e-03 5.771133379127557812e-03
2.089560901479017158e-03 -2.298231952503205621e-03 6.860335506603514738e-03 7.696755018301909904e-03
2.610870932472407827e-03 -2.871922894666855634e-03 8.575793371959693906e-03 9.623334684134338471e-03
3.131748258798903485e-03 -3.445266563844238874e-03 1.029139807374015829e-02 1.155087404860001381e-02
3.652192566573210075e-03 -4.018262732035855420e-03 1.200714822101646082e-02 1.347937479027038615e-02
4.172203541664860731e-03 -4.590911170839041301e-03 1.372304241629397278e-02 1.540883859434524078e-02
4.691780869698129915e-03 -5.163211651445318712e-03 1.543907925548067273e-02 1.733926715269304766e-02
5.210924236050201545e-03 -5.735163944637478202e-03 1.715525732785064955e-02 1.927066216387998340e-02
