0.000000000000000000e+00 0.000000000000000000e+00 0.000000000000000000e+00 0.000000000000000000e+00 0.000000000000000000e+00 0.000000000000000000e+00 0.000000000000000000e+00 0.000000000000000000e+00
3.592068645192332630e-04 1.363685265098946761e-04 3.424330347501487688e-05 -5.415161315996706382e-04 1.251320596525645062e-03 5.739315876205187223e-04 1.736096076675325934e-03 1.349606619642251077e-03
7.182308325667048545e-04 2.726807007414630904e-04 6.860466259846683952e-05 -1.082722676162549283e-03 2.502942665953603648e-03 1.147664884540018767e-03 3.472557411905453570e-03 2.699042015852713260e-03
1.077071804266425785e-03 4.089364863512719617e-04 1.030842283610589760e-04 -1.623619584352388717e-03 3.754866303122593799e-03 1.721199841247353325e-03 5.209384476809454829e-03 4.048305391817998491e-03
1.435729679655944543e-03 5.451358469673615653e-04 1.376821520330965079e-04 -2.164206807005683315e-03 5.007091602878602048e-03 2.294536408216490356e-03 6.946577743400591740e-03 5.397395949433067899e-03
1.794204358686019235e-03 6.812787461895411512e-04 1.723985851668840901e-04 -2.704484295133815445e-03 6.259618660076794218e-03 2.867674535910290281e-03 8.684137684603856003e-03 6.746312889308733393e-03
2.152495741221217146e-03 8.173651475891347256e-04 2.072336795976030999e-04 -3.244451999922670464e-03 7.512447569584477895e-03 3.440614174779426000e-03 1.042206477425598569e-02 8.095055410769250517e-03
2.510603727038974737e-03 9.533950147087198127e-04 2.421875874443148624e-04 -3.784109872733042428e-03 8.765578426277287338e-03 4.013355275263068116e-03 1.216035948711046387e-02 9.443622711846054799e-03
2.868528215829618463e-03 1.089368311062052699e-03 2.772604611113386585e-04 -4.323457865099748082e-03 1.001901132504139785e-02 4.585897787788264547e-03 1.389902229884242002e-02 1.079201398927761082e-02
3.226269107196457365e-03 1.225285000133590190e-03 3.124524532885715098e-04 -4.862495928731937374e-03 1.127274636077181882e-02 5.158241662768361935e-03 1.563805368604889723e-02 1.214022843850316204e-02
3.583826300654947145e-03 1.361145045378189073e-03 3.477637169532912884e-04 -5.401224015512544850e-03 1.252678362837294536e-02 5.730386850604981056e-03 1.737745412625447267e-02 1.348826525366019456e-02
