0.000000000000000000e+00 0.000000000000000000e+00 0.000000000000000000e+00 0.000000000000000000e+00 0.000000000000000000e+00 0.000000000000000000e+00 0.000000000000000000e+00 0.000000000000000000e+00 0.000000000000000000e+00 0.000000000000000000e+00
1.862443579545121830e-03 3.885740534993227394e-04 -2.428829893787569914e-04 -6.980104865167628507e-04 -1.310124165412262631e-03 5.220347827077490011e-03 6.276461983646928339e-03 5.573022732828557778e-03 4.643371433290313655e-03 3.184020023985452159e-03
3.728367311505881212e-03 7.748850400727017810e-04 -4.886248402511451407e-04 -1.397666076728292222e-03 -2.616961443116942558e-03 1.045385742221447041e-02 1.256203369604798510e-02 1.114553282710795991e-02 9.276832349653459445e-03 6.356191700310742307e-03
5.597819889582766363e-03 1.158899862264113970e-03 -7.372676782830821533e-04 -2.098992401715639965e-03 -3.920459680628639657e-03 1.570071856763754353e-02 1.885685481524779217e-02 1.671752858507121256e-02 1.390024156010542800e-02 9.516328461775783523e-03
7.470850935341919602e-03 1.540584731543493107e-03 -9.888544368510030196e-04 -2.802015547357091657e-03 -5.220565691728644778e-03 2.096112478385466632e-02 2.516106775811306415e-02 2.228900826200999261e-02 1.851345509514254820e-02 1.266424008521901262e-02
9.347511018550903189e-03 1.919905149428597062e-03 -1.243428876514839640e-03 -3.506762065854800853e-03 -6.517225234941295339e-03 2.623527341323923096e-02 3.147481774055309323e-02 2.785997006639801335e-02 2.311632614559467822e-02 1.579973261305480867e-02
1.122785167982211056e-02 2.296825888972912379e-03 -1.501035604947819008e-03 -4.213258986198599454e-03 -7.810382987269152977e-03 3.152336571478261268e-02 3.779825284647154310e-02 3.343041215803706223e-02 2.770870499218431801e-02 1.892260826186211928e-02
1.311192545390234276e-02 2.671310975678680734e-03 -1.761720097450366826e-03 -4.921533824911556235e-03 -9.099982517138092281e-03 3.682560696167598568e-02 4.413152409876789500e-02 3.900033264612627615e-02 3.229043893298665785e-02 2.203266532827751964e-02
1.499978589363544675e-02 3.043323667815901225e-03 -2.025528718068727706e-03 -5.631614597085296200e-03 -1.038596625652452379e-02 4.214220654181617676e-02 5.047478553244352795e-02 4.456972958724830791e-02 3.686137220871899683e-02 2.512969809210114855e-02
1.689148759461549937e-02 3.412826436123230292e-03 -2.292508741335722803e-03 -6.343529827712544866e-03 -1.166827547223626450e-02 4.747337806134509924e-02 5.682819426991038425e-02 5.013860098326699405e-02 4.142134592577997876e-02 2.821349671651873781e-02
1.878708622055617200e-02 3.779780942871843914e-03 -2.562708374660648773e-03 -7.057308563327238139e-03 -1.294685023631477090e-02 5.281933945131992575e-02 6.319191059855418235e-02 5.570694477913316900e-02 4.597019797696384052e-02 3.128384714533961192e-02
