0.000000000000000000e+00 0.000000000000000000e+00 0.000000000000000000e+00 0.000000000000000000e+00 0.000000000000000000e+00 0.000000000000000000e+00
1.521395952516330823e-03 2.071706586434183747e-03 -3.593102538950421546e-03 1.088683426579917235e-03 1.112011557056951684e-02 9.586591898666771416e-03
3.041895598593180421e-03 4.150473764591504702e-03 -7.192369363184586244e-03 2.175850855094297893e-03 2.224312469022456801e-02 1.917180624631335817e-02
4.561492138903563455e-03 6.236341945284291227e-03 -1.079783408418762657e-02 3.261501432372741760e-03 3.336904430647071734e-02 2.875562694860477400e-02
6.080178683377242266e-03 8.329351941999019182e-03 -1.440953062537590063e-02 4.345634232693582413e-03 4.449789151883362659e-02 3.833803783173742041e-02
7.597948251308538417e-03 1.042954497338951028e-02 -1.802749322469763410e-02 5.428248255201654181e-03 5.562968358331907281e-02 4.791902264055973582e-02
9.114793771576545217e-03 1.253696266580199559e-02 -2.165175643737806896e-02 6.509342421277909685e-03 6.676443791708305819e-02 5.749856503653553996e-02
1.063070808298554985e-02 1.465164705583502612e-02 -2.528235513882004515e-02 7.588915571860069612e-03 7.790217210331454312e-02 6.707664859553802428e-02
1.214568393473767355e-02 1.677364059294273596e-02 -2.891932452767977113e-02 8.666966464721563221e-03 8.904290389634061942e-02 7.665325680546695997e-02
1.365971398704634784e-02 1.890298614208557951e-02 -3.256270012913121265e-02 9.743493771706433770e-03 1.001866512269641435e-01 8.622837306367441002e-02
1.517279081190245869e-02 2.103972698643710032e-02 -3.621251779833867951e-02 1.081849607593065102e-02 1.113334322080374583e-01 9.580198067419315455e-02
