0.000000000000000000e+00 0.000000000000000000e+00 0.000000000000000000e+00 0.000000000000000000e+00 0.000000000000000000e+00 0.000000000000000000e+00 0.000000000000000000e+00 0.000000000000000000e+00 0.000000000000000000e+00 0.000000000000000000e+00
7.911488439735801315e-04 1.677006522750962780e-04 -9.061166401649274117e-05 -2.366930213761821611e-04 -3.054568651541872339e-04 2.672282990275866299e-03 1.460915610822567136e-03 1.131854240019345391e-03 6.962159017245431528e-04 7.761819466612915937e-04
1.581615317715849480e-03 3.353828300336311914e-04 -1.811841029221943457e-04 -4.733088922776158098e-04 -6.106555713285017478e-04 5.346317351897207290e-03 2.921902773829028292e-03 2.263602133056779545e-03 1.392232811905516100e-03 1.551837186304084494e-03
2.371398156786873671e-03 5.030465703445534268e-04 -2.717172315187295220e-04 -7.098475156614335790e-04 -9.155961660694179492e-04 8.022104757130681454e-03 4.382961521465508249e-03 3.395243537237802468e-03 2.088050633029754632e-03 2.326965121589031661e-03
3.160496094081092795e-03 6.706919103315474003e-04 -3.622109644603694408e-04 -9.463087943743699743e-04 -1.220278696914475986e-03 1.069964688003247760e-02 5.844091886188893144e-03 4.526778310446214273e-03 2.783669267442736260e-03 3.101565154898645264e-03
3.948907859830186849e-03 8.383188871713958146e-04 -4.526652162526023497e-04 -1.182692631152200110e-03 -1.524703211395587099e-03 1.337894539650665189e-02 7.305293900476147670e-03 5.658206310330502441e-03 3.479088617353691144e-03 3.875636688337307303e-03
4.736632181594828753e-03 1.005927538094264885e-03 -5.430799012515608168e-04 -1.418998928618463032e-03 -1.828869757037467547e-03 1.606000198430779236e-02 8.766567596825347239e-03 6.789527394302089305e-03 4.174308584832498240e-03 4.649179123732621183e-03
5.523667784256133459e-03 1.173517900383642216e-03 -6.334549336642743495e-04 -1.655227589284914485e-03 -2.132778381357770120e-03 1.874281832304332610e-02 1.022791300775550971e-02 7.920741419535441349e-03 4.869329071810474599e-03 5.422191862633210339e-03
6.310013390007364678e-03 1.341090011376290829e-03 -7.237902275471673951e-04 -1.891378515550464932e-03 -2.436429131865960364e-03 2.142739609417982499e-02 1.168933016580567252e-02 9.051848242967832844e-03 5.564149980080075261e-03 6.194674306308298878e-03
7.095667718345716191e-03 1.508643908462949448e-03 -8.140856968066587963e-04 -2.127451609701245042e-03 -2.739822056063016039e-03 2.411373698104462768e-02 1.315081910353696135e-02 1.018284772129823650e-02 6.258771211293789535e-03 6.966625855746802140e-03
7.880629486063519401e-03 1.676179629087705403e-03 -9.043412551978346732e-04 -2.363446773910404461e-03 -3.042957201440548050e-03 2.680184266883026828e-02 1.461237985352975034e-02 1.131373971098776667e-02 6.953192666965235177e-03 7.738045911656553887e-03
