0.000000000000000000e+00 0.000000000000000000e+00 0.000000000000000000e+00 0.000000000000000000e+00 0.000000000000000000e+00 0.000000000000000000e+00 0.000000000000000000e+00 0.000000000000000000e+00
5.779558803818522772e-04 1.712140416315223034e-04 -1.080762900082965792e-04 -8.108547161148637640e-04 1.834547529909694424e-03 1.287279184473530749e-03 1.542166551643628977e-03 2.762091869665851858e-03
1.155139794295649124e-03 3.424529717767138201e-04 -2.161042822778818176e-04 -1.621182172003108463e-03 3.668213601978133169e-03 2.574103996078948384e-03 3.084529393980269332e-03 5.526878909268798969e-03
1.731550987187902490e-03 5.137168552661786243e-04 -3.240839478880660736e-04 -2.430981446074444770e-03 5.500991563530255660e-03 3.860473240437565373e-03 4.627089619590652250e-03 8.294368890866460342e-03
2.307188702407066486e-03 6.850057566798050009e-04 -4.320152573280565443e-04 -3.240251612013253860e-03 7.332874728401974664e-03 5.146385716935552440e-03 6.169848326189983356e-03 1.106456962478430048e-02
2.882052181168957838e-03 8.563197403539237005e-04 -5.398981804864415746e-04 -4.048991738818680762e-03 9.163856376631722075e-03 6.431840218672954176e-03 7.712806616710566297e-03 1.383748896007992030e-02
3.456140662536875529e-03 1.027658870377777534e-03 -6.477326866455102375e-04 -4.857200890766578440e-03 1.099392975425326352e-02 7.716835532420466236e-03 9.255965599336382285e-03 1.661313478479802680e-02
4.029453383401210634e-03 1.199023210588684527e-03 -7.555187444753077349e-04 -5.664878127370497757e-03 1.282308807308786720e-02 9.001370438577913427e-03 1.079932638753268795e-02 1.939151502622495776e-02
4.601989578458950785e-03 1.370412824570392324e-03 -8.632563220268907930e-04 -6.472022503343121541e-03 1.465132451053245341e-02 1.028544371112841485e-02 1.234289010007894906e-02 2.217263765115177337e-02
5.173748480192923334e-03 1.541827775647996741e-03 -9.709453867268182884e-04 -7.278633068556923658e-03 1.647863220934874667e-02 1.156905411759577389e-02 1.388665786110225911e-02 2.495651066612993713e-02
5.744729318851226306e-03 1.713268126884345257e-03 -1.078585905369575495e-03 -8.084708868004586088e-03 1.830500427744830363e-02 1.285220041899916982e-02 1.543063080010899368e-02 2.774314211773949365e-02
