0.000000000000000000e+00 0.000000000000000000e+00 0.000000000000000000e+00 0.000000000000000000e+00 0.000000000000000000e+00 0.000000000000000000e+00 0.000000000000000000e+00 0.000000000000000000e+00 0.000000000000000000e+00 0.000000000000000000e+00
8.819477455858114106e-04 1.094711369261912743e-04 -1.179141813697111296e-04 -2.063766310230057165e-04 -2.121346517549264757e-04 3.129576572127401243e-03 1.601905612510432387e-03 1.071735899759154427e-03 5.473738769645820944e-04 4.706309244675022097e-04
1.763005632302485541e-03 2.188157229733609180e-04 -2.357253445196848046e-04 -4.125659713878124637e-04 -4.239585908944969563e-04 6.261901512694259715e-03 3.203884055951784597e-03 2.143200129419452205e-03 1.094438919874469226e-03 9.404130093236763490e-04
2.643171446761806084e-03 3.280335534923162514e-04 -3.534331490545931606e-04 -6.185676641182759859e-04 -6.354716477035306493e-04 9.396979204314995227e-03 4.805935177110915238e-03 3.214392119858951700e-03 1.641194823412455307e-03 1.409345145839061963e-03
3.522442968987030132e-03 4.371244228535581017e-04 -4.710372533485046066e-04 -8.243813510805608974e-04 -8.466736512919509697e-04 1.253481404177426636e-02 6.408058822187645553e-03 4.285311300100141767e-03 2.187641281230561126e-03 1.877426222285233587e-03
4.400817972403475026e-03 5.460881244236419829e-04 -5.885373145321762169e-04 -1.030006672966098189e-03 -1.057564429587968050e-03 1.567541043221451838e-02 8.010254836814644994e-03 5.355957097292306755e-03 2.733777985937169315e-03 2.344655123899932591e-03
5.278294223808105076e-03 6.549244505572084920e-04 -7.059329884865754058e-04 -1.235443269284050485e-03 -1.268143809330366401e-03 1.881877279519926852e-02 9.612523066053804341e-03 6.426328936701076328e-03 3.279604629091876448e-03 2.811030732867031336e-03
6.154869483340259621e-03 7.636331925903000429e-04 -8.232239298355071904e-04 -1.440690778353926130e-03 -1.478411616060020927e-03 2.196490556277998912e-02 1.121486335439605964e-02 7.496426241698810750e-03 3.825120901198762746e-03 3.276551928293151925e-03
7.030541504451433277e-03 8.722141408323541957e-04 -9.404097919383968196e-04 -1.645748837298319049e-03 -1.688367674112685891e-03 2.511381317955721157e-02 1.281727554575928969e-02 8.566248433752069250e-03 4.370326491697606140e-03 3.741217586189296996e-03
7.905308033875402263e-03 9.806670845586011771e-04 -1.057490226883594283e-03 -1.850617082035538883e-03 -1.898011806610470920e-03 2.826550010274967578e-02 1.441975948348701506e-02 9.635794932412823643e-03 4.915221088960609712e-03 4.205026579446975374e-03
8.779166811597972561e-03 1.088991812002884510e-03 -1.174464885480436651e-03 -2.055295147271647520e-03 -2.107343835453554665e-03 3.141997080225725908e-02 1.602231501034505345e-02 1.070506515530536898e-02 5.459804380281565311e-03 4.667977777817503351e-03
