0.000000000000000000e+00 0.000000000000000000e+00 0.000000000000000000e+00 0.000000000000000000e+00 0.000000000000000000e+00 0.000000000000000000e+00
2.881405132472305772e-03 7.612600394102907175e-05 -2.957531136413341349e-03 7.416465963374493583e-03 1.099162324330204069e-02 7.787452316993039719e-03
5.764649070591440841e-03 1.528069832934437523e-04 -5.917456053884920589e-03 1.483264625325998731e-02 2.198179770397858113e-02 1.557663909010086403e-02
8.649733402890786432e-03 2.300480453974302307e-04 -8.879781448288243118e-03 2.224853838365529329e-02 3.297051583126271723e-02 2.336757035609110522e-02
1.153665965805957157e-02 3.078543501665912362e-04 -1.184451400822625171e-02 2.966413974846996565e-02 4.395777020449657957e-02 3.116025614171209421e-02
1.442542930318992285e-02 3.862311089574367237e-04 -1.481166041214740728e-02 3.707944761692119617e-02 5.494355354132423458e-02 3.895470646010283644e-02
1.731604374204951530e-02 4.651835833336835299e-04 -1.778122732538328990e-02 4.449445912877277032e-02 6.592785870618429744e-02 4.675093130706080291e-02
2.020850431338112874e-02 5.447170837255457115e-04 -2.075322139710669700e-02 5.190917128940367858e-02 7.691067871912382614e-02 5.454894065716043433e-02
2.310281228923165286e-02 6.248369679829534826e-04 -2.372764925721469742e-02 5.932358096470408126e-02 8.789200676494277054e-02 6.234874445971026052e-02
2.599896887331356460e-02 7.055486398233785927e-04 -2.670451751313710972e-02 6.673768487578987663e-02 9.887183620268744089e-02 7.015035263455005055e-02
2.889697519940027590e-02 7.868575471738888452e-04 -2.968383274657437551e-02 7.415147959352386131e-02 1.098501605755018151e-01 7.795377506767127429e-02
