0.000000000000000000e+00 0.000000000000000000e+00 0.000000000000000000e+00 0.000000000000000000e+00 0.000000000000000000e+00 0.000000000000000000e+00 0.000000000000000000e+00 0.000000000000000000e+00 0.000000000000000000e+00 0.000000000000000000e+00
2.047640999629719751e-04 2.099480617500293280e-04 1.197075830683543652e-04 -9.874768178440549739e-05 -8.940659448915084465e-04 4.676776227873415560e-04 5.822264446263840289e-04 1.131326017107689604e-03 1.710222706944672247e-03 3.188507490585694611e-03
4.057714531906253010e-04 4.202418874652865516e-04 2.404754706187844525e-04 -1.968221056599200566e-04 -1.790500414328896920e-03 9.208898221296304715e-04 1.158601729444708184e-03 2.262485578218619096e-03 3.426101414013366098e-03 6.393023337925873330e-03
6.029742656608533865e-04 6.308843258431516814e-04 3.623171290747844104e-04 -2.942131587240330321e-04 -2.689332487333228900e-03 1.359439197880464231e-03 1.729049293264739180e-03 3.393476115002338686e-03 5.147711045579476084e-03 9.613759459887644826e-03
7.963238011389205421e-04 8.418782365427289862e-04 4.852462628571844192e-04 -3.909105099905142927e-04 -3.590591652642621551e-03 1.783124937488757495e-03 2.293491207663014755e-03 4.524294983176484555e-03 6.875127841573395147e-03 1.285093160086255536e-02
9.857703790275870563e-04 1.053226488095303096e-03 6.092768134165645316e-04 -4.869036089558753731e-04 -4.494307800838627520e-03 2.191742816618387057e-03 2.851848177059413281e-03 5.654939461231063211e-03 8.608429358549822552e-03 1.610475935225796559e-02
1.171263351544285080e-03 1.264931957192970456e-03 7.344229643500798082e-04 -5.821816799394174610e-04 -5.400511230485578740e-03 2.585085127432520686e-03 3.404039508844051726e-03 6.785406748048689735e-03 1.034769449797222352e-02 1.937546623771247908e-02
1.352751054570493867e-03 1.476997529823691939e-03 8.606991542965585287e-04 -6.767337110834393101e-04 -6.309232672402222131e-03 2.962940513951391706e-03 3.949983045125457851e-03 7.915693959176919869e-03 1.209300356959994854e-02 2.266327988212370539e-02
1.530180885251787798e-03 1.689426092997506996e-03 9.881200519999602111e-04 -7.705484688488921331e-04 -7.220503224488021565e-03 3.325094257801008632e-03 4.489595280295905280e-03 9.045798129315283168e-03 1.384443818508340925e-02 2.596843177836656580e-02
1.703499125892749162e-03 1.902220544997970620e-03 1.116700606895526440e-03 -8.636144613437253363e-04 -8.134354464356070846e-03 3.671327664331424344e-03 5.022791107284877571e-03 1.017571620220066031e-02 1.560208149081429574e-02 2.929115785940035813e-02
1.872651018334428293e-03 2.115383787162624773e-03 1.246456024998930179e-03 -9.559199520916587204e-04 -9.050818385658868093e-03 4.001418337925785954e-03 5.549483930744609876e-03 1.130544503283618246e-02 1.736601806560796740e-02 3.263169827596543865e-02
