0.000000000000000000e+00 0.000000000000000000e+00 0.000000000000000000e+00 0.000000000000000000e+00 0.000000000000000000e+00 0.000000000000000000e+00 0.000000000000000000e+00 0.000000000000000000e+00 0.000000000000000000e+00 0.000000000000000000e+00
1.161041070659708145e-03 5.394806441600091384e-04 1.341410943484101087e-04 -3.621231247931823547e-04 -1.472539680391725305e-03 2.910599997864228572e-03 4.071584900399867132e-03 4.625077429105946963e-03 4.990265301890161112e-03 4.065075591911168976e-03
2.320514536208079324e-03 1.079758845388337565e-03 2.696420474129840252e-04 -7.230946904513291121e-04 -2.946820734517308690e-03 5.815539906839559819e-03 8.138269562604064089e-03 9.249815323698670072e-03 9.984868299402784725e-03 8.136713347769813226e-03
3.478399158783536307e-03 1.620845875521472260e-03 4.065197373417047712e-04 -1.082901248687093750e-03 -4.422863518860399926e-03 8.714743360727189928e-03 1.219999597828211151e-02 1.387421310262640720e-02 1.498386630930508001e-02 1.221499090851676031e-02
4.634673353268294570e-03 2.162753175251930920e-03 5.447913151948174937e-04 -1.441529123131605160e-03 -5.900688716424269155e-03 1.160813274646431935e-02 1.625670519307990253e-02 1.849827017420792308e-02 1.998731758602311295e-02 1.629998717882506776e-02
5.789315181060767680e-03 2.705492358025925626e-03 6.844742109444867245e-04 -1.798964402901095418e-03 -7.380317342910185444e-03 1.449562918050872201e-02 2.030833728968159044e-02 2.312198593645350617e-02 2.499528133874134861e-02 2.039178235235653003e-02
6.942302342844779497e-03 3.249075213294863249e-03 8.255861391500141089e-04 -2.155192937619363446e-03 -8.861770753388443361e-03 1.737715248298047840e-02 2.435483136806255999e-02 2.774535977673132578e-02 3.000781775090615930e-02 2.449045793820252975e-02
8.093612171177967662e-03 3.793513709842034204e-03 9.681451047731149968e-04 -2.510200332317023917e-03 -1.034507064913052152e-02 2.025262115116620298e-02 2.839612552525873010e-02 3.236839107142693017e-02 3.502498800020601571e-02 2.859609678796729004e-02
9.243221622896431733e-03 4.338819999186382774e-03 1.112169409132231441e-03 -2.863971942199539621e-03 -1.183023908460568117e-02 2.312195233237530553e-02 3.243215683462997989e-02 3.699107918558179608e-02 4.004685427905179534e-02 3.270878312352672179e-02
1.039110727133144875e-02 4.885006419063962248e-03 1.257677656008043907e-03 -3.216492867281043905e-03 -1.331729847464702132e-02 2.598506179612413564e-02 3.646286132461451501e-02 4.161342347252921375e-02 4.507347981555817618e-02 3.682860256547992178e-02
1.153724529832765924e-02 5.432085496990868290e-03 1.404688757896837593e-03 -3.567747946881025863e-03 -1.480627160179179454e-02 2.884186390563293553e-02 4.048817395694619126e-02 4.623542327350911585e-02 5.010492889505058223e-02 4.095564216230552362e-02
