0.000000000000000000e+00 0.000000000000000000e+00 0.000000000000000000e+00 0.000000000000000000e+00 0.000000000000000000e+00 0.000000000000000000e+00 0.000000000000000000e+00 0.000000000000000000e+00
1.457142786752936049e-03 1.224752048050665836e-03 2.191400712699822042e-04 -2.901034906073754471e-03 2.783199930279162820e-03 6.159240313550813639e-03 9.438438920721341566e-03 8.521980712112572215e-03
2.911640656015167597e-03 2.452026813879895281e-03 4.419917345193137299e-04 -5.805659204414467464e-03 5.556597193616953992e-03 1.231238326174805518e-02 1.888084641624209956e-02 1.705589288172058848e-02
4.363478101691587938e-03 3.681834163388139104e-03 6.685744356431562192e-04 -8.713886700722728654e-03 8.320148190095355556e-03 1.845940639028115574e-02 2.832723664125203628e-02 2.560178840836316652e-02
5.812639516455333014e-03 4.914184019719826726e-03 8.989077093992242640e-04 -1.162573124557434931e-02 1.107380902283181152e-02 2.460028711812897034e-02 3.777762391437728545e-02 3.415971945131739129e-02
7.259109190938887665e-03 6.149086364360985615e-03 1.133011178091451916e-03 -1.454120673339134341e-02 1.381753549441634699e-02 3.073500273610082351e-02 4.723202272348442365e-02 4.272973842931770266e-02
8.702871312923979308e-03 7.386551238289683005e-03 1.370904550234990429e-03 -1.746032710144868397e-02 1.655128310328425612e-02 3.686353040533436182e-02 5.669044773116839464e-02 5.131189802019622132e-02
1.014390996652848181e-02 8.626588743180311700e-03 1.612607619213246059e-03 -2.038310632892210983e-02 1.927500704003021204e-02 4.298584715575209936e-02 6.615291378043453019e-02 5.990625116043032244e-02
1.158220913139131752e-02 9.869209042665734108e-03 1.858140261929209103e-03 -2.330955843598638694e-02 2.198866218365323755e-02 4.910192988447630025e-02 7.561943590058338438e-02 6.851285104459804709e-02
1.301775268185385685e-02 1.111442236365296592e-02 2.107522437463663512e-03 -2.623969748297056218e-02 2.469220309773659944e-02 5.521175535419897001e-02 8.509002931331352548e-02 7.713175112472575590e-02
1.445052438613659250e-02 1.236223899769864354e-02 2.360774185743310001e-03 -2.917353756957861283e-02 2.738558402655502655e-02 6.131530019150883276e-02 9.456470943904771165e-02 8.576300510952700185e-02
