0.000000000000000000e+00 0.000000000000000000e+00 0.000000000000000000e+00 0.000000000000000000e+00
4.975273927468985835e-03 -4.975273927468938130e-03 1.364162487704662086e-02 1.060039336871051313e-02
9.958332751443622899e-03 -9.958332751443617695e-03 2.728865725907414844e-02 2.119537923244070934e-02
1.494920138817293527e-02 -1.494920138817290578e-02 4.094111542878366150e-02 3.178493930848894089e-02
1.994790488360503877e-02 -1.994790488360500061e-02 5.459901777472678935e-02 4.236905520830300254e-02
2.495446841259438275e-02 -2.495446841259428561e-02 6.826238279657201313e-02 5.294770843221527357e-02
2.996891727894256466e-02 -2.996891727894238772e-02 8.193122911069952718e-02 6.352088036384540004e-02
3.499127691638471288e-02 -3.499127691638448390e-02 9.560557545612514974e-02 7.408855226417718209e-02
4.002157289064118412e-02 -4.002157289064096901e-02 1.092854407007378403e-01 8.465070526532207651e-02
4.505983090266768576e-02 -4.505983090266747065e-02 1.229708438478425425e-01 9.520732036397477893e-02
5.010607679325024266e-02 -5.010607679324988878e-02 1.366618040429988246e-01 1.057583784145759986e-01
