0.000000000000000000e+00 0.000000000000000000e+00 0.000000000000000000e+00 0.000000000000000000e+00 0.000000000000000000e+00 0.000000000000000000e+00
2.658619680298954409e-03 -1.119116910313502173e-04 -2.546707989267605818e-03 7.165415190420300687e-03 9.911234412969040578e-03 6.635705443688446649e-03
5.319215937798842456e-03 -2.243384688719578940e-04 -5.094877468926761396e-03 1.433230300226235633e-02 1.982121145894010297e-02 1.327119563295307662e-02
7.981793097519951363e-03 -3.372824123040261534e-04 -7.644510685215900707e-03 2.150066937498959496e-02 2.972992542707915756e-02 1.990647033916433453e-02
1.064635546781233719e-02 -4.507456085411235339e-04 -1.019560985927111391e-02 2.867052022154154348e-02 3.963737069262603802e-02 2.654152927414351465e-02
1.331290733933131708e-02 -5.647301539978269100e-04 -1.274817718533330715e-02 3.584186142625456900e-02 4.954354172169643522e-02 3.317637208743782345e-02
1.598145298401888736e-02 -6.792381551048482131e-04 -1.530221482891383315e-02 4.301469884270976707e-02 5.944843307624219503e-02 3.981099836351490590e-02
1.865199665409120536e-02 -7.942717291719945255e-04 -1.785772492491899052e-02 5.018903829150211937e-02 6.935203941917930659e-02 4.644540761886317703e-02
2.132454258103290770e-02 -9.098330052974661075e-04 -2.041470957573520914e-02 5.736488555793346766e-02 7.925435551968484926e-02 5.307959929900381291e-02
2.399909497459974672e-02 -1.025924125325219927e-03 -2.297317084927421454e-02 6.454224638962063887e-02 8.915537625867718530e-02 5.971357277540233210e-02
2.667565802182968876e-02 -1.142547244849188501e-03 -2.553311077698025566e-02 7.172112649401529705e-02 9.905509663447928381e-02 6.634732734228328266e-02
