0.000000000000000000e+00 0.000000000000000000e+00 0.000000000000000000e+00 0.000000000000000000e+00 0.000000000000000000e+00 0.000000000000000000e+00 0.000000000000000000e+00 0.000000000000000000e+00
6.763867704614464444e-04 7.883426669685601696e-05 -1.442448561039438631e-04 -4.351128883881422702e-04 2.319697401839684262e-03 1.265055048649717890e-03 1.000916879289413981e-03 1.358740471428991538e-03
1.352449730753596882e-03 1.576233915551337127e-04 -2.885078066621963710e-04 -8.696894552340126913e-04 4.641485520582963771e-03 2.530299310017546099e-03 2.001473121232698934e-03 2.716569467789089858e-03
2.028188298387985540e-03 2.363673114875366598e-04 -4.327888604673257324e-04 -1.303729192782908559e-03 6.965369653613170432e-03 3.795733515646896629e-03 3.001667884330400538e-03 4.073482463637469360e-03
2.703601887977788876e-03 3.150659629139486700e-04 -5.770880260388102289e-04 -1.737231591649353313e-03 9.291355119880431376e-03 5.061358399824173945e-03 4.001500323476958609e-03 5.429474915432943964e-03
3.378689911260743337e-03 3.937192817559318479e-04 -7.214053116239901170e-04 -2.170196140803110595e-03 1.161944726012196366e-02 6.327174699619669135e-03 5.000969589940636346e-03 6.784542261403818907e-03
4.053451777078962391e-03 4.723272034331401584e-04 -8.657407251964185837e-04 -2.602622327556942255e-03 1.394965143697864292e-02 7.593183154898447244e-03 6.000074831343028478e-03 8.138679921453494462e-03
4.727886891358805063e-03 5.508896628601412781e-04 -1.010094274453409444e-03 -3.034509637553687265e-03 1.628197303511250832e-02 8.859384508335864383e-03 6.998815191638978368e-03 9.491883297074508660e-03
5.401994657091519457e-03 6.294065944420248982e-04 -1.154465966813512847e-03 -3.465857554753403943e-03 1.861641746132726427e-02 1.012577950543109076e-02 7.997189811095024511e-03 1.084414777125409027e-02
6.075774474312101679e-03 7.078779320711167796e-04 -1.298855809414218177e-03 -3.896665561420336547e-03 2.095299014468449128e-02 1.139236889452030325e-02 8.995197826269979435e-03 1.219546870838347612e-02
6.749225740079450170e-03 7.863036091233354535e-04 -1.443263809109690456e-03 -4.326933138109884461e-03 2.329169653662713918e-02 1.265915342679187205e-02 9.992838369993439079e-03 1.354584145416594734e-02
