0.000000000000000000e+00 0.000000000000000000e+00 0.000000000000000000e+00 0.000000000000000000e+00
5.041389866245349176e-03 -5.041389866245160091e-03 1.290608620308730109e-02 1.166733996688267688e-02
1.009126996782807976e-02 -1.009126996782802772e-02 2.582085132237963224e-02 2.332600101755997676e-02
1.514966392574313737e-02 -1.514966392574310441e-02 3.874445047653259089e-02 3.497582803337659363e-02
2.021659518244529191e-02 -2.021659518244527109e-02 5.167704255754886067e-02 4.661666212233055162e-02
2.529208697214346477e-02 -2.529208697214325313e-02 6.461879034414896861e-02 5.824834050569996369e-02
3.037616228916819802e-02 -3.037616228916811129e-02 7.756986061894613482e-02 6.987069640087237299e-02
3.546884385433011350e-02 -3.546884385432991227e-02 9.053042428955156151e-02 8.148355890023679937e-02
4.057015407917890365e-02 -4.057015407917870242e-02 1.035006565137429058e-01 9.308675284601539146e-02
4.568011502807997615e-02 -4.568011502807999002e-02 1.164807368288293260e-01 1.046800987008988659e-01
5.079874837802295096e-02 -5.079874837802268728e-02 1.294708492853547666e-01 1.162634124143430148e-01
