0.000000000000000000e+00 0.000000000000000000e+00 0.000000000000000000e+00 0.000000000000000000e+00 0.000000000000000000e+00 0.000000000000000000e+00
5.028368328443631741e-03 -1.718216550265795010e-03 -3.310151778177648080e-03 9.672610005782478551e-03 1.514093305556020452e-02 6.807255061021899242e-03
1.006744097149676886e-02 -3.444147336453947002e-03 -6.623293635042490531e-03 1.934113640818749605e-02 3.029008270789774679e-02 1.361037712864387669e-02
1.511727433996774665e-02 -5.177841066692612237e-03 -9.939433273274681652e-03 2.900555841424321685e-02 4.544748665498233448e-02 2.040934929786812971e-02
2.017792516504292658e-02 -6.919346639476501963e-03 -1.325857852556587904e-02 3.866585508826393680e-02 6.061318288067045479e-02 2.720415452052382665e-02
2.524945047287770541e-02 -8.668713110111869041e-03 -1.658073736276503146e-02 4.832200534386662388e-02 7.578720966535747172e-02 3.399477560259869802e-02
3.033190755596362059e-02 -1.042598965250554621e-02 -1.990591790345728335e-02 5.797398793572865888e-02 9.096960559669407809e-02 4.078119520176449325e-02
3.542535394093270645e-02 -1.219122551578569885e-02 -2.323412842514614718e-02 6.762178145106345628e-02 1.061604095803483638e-01 4.756339582514006875e-02
4.052984735243077979e-02 -1.396446997521169284e-02 -2.656537737721787959e-02 7.726536430078763396e-02 1.213596608507845898e-01 5.434135982734437237e-02
4.564544567265819974e-02 -1.574577227678457952e-02 -2.989967339587231571e-02 8.690471471033994755e-02 1.365673989820511969e-01 6.111506940888984662e-02
5.077220689615098009e-02 -1.753518157494001958e-02 -3.323702532120956232e-02 9.653981071010248050e-02 1.517836638985616271e-01 6.788450661498134087e-02
