0.000000000000000000e+00 0.000000000000000000e+00 0.000000000000000000e+00 0.000000000000000000e+00
2.877860271051366561e-04 -3.655559997860078811e-04 3.468040153261401325e-04 6.622868053429266724e-04
5.754409562564119247e-04 -7.310473729697496712e-04 6.933907760707827246e-04 1.324483577633813391e-03
8.629647831470293497e-04 -1.096474137804396643e-03 1.039760234837568045e-03 1.986590257935371730e-03
1.150357503487487885e-03 -1.461836312549504068e-03 1.385912344280508827e-03 2.648606787265997582e-03
1.437619113007433712e-03 -1.827133915472070862e-03 1.731847057106707501e-03 3.310533106603025504e-03
1.724749607455394827e-03 -2.192366964846169386e-03 2.077564326075376396e-03 3.972369156882615306e-03
2.011748982599211033e-03 -2.557535478953406553e-03 2.423064103996918229e-03 4.634114878998308977e-03
2.298617234224892714e-03 -2.922639476082421629e-03 2.768346343734105937e-03 5.295770213803078531e-03
2.585354358136810783e-03 -3.287678974528941093e-03 3.113410998200285499e-03 5.957335102107579571e-03
2.871960350157862132e-03 -3.652653992595771698e-03 3.458258020360285585e-03 6.618809484679901919e-03
