0.000000000000000000e+00 0.000000000000000000e+00 0.000000000000000000e+00 0.000000000000000000e+00 0.000000000000000000e+00 0.000000000000000000e+00
3.637923735425292217e-03 -1.267140055668072949e-03 -2.370783679757084393e-03 8.439091724565370503e-03 1.307795850189482495e-02 4.435618755678520306e-03
7.281441430568298505e-03 -2.538888430203127891e-03 -4.742553000365122909e-03 1.687584834566003417e-02 2.616026348115774169e-02 8.869226137459161260e-03
1.093057780897249177e-02 -3.815266174101994857e-03 -7.115311634870218928e-03 2.531025986591277366e-02 3.924692523657402621e-02 1.330082184392877842e-02
1.458535769710757150e-02 -5.096294338582748121e-03 -9.489063358524365416e-03 3.374231622754621934e-02 5.233795410613273358e-02 1.773040559487488663e-02
1.824580601568476929e-02 -6.381993962276101551e-03 -1.186381205340819242e-02 4.217200730882219445e-02 6.543336046953698859e-02 2.215797713233306349e-02
2.191194777029525573e-02 -7.672386056893106335e-03 -1.423956171340161683e-02 5.059932292028620354e-02 7.853315475082371655e-02 2.658353622172086525e-02
2.558380804134192943e-02 -8.967491591824045677e-03 -1.661631644951724884e-02 5.902425280080025177e-02 9.163734742109995446e-02 3.100708265306921854e-02
2.926141197324044763e-02 -1.026733147762777520e-02 -1.899408049561189180e-02 6.744678661334838066e-02 1.047459490014004957e-01 3.542861624235933010e-02
3.294478476286571283e-02 -1.157192654837555131e-02 -2.137285821448928202e-02 7.586691394059182081e-02 1.178589700656781092e-01 3.984813683297659670e-02
3.663395164722482028e-02 -1.288129754281754427e-02 -2.375265410440627334e-02 8.428462428016061936e-02 1.309764212439382958e-01 4.426564429728607059e-02
