0.000000000000000000e+00 0.000000000000000000e+00 0.000000000000000000e+00 0.000000000000000000e+00 0.000000000000000000e+00 0.000000000000000000e+00 0.000000000000000000e+00 0.000000000000000000e+00
5.893947333395710636e-04 6.890564399742197740e-05 -5.217376502241097665e-05 -6.172268383212147630e-04 2.078717068067388422e-03 1.152884927548798472e-03 1.215961933763312760e-03 2.136391575980458278e-03
1.178294665205715033e-03 1.377359419397836810e-04 -1.042628232656568171e-04 -1.233931669226733885e-03 4.158302391440367105e-03 2.305558439050492663e-03 2.431754760359722180e-03 4.273641562101371423e-03
1.766699356889212891e-03 2.064908699032401635e-04 -1.562671302400512198e-04 -1.850114006887330258e-03 6.238756598839416238e-03 3.458020384724432884e-03 3.647378358899252496e-03 6.411750348660280249e-03
2.354608369085193619e-03 2.751704039670775453e-04 -2.081866413844460850e-04 -2.465773364919729947e-03 8.320080319841939923e-03 4.610270614611554005e-03 4.862832608316626330e-03 8.550718325854226101e-03
2.942021261892709301e-03 3.437745202115349060e-04 -2.600213120631146438e-04 -3.080909256385131606e-03 1.040227418490758705e-02 5.762308978581901983e-03 6.078117387377977854e-03 1.069054588380456867e-02
3.528937594813432235e-03 4.123031947169421545e-04 -3.117710975653953452e-04 -3.695521193787958993e-03 1.248533882538043448e-02 6.914135326334759635e-03 7.293232574681248956e-03 1.283123341255246533e-02
4.115356926749444248e-03 4.807564035653956631e-04 -3.634359531053406420e-04 -4.309608689074729063e-03 1.456927487349213117e-02 8.065749507397936696e-03 8.508178048654909884e-03 1.497278130206067433e-02
4.701278816002065104e-03 5.491341228388671751e-04 -4.150158338219013597e-04 -4.923171253632802752e-03 1.665408296236485508e-02 9.217151371126578938e-03 9.722953687557886818e-03 1.711518994221089204e-02
5.286702820270602204e-03 6.174363286205419811e-04 -4.665106947778851847e-04 -5.536208398289674606e-03 1.873976372601286050e-02 1.036834076670437553e-02 1.093755936947896600e-02 1.925845972280342683e-02
5.871628496649549875e-03 6.856629969943230053e-04 -5.179204909603553255e-04 -6.148719633311009077e-03 2.082631779934742897e-02 1.151931754314154330e-02 1.215199497233620737e-02 2.140259103355562215e-02
