0.000000000000000000e+00 0.000000000000000000e+00 0.000000000000000000e+00 0.000000000000000000e+00
4.410689476296606945e-03 -4.410689476296558373e-03 1.539913296777565416e-02 6.110764502644794142e-03
8.827331417344574591e-03 -8.827331417344607550e-03 3.085405786324050409e-02 1.216573707759963097e-02
1.324991506899277256e-02 -1.324991506899265634e-02 4.636562247220398642e-02 1.816406993905634454e-02
1.767842767410411978e-02 -1.767842767410402610e-02 6.193469214503470599e-02 2.410489773664600821e-02
2.211285432968396886e-02 -2.211285432968378845e-02 7.756215025117817186e-02 2.998733710092234273e-02
2.655317783763352230e-02 -2.655317783763343209e-02 9.324889864645394266e-02 3.581048617606650414e-02
3.099937854932651934e-02 -3.099937854932651241e-02 1.089958581534061777e-01 4.157342413953434707e-02
3.545143420429409248e-02 -3.545143420429386349e-02 1.248039690549848091e-01 4.727521070837584216e-02
3.990931976340773846e-02 -3.990931976340758580e-02 1.406741916018303673e-01 5.291488563195046596e-02
4.437300723707536532e-02 -4.437300723707512939e-02 1.566075065334293082e-01 5.849146817077165855e-02
