0.000000000000000000e+00 0.000000000000000000e+00 0.000000000000000000e+00 0.000000000000000000e+00 0.000000000000000000e+00 0.000000000000000000e+00 0.000000000000000000e+00 0.000000000000000000e+00 0.000000000000000000e+00 0.000000000000000000e+00
3.621502207976544591e-04 1.613473948225139555e-04 4.654900799325585549e-05 -1.181058670719784475e-04 -6.302615467476152967e-04 1.121301398570711053e-03 8.156661593593697145e-04 1.021947617371767687e-03 1.254247100043442281e-03 2.179161310146263478e-03
7.228015976181619007e-04 3.228261658068116557e-04 9.348513363051822139e-05 -2.359716361522277322e-04 -1.261260178777749274e-03 2.237577478693614404e-03 1.629178335426343608e-03 2.043810905704465924e-03 2.510519074206513882e-03 4.364330271569908520e-03
1.081939663070906853e-03 4.844379966307162111e-04 1.408129239967414580e-04 -3.535946213831010505e-04 -1.893007409400334099e-03 3.348760744304011758e-03 2.440510973353176606e-03 3.065589505982486019e-03 3.768841240924538337e-03 6.555576549744855999e-03
1.439549708283173685e-03 6.461845923145620408e-04 1.885369988281923820e-04 -4.709720884999304773e-04 -2.525514923881633060e-03 4.454782622353510753e-03 3.249638106454787265e-03 4.087283049276845340e-03 5.029239323740769020e-03 8.752970941001541119e-03
1.795616778719513230e-03 8.080676796388086515e-04 2.366620517705666528e-04 -5.881012540169974854e-04 -3.158794582488515679e-03 5.555573444049808490e-03 4.056533348996122119e-03 5.108891156604891334e-03 6.291739458691885875e-03 1.095658539395230266e-02
2.150125668953257064e-03 9.700890074736870762e-04 2.851928518653841439e-04 -7.049792841277809823e-04 -3.792858423710427935e-03 6.651062423049401186e-03 4.861169887728718914e-03 6.130413438643585351e-03 7.556368202584764875e-03 1.316649303293065086e-02
2.503060917304655505e-03 1.132250347113770463e-03 3.341342450709611201e-04 -8.216032935789630747e-04 -4.427718667548493671e-03 7.741177633124434951e-03 5.663520473218467896e-03 7.151849495431739957e-03 8.823152541465604029e-03 1.538276818199841786e-02
2.854406800341975289e-03 1.294553492617567985e-03 3.834911558216690087e-04 -9.379703445113067367e-04 -5.063387718879269403e-03 8.825845985300196164e-03 6.463557410968048637e-03 8.173198916067200837e-03 1.009211989930265153e-02 1.760548638955111017e-02
3.204147327240708127e-03 1.457000261153774782e-03 4.332685886245800670e-04 -1.054077445271770462e-03 -5.699878170891048076e-03 9.904993204436071327e-03 7.261252552312293281e-03 9.194461278388691566e-03 1.136329814687294347e-02 1.983472445352004940e-02
3.552266233995764275e-03 1.619592493351819243e-03 4.834716296945825212e-04 -1.169921549191969227e-03 -6.337202808596834568e-03 1.097854380524433855e-02 8.056577285101581762e-03 1.021563614865327735e-02 1.263671561086852045e-02 2.207056044720291654e-02
