0.000000000000000000e+00 0.000000000000000000e+00 0.000000000000000000e+00 0.000000000000000000e+00 0.000000000000000000e+00 0.000000000000000000e+00
4.029917005052047370e-03 -1.954146762808811263e-03 -2.075770242243041817e-03 1.116743376411648281e-02 1.249818118594415300e-02 2.323388691578302887e-03
8.067522442299556937e-03 -3.915777982252802158e-03 -4.151744460046613398e-03 2.233310841675403835e-02 2.499994478219811841e-02 4.644954084325709359e-03
1.211286069380634184e-02 -5.884938377445069271e-03 -6.227922316360876183e-03 3.349699771696067196e-02 3.750531659257784478e-02 6.964696615378386524e-03
1.616597658933719567e-02 -7.861673146146842470e-03 -8.304303443189924722e-03 4.465907516297042829e-02 5.001432272880539792e-02 9.282616674780011859e-03
2.022691541131804369e-02 -9.846027969200754626e-03 -1.038088744211683456e-02 5.581931398437060127e-02 6.252698961969559155e-02 1.159871460412836841e-02
2.429572290014945374e-02 -1.183804901486429015e-02 -1.245767388528458766e-02 6.697768713408791541e-02 7.504334402041853980e-02 1.391299069532733745e-02
2.837244525991382965e-02 -1.383778294302979474e-02 -1.453466231688336878e-02 7.813416728017302804e-02 8.756341302184285358e-02 1.622544518945733330e-02
3.245712916451963526e-02 -1.584527690932083580e-02 -1.661185225519804659e-02 8.928872679736449269e-02 1.000872240599629120e-01 1.853607827578423323e-02
3.654982176433096974e-02 -1.786057856905596403e-02 -1.868924319527419040e-02 1.004413377584047889e-01 1.126148049254243055e-01 2.084489009092187553e-02
4.065057069333193052e-02 -1.988373608107239093e-02 -2.076683461225858202e-02 1.115919719250676179e-01 1.251461837731599469e-01 2.315188071816198789e-02
