0.000000000000000000e+00 0.000000000000000000e+00 0.000000000000000000e+00 0.000000000000000000e+00 0.000000000000000000e+00 0.000000000000000000e+00
2.863388357672197113e-03 3.624561650930409502e-04 -3.225844522765085407e-03 4.537951258019015145e-03 9.940529308953604051e-03 9.564905402176460819e-03
5.730004912077794714e-03 7.268518362791474233e-04 -6.456856748356627068e-03 9.074365781453602384e-03 1.988430164246641693e-02 1.912810451437881032e-02
8.599856452159479470e-03 1.093206968247488909e-03 -9.693063420406633143e-03 1.360924101855540656e-02 2.983134268913385442e-02 2.868957419975853851e-02
1.147294970883855000e-02 1.461541821794182846e-03 -1.293449153063222154e-02 1.814257436570678936e-02 3.978167837278587249e-02 3.824929113810424108e-02
1.434929135037318719e-02 1.831876971483075486e-03 -1.618116832185563514e-02 2.267436316534569840e-02 4.973533485815070931e-02 4.780723182224991263e-02
1.722888797750060305e-02 2.204233313667460382e-03 -1.943312129116731707e-02 2.720460470381515922e-02 5.969233855670573463e-02 5.736337255437452126e-02
2.011174611835217854e-02 2.578632074888230138e-03 -2.269037819323954652e-02 3.173329620913475924e-02 6.965271613272400186e-02 6.691768944218615123e-02
2.299787222313224785e-02 2.955094820661499817e-03 -2.595296704379284128e-02 3.626043484868370081e-02 7.961649450953188489e-02 7.647015839497865730e-02
2.588727265855040455e-02 3.333643464671965685e-03 -2.922091612322131812e-02 4.078601772679631143e-02 8.958370087598942211e-02 8.602075511955781240e-02
2.877995370199542061e-02 3.714300278383366079e-03 -3.249425398037758539e-02 4.531004188225985080e-02 9.955436269321302212e-02 9.556945511601988574e-02
