0.000000000000000000e+00 0.000000000000000000e+00 0.000000000000000000e+00 0.000000000000000000e+00 0.000000000000000000e+00 0.000000000000000000e+00 0.000000000000000000e+00 0.000000000000000000e+00
2.205107204743758827e-03 -3.593587686838854755e-04 1.290544669450245045e-04 -1.974802903004814481e-03 4.437918151948042587e-03 9.569544691641715395e-03 8.472254165302334564e-03 2.463899978991043044e-03
4.411491520811413984e-03 -7.242617391368371543e-04 2.617701500566352313e-04 -3.948999931731167826e-03 8.871943946597571351e-03 1.914248315401076428e-02 1.694727121677339771e-02 4.925535658384809327e-03
6.619143108827996169e-03 -1.094775767126699492e-03 3.981958175596437416e-04 -5.922563159260789932e-03 1.330205032561847939e-02 2.871883821972899889e-02 2.542506602417131736e-02 7.384896394130910369e-03
8.828051973839583580e-03 -1.470968799622914772e-03 5.383811563537017897e-04 -7.895464330570176742e-03 1.772820992194957396e-02 3.829863303770125738e-02 3.390565351488564194e-02 9.841971476996592971e-03
1.103820796342340309e-02 -1.852909898798939595e-03 6.823767965841651129e-04 -9.867674861208377071e-03 2.215039505285598675e-02 4.788189108029693858e-02 4.238904867370314744e-02 1.229675013256030860e-02
1.324960076582781289e-02 -2.240669266698079240e-03 8.302343369764892539e-04 -1.183916583610587075e-02 2.656857771279071134e-02 5.746863615064748410e-02 5.087526654262285175e-02 1.474922152123850708e-02
1.546221990815312315e-02 -2.634318270588073291e-03 9.820063709519849526e-04 -1.380990800851675249e-02 3.098272956604783759e-02 6.705889239006458669e-02 5.936432222072418607e-02 1.719937473834602312e-02
1.767605475458973105e-02 -3.033929469034904111e-03 1.137746513549425451e-03 -1.577987179910395749e-02 3.539282193920550296e-02 7.665268428556885894e-02 6.785623086409234284e-02 1.964719881419978859e-02
1.989109450472993645e-02 -3.439576638729289690e-03 1.297509429171820119e-03 -1.774902729517200545e-02 3.979882581334011349e-02 8.625003667753357306e-02 7.635100768581300212e-02 2.209268271426288038e-02
2.210732819197339105e-02 -3.851334802100668531e-03 1.461350860181735017e-03 -1.971734425005398916e-02 4.420071181601313570e-02 9.585097476743451028e-02 8.484866795604624479e-02 2.453581533933877484e-02
