0.000000000000000000e+00 0.000000000000000000e+00 0.000000000000000000e+00 0.000000000000000000e+00
8.610911231921393233e-05 -3.805103979992781479e-04 4.563295494495148315e-05 8.211150059377599151e-04
1.721998632486791323e-04 -7.608567748549959972e-04 9.122955105105852002e-05 1.642147536261670321e-03
2.582722468842354774e-04 -1.141039144101198581e-03 1.367897776327355833e-04 2.463097562492155747e-03
3.443262573283423873e-04 -1.521057519315281020e-03 1.823136240162241380e-04 3.283965056187972478e-03
4.303618886896522851e-04 -1.900911914119879755e-03 2.278010795406782937e-04 4.104749988952928648e-03
5.163791350836681796e-04 -2.280602342183294783e-03 2.732521335580105496e-04 4.925452332433992095e-03
6.023779906325302941e-04 -2.660128817218328483e-03 3.186667754320384599e-04 5.746072058322434194e-03
6.883584494645276879e-04 -3.039491352983503172e-03 3.640449945396474134e-04 6.566609138352922162e-03
7.743205057145998620e-04 -3.418689963281454965e-03 4.093867802702865063e-04 7.387063544303117471e-03
8.602641535243616419e-04 -3.797724661959766667e-03 4.546921220254679396e-04 8.207435247994521524e-03
