0.000000000000000000e+00 0.000000000000000000e+00 0.000000000000000000e+00 0.000000000000000000e+00 0.000000000000000000e+00 0.000000000000000000e+00 0.000000000000000000e+00 0.000000000000000000e+00 0.000000000000000000e+00 0.000000000000000000e+00
5.384367601050381487e-04 1.274658424113316209e-03 2.913165411385949290e-03 -1.999925650318287122e-03 -2.726334945285931090e-03 1.091549817900148035e-03 2.032672608487321418e-03 8.374379427836912970e-03 1.152447774998988962e-02 3.551116167577353031e-03
1.075993706927835195e-03 2.548059810303651088e-03 5.832482073350440249e-03 -4.004455434648464436e-03 -5.452080155933292094e-03 2.182276335344502088e-03 4.063495680252895981e-03 1.675019010977680384e-02 2.305572853979587569e-02 7.096700878414016062e-03
1.612668527697526128e-03 3.820198280178397320e-03 8.757967197675875851e-03 -6.013608589139409280e-03 -8.177225416411998404e-03 3.272176808628023386e-03 6.092470578290702654e-03 2.512743921810055986e-02 3.459375988499562016e-02 1.063674082536138731e-02
2.148458882447288210e-03 5.091067934274348325e-03 1.168963767183613112e-02 -8.027404018301155866e-03 -1.090176047025620369e-02 4.361248450920712956e-03 8.119598679992571372e-03 3.350613390342178921e-02 4.613857950694486010e-02 1.417122254588843409e-02
2.683362403308772130e-03 6.360662851452534780e-03 1.462751003769032984e-02 -1.004586026965964204e-02 -1.362567502279157447e-02 5.449488431253719962e-03 1.014488137750260525e-02 4.188628128633771486e-02 5.769019534765266327e-02 1.770013241621361949e-02
3.217376693807931769e-03 7.628977088239231354e-03 1.757160046960179814e-02 -1.206899550775624233e-02 -1.634895874389215992e-02 6.536893873521991936e-03 1.216832007805289384e-02 5.026788844854014615e-02 6.924861558535262696e-02 2.122345664528496254e-02
3.750499328163622165e-03 8.896004678120374848e-03 2.052192475198597044e-02 -1.409682748752427023e-02 -1.907160127074508660e-02 7.623461855504794389e-03 1.418991620427383256e-02 5.865096242335473414e-02 8.081384865080763757e-02 2.474118126860368541e-02
4.282727850597153538e-03 1.016173963079376741e-02 2.347849825629822265e-02 -1.612937352708113461e-02 -2.179359221060734805e-02 8.709189407914607467e-03 1.620967119448058283e-02 6.703551018566587805e-02 9.238590324438458734e-02 2.825329214189091151e-02
4.814059774657859433e-03 1.142617593138894536e-02 2.644133591746990544e-02 -1.816665047998577628e-02 -2.451492114352995730e-02 9.794073513481148588e-03 1.822758650292949367e-02 7.542153864119342799e-02 1.039647883539356055e-01 3.175977493458898016e-02
5.344492582570681966e-03 1.268930753966224581e-02 2.941045220980859076e-02 -2.020867470701247920e-02 -2.723557762502805055e-02 1.087811110607673701e-02 2.024366360004110216e-02 8.380905461507591470e-02 1.155505132735282769e-01 3.526061512319909191e-02
