0.000000000000000000e+00 0.000000000000000000e+00 0.000000000000000000e+00 0.000000000000000000e+00 0.000000000000000000e+00 0.000000000000000000e+00 0.000000000000000000e+00 0.000000000000000000e+00 0.000000000000000000e+00 0.000000000000000000e+00
1.047908765546076790e-03 7.393917174805947345e-04 4.117709114340678089e-04 -2.117891900755297391e-04 -1.987282192219596948e-03 2.354354891198083121e-03 3.850209523081054002e-03 5.317932886263532222e-03 6.622422158727764643e-03 5.898466541201220770e-03
2.094118447029722548e-03 1.479227331006383386e-03 8.248585826956714813e-04 -4.219528285477199773e-04 -3.976251519823626943e-03 4.703017737669292278e-03 7.695819684488784673e-03 1.063513284613961350e-02 1.324864375695174006e-02 1.180415796880603455e-02
3.138620997388919670e-03 2.219508137327164642e-03 1.239268599120515318e-03 -6.304836732391465477e-04 -5.966914048035147286e-03 7.045962836408467024e-03 1.153681324194450429e-02 1.595159797149255793e-02 1.987868008221949090e-02 1.771710385556257011e-02
4.181408315118621474e-03 2.960235431142495266e-03 1.655006571713281199e-03 -8.373744428807265543e-04 -7.959275862322772246e-03 9.383164326040579345e-03 1.537317284712722693e-02 2.126732635865451540e-02 2.651254652994717784e-02 2.363733391941761144e-02
5.222472246790258073e-03 3.701410506439023994e-03 2.072078135947926295e-03 -1.042617805512572248e-03 -9.953343070678185439e-03 1.171459618969600616e-02 1.920488104736001872e-02 2.658231610793645658e-02 3.315025859779732742e-02 2.956487803194294064e-02
6.261804586602262579e-03 4.443034656416974815e-03 2.490488951551940444e-03 -1.246206377695892277e-03 -1.194912180366550745e-02 1.404023225369404985e-02 2.303192028464754598e-02 3.189656532384475135e-02 3.979183188708198399e-02 3.549976621899821744e-02
7.299397075925519347e-03 5.185109173417775177e-03 2.910244702278143823e-03 -1.448132723701324540e-03 -1.394661821447905695e-02 1.636004618621331522e-02 2.685427289470463177e-02 3.721007211528955250e-02 4.643728210419410807e-02 4.144202866138384928e-02
8.335241402843198213e-03 5.927635348850234832e-03 3.331351095666501821e-03 -1.648389354669060718e-03 -1.594583847901061627e-02 1.867401149594664911e-02 3.067192110597127819e-02 4.252283459580254166e-02 5.308662506207794535e-02 4.739169569549176592e-02
9.369329201687075920e-03 6.670614473115913691e-03 3.753813862794335050e-03 -1.846968727743852640e-03 -1.794678879592510184e-02 2.098210153074112766e-02 3.448484703861341705e-02 4.783485088375072358e-02 5.973987668173002391e-02 5.334879781394538667e-02
1.040165205256651446e-02 7.414047835533666558e-03 4.177638758013466243e-03 -2.043863245180374197e-03 -1.994947538674789536e-02 2.328428947622192963e-02 3.829303270351518823e-02 5.314611910255128552e-02 6.639705299373518943e-02 5.931336566623174322e-02
