0.000000000000000000e+00 0.000000000000000000e+00 0.000000000000000000e+00 0.000000000000000000e+00 0.000000000000000000e+00 0.000000000000000000e+00 0.000000000000000000e+00 0.000000000000000000e+00
5.443934314808252482e-04 1.310353371091057075e-04 -1.340031181835650911e-04 -5.331742238745447449e-04 1.780288961623304519e-03 1.073856134293365043e-03 1.061639455240476464e-03 1.735078048990351847e-03
1.088441241596778278e-03 2.621230730572903715e-04 -2.680610721157243559e-04 -1.065993807342989442e-03 3.561180052464422291e-03 2.147672201512515217e-03 2.123215270245275722e-03 3.470622673145570564e-03
1.632143173455142138e-03 3.932633578398164590e-04 -4.021740111578375005e-04 -1.598458508872619257e-03 5.342673528096834532e-03 3.221448317342947079e-03 3.184727507192143363e-03 5.206633738117275208e-03
2.175498969914862069e-03 5.244563417540737925e-04 -5.363420849602918219e-04 -2.130568086819968100e-03 7.124769644170442229e-03 4.295184597837454522e-03 4.246176228476971660e-03 6.943111108426813609e-03
2.718508373585867659e-03 6.557021753991438629e-04 -6.705654434608581240e-04 -2.662322299433512660e-03 8.907468656414060243e-03 5.368881159420595475e-03 5.307561496719886279e-03 8.680054647475747912e-03
3.261171126828360089e-03 7.870010096762276560e-04 -8.048442368857045004e-04 -3.193720904853455771e-03 1.069077082063535529e-02 6.442538118889984053e-03 6.368883374765727662e-03 1.041746421754041058e-02
3.803486971752119330e-03 9.183529957896521172e-04 -9.391786157502022767e-04 -3.724763661112059053e-03 1.247467639272091533e-02 7.516155593416325685e-03 7.430141925685370720e-03 1.215533967976849608e-02
4.345455650216451665e-03 1.049758285247750795e-03 -1.073568730859145778e-03 -4.255450326134256785e-03 1.425918562863702325e-02 8.589733700545517867e-03 8.491337212775758661e-03 1.389368089417600087e-02
4.887076903829333172e-03 1.181217029864137236e-03 -1.208014733308761680e-03 -4.785780657737115536e-03 1.604429878442773308e-02 9.663272558199051745e-03 9.552469299561393984e-03 1.563248771964073289e-02
5.428350473947299130e-03 1.312729381758158832e-03 -1.342516774486139479e-03 -5.315754413631306081e-03 1.783001611621593333e-02 1.073677228467654655e-02 1.061353824979469063e-02 1.737176001390080063e-02
