0.000000000000000000e+00 0.000000000000000000e+00 0.000000000000000000e+00 0.000000000000000000e+00 0.000000000000000000e+00 0.000000000000000000e+00 0.000000000000000000e+00 0.000000000000000000e+00
2.576520180746955709e-03 -1.990664453267529908e-03 1.250788078173681143e-03 -1.836643805653047096e-03 7.038080845122017017e-03 7.439560271079266249e-03 6.523472327996000797e-03 5.208193799107635816e-03
5.161655305837900380e-03 -3.993760497727894335e-03 2.509530318962761852e-03 -3.677425127072754020e-03 1.407338968932734732e-02 1.488228213630098801e-02 1.304785720024565290e-02 1.041508546073612040e-02
7.755492215338687968e-03 -6.009429812062982990e-03 3.776311618429729379e-03 -5.522374021705338948e-03 2.110588973709274715e-02 2.232821054130944283e-02 1.957315924341467006e-02 1.562066220809850067e-02
1.035811923946038278e-02 -8.037816741348000060e-03 5.051218389718570463e-03 -7.371520887830886395e-03 2.813554348075624281e-02 2.977739137344605214e-02 2.609938304107284682e-02 2.082491107794483265e-02
1.296962623695050582e-02 -1.007906837108551307e-02 6.334338603267700672e-03 -9.224896469132732452e-03 3.516231267758763296e-02 3.722987149305921617e-02 3.262653312970983238e-02 2.602781891616820151e-02
1.559010463510497602e-02 -1.213333460420385444e-02 7.625761828418764141e-03 -1.108253185931974347e-02 4.218615832593384379e-02 4.468569876609990166e-02 3.915461399452581370e-02 3.122937237327020124e-02
1.821964747151814598e-02 -1.420076824119639522e-02 8.925579276479720520e-03 -1.294445850680130822e-02 4.920704064039034542e-02 5.214492209807768119e-02 4.568363006498899620e-02 3.642955789967772251e-02
2.085834943769876437e-02 -1.628152506358956225e-02 1.023388384530140964e-02 -1.481070821941055105e-02 5.622491902594051183e-02 5.960759146944753784e-02 5.221358571014275696e-02 4.162836174090949609e-02
2.350630692469214342e-02 -1.837576392095015276e-02 1.155077016543598449e-02 -1.668131316917796647e-02 6.323975205100355879e-02 6.707375797251240168e-02 5.874448523364893954e-02 4.682576993258012049e-02
2.616361807086355420e-02 -2.048364682165409317e-02 1.287633464794139641e-02 -1.855630589715061285e-02 7.025149741932051883e-02 7.454347384993331715e-02 6.527633286855445693e-02 5.202176829524169516e-02
