0.000000000000000000e+00 0.000000000000000000e+00 0.000000000000000000e+00 0.000000000000000000e+00 0.000000000000000000e+00 0.000000000000000000e+00
3.319027454606521699e-03 -2.783258161672924440e-04 -3.040701638438916138e-03 8.811815739116452689e-03 1.208868585889594748e-02 7.520972404949003917e-03
6.642990669300123663e-03 -5.614052945702113859e-04 -6.081585374729906422e-03 1.763412995971128799e-02 2.417601041144053220e-02 1.503280763477033918e-02
9.971939334944288427e-03 -8.493335250810238757e-04 -9.122605809863159818e-03 2.646713629264504583e-02 3.626196947774601442e-02 2.253531623849154564e-02
1.330592420831632622e-02 -1.142208007215579288e-03 -1.216371620110067060e-02 3.531103330131075968e-02 4.834655898446466038e-02 3.002830372606873216e-02
1.664499714185400589e-02 -1.440128724174719044e-03 -1.520486841767913072e-02 4.416602464242980891e-02 6.042977496973743479e-02 3.751157040263748688e-02
1.998921111447680976e-02 -1.743198219585445803e-03 -1.824601289489133360e-02 5.303231923324688846e-02 7.251161358822538761e-02 4.498491119629396962e-02
2.333862026354109956e-02 -2.051521677058507943e-03 -2.128709858648246064e-02 6.191013142541271219e-02 8.459207111621264152e-02 5.244811547910186583e-02
2.669327991797770111e-02 -2.365207002688148562e-03 -2.432807291528940943e-02 7.079968118588282622e-02 9.667114395677713079e-02 5.990096688102836131e-02
3.005324663267434221e-02 -2.684364910626119496e-03 -2.736888172204796424e-02 7.970119428515948234e-02 1.087488286450140479e-01 6.734324309647511664e-02
3.341857822416312296e-02 -3.009109011870524791e-03 -3.040946921229208469e-02 8.861490249323186741e-02 1.208251218533020060e-01 7.477471568307592076e-02
