0.000000000000000000e+00 0.000000000000000000e+00 0.000000000000000000e+00 0.000000000000000000e+00
7.397265703636169169e-04 -6.241465245299733944e-04 3.167351616260498902e-03 2.338353128916068838e-03
1.478444823766593549e-03 -1.247743381436537029e-03 6.337341056201807772e-03 4.677850138541511486e-03
2.216152259986363480e-03 -1.870789765482027247e-03 9.509973296640569437e-03 7.018492014956112177e-03
2.952846369853958514e-03 -2.493284869701109432e-03 1.268525333334138798e-02 9.360279746071715687e-03
3.688524635188488495e-03 -3.115227885387953852e-03 1.586318618129432464e-02 1.170321432167667312e-02
4.423184528744110271e-03 -3.736618002087921993e-03 1.904377687484774123e-02 1.404729673344330687e-02
5.156823514156006448e-03 -4.357454407590466774e-03 2.222703046784412634e-02 1.639252797493536556e-02
5.889439045885519995e-03 -4.977736287920015920e-03 2.541295203375749587e-02 1.873890904161652771e-02
6.621028569166297582e-03 -5.597462827328266756e-03 2.860154666583039976e-02 2.108644093085902324e-02
7.351589519947465678e-03 -6.216633208286378651e-03 3.179281947721400436e-02 2.343512464194965478e-02
