0.000000000000000000e+00 0.000000000000000000e+00 0.000000000000000000e+00 0.000000000000000000e+00 0.000000000000000000e+00 0.000000000000000000e+00
2.940310022495951081e-03 6.542798056364445072e-05 -3.005738003059673594e-03 7.618532981718387914e-03 1.123620812672883156e-02 7.938504243211916625e-03
5.882591299757451014e-03 1.313121478485786142e-04 -6.013903447605987128e-03 1.523701739402870230e-02 2.247089324600612392e-02 1.587858006328344077e-02
8.826846085118696117e-03 1.976569439622022882e-04 -9.024503029080971697e-03 2.285545217365694132e-02 3.370404728229238478e-02 2.382023659902793300e-02
1.177307657180415128e-02 2.644668599605069781e-04 -1.203754343176476581e-02 3.047383613773187172e-02 4.493566230160694897e-02 3.176348296729761961e-02
1.472128489101182276e-02 3.317464345507247815e-04 -1.505303132556264252e-02 3.809216797877448824e-02 5.616573052063986160e-02 3.970832825888168799e-02
1.767147311002617571e-02 3.995002526755750231e-04 -1.807097336270187954e-02 4.571044625950678592e-02 6.739424431621038325e-02 4.765478153423800822e-02
2.062364323036028346e-02 4.677329439787564908e-04 -2.109137617433933659e-02 5.332866940746956719e-02 7.862119623509172817e-02 5.560285181905258445e-02
2.357779718593296450e-02 5.364491811503061675e-04 -2.411424636708345282e-02 6.094683570944350176e-02 8.984657900421469390e-02 6.355254809961476126e-02
2.653393684127974828e-02 6.056536781531554267e-04 -2.713959051943304335e-02 6.856494330566000051e-02 1.010703855412706798e-01 7.150387931800177010e-02
2.949206398980460525e-02 6.753511883307757035e-04 -3.016741517813564463e-02 7.618299018379889875e-02 1.122926089657280413e-01 7.945685436706445559e-02
