0.000000000000000000e+00 0.000000000000000000e+00 0.000000000000000000e+00 0.000000000000000000e+00 0.000000000000000000e+00 0.000000000000000000e+00 0.000000000000000000e+00 0.000000000000000000e+00 0.000000000000000000e+00 0.000000000000000000e+00
1.404437186865794239e-03 -2.739427816725141518e-04 3.060437961490818657e-05 2.595029750770877540e-04 -1.420601759953522706e-03 4.896735675903313503e-03 5.244835240147744347e-03 4.337103563711749293e-03 5.296552938866455444e-03 4.892224880724268393e-03
2.808883223498210256e-03 -5.497005933579371915e-04 6.126988456835158990e-05 5.207525869889075443e-04 -2.841205101782677198e-03 9.795235028152242049e-03 1.048901376000722224e-02 8.672077850020720735e-03 1.059243631631947256e-02 9.786141631261976656e-03
4.213337891097719209e-03 -8.272776448305491602e-04 9.199684411471454638e-05 7.837525505569065696e-04 -4.261809641040911409e-03 1.469550032010942878e-02 1.573253483404825348e-02 1.300492043381817550e-02 1.588764912188202552e-02 1.468175216230370624e-02
5.617800958319825455e-03 -1.106678157085889047e-03 1.227855882998952737e-04 1.048506591373777035e-03 -5.682414981026522385e-03 1.959753380792324945e-02 2.097539774759333425e-02 1.733562888115430800e-02 2.118219035482073187e-02 1.957905836706218955e-02
7.022272181132304010e-03 -1.387906361713480297e-03 1.536364476387784388e-04 1.315018448339942908e-03 -7.103020715532833325e-03 2.450133774284289634e-02 2.621760179741620261e-02 2.166420075029742640e-02 2.647605902618417259e-02 2.447806212819731569e-02
8.426751302394749552e-03 -1.670966500636545098e-03 1.845497530384709872e-04 1.583291873788638792e-03 -8.523626428737144170e-03 2.940691437096681210e-02 3.145914629210027486e-02 2.599063359156415440e-02 3.176925415913415401e-02 2.937876531754795087e-02
9.831238051427408295e-03 -1.955862825840865363e-03 2.155258357181678939e-04 1.853330633616114692e-03 -9.944231695089041437e-03 3.431426593298727429e-02 3.670003055240613626e-02 3.031492494714774916e-02 3.706177478928077140e-02 3.428116979585791452e-02
1.123573214356855809e-02 -2.242599599092750737e-03 2.465650271274960181e-04 2.125138507417556263e-03 -1.136483607920523928e-02 3.922339466392531226e-02 4.194025391164946104e-02 3.463707235094037190e-02 4.235361996502330639e-02 3.918527741250024676e-02
1.264023327972137352e-02 -2.531181091646062236e-03 2.776676588621385632e-04 2.398719288627084150e-03 -1.278543913576487764e-02 4.413430279286079810e-02 4.717981571608097918e-02 3.895707332835265935e-02 4.764478874789922214e-02 4.409109000519383093e-02
1.404474114588845010e-02 -2.821611583938030653e-03 3.088340625782999820e-04 2.674076784664175272e-03 -1.420604040940888664e-02 4.904699254265703495e-02 5.241871532528333266e-02 4.327492539613084915e-02 5.293528021293762709e-02 4.899860939971960316e-02
