0.000000000000000000e+00 0.000000000000000000e+00 0.000000000000000000e+00 0.000000000000000000e+00
5.788315526445173085e-04 -5.564729096233236253e-04 1.735731606691791329e-03 1.711843225763454374e-03
1.157248726006653494e-03 -1.112542591238344526e-03 3.471678754760511212e-03 3.423965087868892018e-03
1.735251362007422240e-03 -1.668208882944096543e-03 5.207840804239000955e-03 5.136365235830876036e-03
2.312839302842973049e-03 -2.223471622967849483e-03 6.944217113568140927e-03 6.849043318346541807e-03
2.890012390989211456e-03 -2.778330649668406174e-03 8.680807039609814146e-03 8.561998983310517564e-03
3.466770469203065384e-03 -3.332785801535761809e-03 1.041760993764627094e-02 1.027523187781333516e-02
4.043113380523718527e-03 -3.886836917191614175e-03 1.215462516137368922e-02 1.198874164814011170e-02
4.619040968272222422e-03 -4.440483835389485295e-03 1.389185206289952727e-02 1.370252793976757359e-02
5.194553076053069415e-03 -4.993726395014611713e-03 1.562928999273880196e-02 1.541659039736434193e-02
5.769649547755147621e-03 -5.546564435084997899e-03 1.736693829980964776e-02 1.713092866478693743e-02
