0.000000000000000000e+00 0.000000000000000000e+00 0.000000000000000000e+00 0.000000000000000000e+00 0.000000000000000000e+00 0.000000000000000000e+00 0.000000000000000000e+00 0.000000000000000000e+00
5.654575263225585652e-04 8.420512684873118292e-05 -1.122358820289611522e-04 -4.663750092750840572e-04 1.911213111348979447e-03 1.180758130657995559e-03 1.065921950809375733e-03 1.519473385479784945e-03
1.130986714956143174e-03 1.682576335434236132e-04 -2.245724425861826863e-04 -9.319339309698100550e-04 3.825105468055685007e-03 2.362018489933360391e-03 2.131184916743721677e-03 3.037269008366135468e-03
1.696592640859267802e-03 2.521558920860698916e-04 -3.370112230738091697e-04 -1.396670855412052419e-03 5.741706101868936964e-03 3.543788545040823645e-03 3.195781357268646060e-03 4.553358305791289397e-03
2.262280465747426063e-03 3.358982462007339552e-04 -4.495537901003267950e-04 -1.860579774972337614e-03 7.661044539116933921e-03 4.726075889433455426e-03 4.259703603362605638e-03 6.067712228495735632e-03
2.828055440123744199e-03 4.194830106952600617e-04 -5.622017360691415307e-04 -2.323654581834343810e-03 9.583150812035765367e-03 5.908888245692318214e-03 5.322943854623058205e-03 7.580301229944920970e-03
3.393922905128041699e-03 5.029084708305055955e-04 -6.749566797154028797e-04 -2.785889065808242696e-03 1.150805546963377252e-02 7.092233468274463347e-03 6.385494176447157472e-03 9.091095255736513989e-03
3.959888294430119991e-03 5.861728816719287546e-04 -7.878202666565014070e-04 -3.247276912089529233e-03 1.343578958883145588e-02 8.276119546335556840e-03 7.447346497140373660e-03 1.060006373273942107e-02
4.525957136172634523e-03 6.692744674245858835e-04 -9.007941699574712824e-04 -3.707811698955854225e-03 1.536638478589645584e-02 9.460554606618236037e-03 8.508492604948179536e-03 1.210717555794900771e-02
5.092135054961410660e-03 7.522114207520032509e-04 -1.013880090709808144e-03 -4.167486895404241831e-03 1.729987322816934139e-02 1.064554691642209672e-02 9.568924145011118917e-03 1.361239908705762051e-02
5.658427773907672917e-03 8.349819020731882218e-04 -1.127079758624626674e-03 -4.626295858725125616e-03 1.923628764610285993e-02 1.183110488664967756e-02 1.062863261624311627e-02 1.511570212272502801e-02
