0.000000000000000000e+00 0.000000000000000000e+00 0.000000000000000000e+00 0.000000000000000000e+00 0.000000000000000000e+00 0.000000000000000000e+00 0.000000000000000000e+00 0.000000000000000000e+00
2.172642696423732287e-03 -5.839712076747291623e-04 1.236063741509021638e-05 -1.601032126163967574e-03 4.462761149562540289e-03 8.623330052028364487e-03 7.998562922683631615e-03 5.110887565243745628e-03
4.348772427150491941e-03 -1.173518195510898183e-03 2.830488474805676474e-05 -3.203559116387617346e-03 8.923258254934713848e-03 1.724977375395923829e-02 1.599917417898949479e-02 1.021887719115242149e-02
6.528407808349461112e-03 -1.768702332604609904e-03 4.788089661095186120e-05 -4.807586372355690529e-03 1.338147562146931036e-02 2.587935528580241618e-02 2.400184790919688768e-02 1.532394625208527428e-02
8.711567725422645486e-03 -2.369586001686457746e-03 7.113763402852258874e-05 -6.413119357764447519e-03 1.783739736957700578e-02 3.451209914493112707e-02 3.200659835115820390e-02 2.042607189240540355e-02
1.089827134035638648e-02 -2.976232622869171701e-03 9.812488210290092050e-05 -8.020163599589883244e-03 2.229100743142042526e-02 4.314803015253507873e-02 4.001343984079244742e-02 2.552523102284184192e-02
1.308853809940565063e-02 -3.588706678129620700e-03 1.288932680948437839e-04 -9.628724689370586620e-03 2.674228954756516577e-02 5.178717346018450046e-02 4.802238681259363845e-02 3.062140031676471516e-02
1.528238774112866509e-02 -4.207073736554156618e-03 1.634942799267008820e-04 -1.123880828450100552e-02 3.119122726359276065e-02 6.042955455651202734e-02 5.603345380015576499e-02 3.571455620636508621e-02
1.747984030479730888e-02 -4.831400480379067705e-03 2.019802851157010554e-04 -1.285042010953360743e-02 3.563780392667571101e-02 6.907519927400812554e-02 6.404665543671811401e-02 4.080467487874157168e-02
1.968091613920677080e-02 -5.461754731857804482e-03 2.444045501381660740e-04 -1.446356595748671259e-02 4.008200268211731948e-02 7.772413379593036409e-02 7.206200645573038188e-02 4.589173227188343696e-02
2.188563591191098126e-02 -6.098205480988674008e-03 2.908212602317581524e-04 -1.607825169115364647e-02 4.452380646985881762e-02 8.637638466332903109e-02 8.007952169144001708e-02 5.097570407055161679e-02
