0.000000000000000000e+00 0.000000000000000000e+00 0.000000000000000000e+00 0.000000000000000000e+00 0.000000000000000000e+00 0.000000000000000000e+00 0.000000000000000000e+00 0.000000000000000000e+00 0.000000000000000000e+00 0.000000000000000000e+00
4.318442080269685023e-04 2.639276001148725724e-04 -1.623719158135648907e-05 -1.104635461980974008e-04 -4.464630173542270212e-04 1.484731874064876018e-03 7.228300184467938323e-04 9.286380087817447219e-04 1.101888989573145735e-03 1.638554700955479606e-03
8.635062478936271707e-04 5.279051806388429221e-04 -3.245262716250052872e-05 -2.209569565482034014e-04 -8.926797000191656357e-04 2.969725054962560860e-03 1.445474515984052988e-03 1.857081122784125975e-03 2.203681077643428014e-03 3.277519253924868984e-03
1.294985989408518022e-03 7.919327149905396133e-04 -4.864627123013513441e-05 -3.314802411290055880e-04 -1.338649814241186977e-03 4.454979643586473581e-03 2.167933410776029003e-03 2.785329236037222336e-03 3.305376200196157889e-03 4.916894029351560891e-03
1.726283302198245275e-03 1.056010176540315808e-03 -6.481808824630655842e-05 -4.420334100487912960e-04 -1.784373125748778917e-03 5.940495741022457435e-03 2.890206620910765276e-03 3.713382242558340481e-03 4.406974293146070920e-03 6.556679398423201702e-03
2.157398055705515329e-03 1.320137538611300182e-03 -8.096804264716489432e-05 -5.526164734463446518e-04 -2.229849399747958587e-03 7.426273448559518250e-03 3.612294064403507535e-03 4.641240036357924086e-03 5.508475292342830155e-03 8.196875733092131439e-03
2.588330119189207780e-03 1.584314774478909685e-03 -9.709609884336821667e-05 -6.632294414913710110e-04 -2.675078400921332162e-03 8.912312867691944696e-03 4.334195659196329355e-03 5.568902511438511040e-03 6.609879133571366569e-03 9.837483406080531345e-03
3.019079361723338382e-03 1.848541857370864612e-03 -1.132022212201415075e-04 -7.738723243837726572e-04 -3.120059893424894076e-03 1.039861410011874709e-02 5.055911323158310614e-03 6.496369561795842587e-03 7.711185752551333490e-03 1.147850279088169848e-02
3.449645652196053555e-03 2.112818760467376818e-03 -1.292863741367200538e-04 -8.845451323549284855e-04 -3.564793640887428759e-03 1.188517724774552746e-02 5.777440974084580363e-03 7.423641081417881905e-03 8.812395084937630491e-03 1.311993426176233726e-02
3.880028859309429812e-03 2.377145456901028076e-03 -1.453485219267959224e-04 -9.952478756667772555e-04 -4.009279406407718384e-03 1.337200241268524797e-02 6.498784529696674181e-03 8.350716964285263832e-03 9.913507066319181271e-03 1.476177819376685123e-02
4.310228851578761650e-03 2.641521919756960671e-03 -1.613886288985123352e-04 -1.105980564612997312e-03 -4.453516952552674137e-03 1.485908969725939326e-02 7.219941907642373272e-03 9.277597104371336501e-03 1.101452163221998404e-02 1.640403496271898576e-02
