0.000000000000000000e+00 0.000000000000000000e+00 0.000000000000000000e+00 0.000000000000000000e+00 0.000000000000000000e+00 0.000000000000000000e+00
3.613606022990976637e-04 -1.144535366652850027e-04 -4.397362117644775144e-04 8.008665666248554471e-04 1.822346828424607637e-03 1.447854871045775160e-03
7.225184795604564598e-04 -2.289870027360988043e-04 -8.791728212417320668e-04 1.601498984195507021e-03 3.645040561558690606e-03 2.896058601096163695e-03
1.083473646731494692e-03 -3.436004602542579948e-04 -1.318309674974681546e-03 2.401897014953423542e-03 5.468081619250214111e-03 4.344611337072992741e-03
1.444226118781930749e-03 -4.582939713249479076e-04 -1.757146619345156553e-03 3.202060421095543914e-03 7.291470422059053921e-03 5.793513225997052804e-03
1.804775910704295395e-03 -5.730675981179487446e-04 -2.195683500574359664e-03 4.001988964777076531e-03 9.115207391275149604e-03 7.242764414998841341e-03
2.165123037513922658e-03 -6.879214028669894182e-04 -2.633920164722552970e-03 4.801682408111563466e-03 1.093929294892061026e-02 8.692365051317750904e-03
2.525267514248319151e-03 -8.028554478706897502e-04 -3.071856457688311708e-03 5.601140513169437611e-03 1.276372751775230012e-02 1.014231528230226040e-02
2.885209355967423631e-03 -9.178697954919207928e-04 -3.509492225208371823e-03 6.400363041979399183e-03 1.458851152126375977e-02 1.159261525540979630e-02
3.244948577752556837e-03 -1.032964508157956617e-03 -3.946827312856809877e-03 7.199349756525717792e-03 1.641364538368922377e-02 1.304326511820569530e-02
3.604485194706868838e-03 -1.148139648361095775e-03 -4.383861566044691335e-03 7.998100418749360882e-03 1.823912953000386694e-02 1.449426501836406297e-02
