0.000000000000000000e+00 0.000000000000000000e+00 0.000000000000000000e+00 0.000000000000000000e+00 0.000000000000000000e+00 0.000000000000000000e+00
2.884205392486631991e-04 1.067466640408515864e-04 -6.104572065562670043e-04 7.909506678053027096e-04 1.059574787526801560e-03 1.914636133891905534e-03
5.766564050328449806e-04 2.135317123255310926e-04 -1.220515397030311547e-03 1.581649882537455951e-03 2.119215774569781826e-03 3.829915934393101663e-03
8.647076400327859255e-04 3.203551956526875513e-04 -1.830174185893403702e-03 2.372097378003285451e-03 3.178923066612101851e-03 5.745839323711928771e-03
1.152574287016991730e-03 4.272171649250060244e-04 -2.439433187402919104e-03 3.162292888053835904e-03 4.238696769290050195e-03 7.662406222928254060e-03
1.440256388843694007e-03 5.341176711506484803e-04 -3.048292015603869080e-03 3.952236146590289850e-03 5.298536988401839933e-03 9.579616552005771821e-03
1.727753988461590198e-03 6.410567654422504730e-04 -3.656750284329426601e-03 4.741926887562722577e-03 6.358443829904393552e-03 1.149747022978677737e-02
2.015067128909739380e-03 7.480344990185505086e-04 -4.264807607201027105e-03 5.531364844972549814e-03 7.418417399917886200e-03 1.341596717398968117e-02
2.302195853316476009e-03 8.550509232033585896e-04 -4.872463597628232980e-03 6.320549752870526297e-03 8.478457804722352997e-03 1.533510730120668172e-02
2.589140204900761046e-03 9.621060894270857524e-04 -5.479717868809085707e-03 7.109481345358764984e-03 9.538565150760115047e-03 1.725489052689915467e-02
2.875900226971228515e-03 1.069200049225750614e-03 -6.086570033730417245e-03 7.898159356589686680e-03 1.059873954463727737e-02 1.917531676539551214e-02
