0.000000000000000000e+00 0.000000000000000000e+00 0.000000000000000000e+00 0.000000000000000000e+00 0.000000000000000000e+00 0.000000000000000000e+00 0.000000000000000000e+00 0.000000000000000000e+00 0.000000000000000000e+00 0.000000000000000000e+00
3.970652573035015785e-04 3.275856155866187637e-04 9.325232552440770298e-05 -2.720900115408447827e-04 -8.329401803761568319e-04 1.000629455993622911e-03 8.721374045960681711e-04 1.399978591119509100e-03 1.568662844636292946e-03 2.651023764022301769e-03
7.938118270174492671e-04 6.551652385858729340e-04 1.865084231704461099e-04 -5.442498586112562171e-04 -1.665149566424983839e-03 2.000698811259174394e-03 1.744086981944325491e-03 2.800016866759023719e-03 3.137435333786779950e-03 5.303438266939918683e-03
1.190239833767032249e-03 9.827388608906549149e-04 2.797683304451304147e-04 -8.164796849052695978e-04 -2.496627076314605204e-03 3.000207331601444181e-03 2.615848680733575023e-03 4.200114948818277870e-03 4.706317698421082912e-03 7.957243857113280652e-03
1.586349402435584992e-03 1.310306474487107822e-03 3.730320850578223058e-04 -1.088779634286433928e-03 -3.327371626889845998e-03 3.999154283017418085e-03 3.487422449608751276e-03 5.600272959419299972e-03 6.275310170077945740e-03 1.061244088027301843e-02
1.982140658171199256e-03 1.637868071457759421e-03 4.662997249215114254e-04 -1.361149850791679595e-03 -4.157382133679872124e-03 4.997538931715953675e-03 4.358808237179183018e-03 7.000491020919384459e-03 7.844412980875663938e-03 1.326902967956847430e-02
2.377613726386506709e-03 1.965423643981052508e-03 5.595712881527210034e-04 -1.633590478630966760e-03 -4.986657510896210996e-03 5.995360544117763792e-03 5.230005992020855463e-03 8.400769255911873928e-03 9.413626363515264356e-03 1.592701059555406973e-02
2.772768732758800793e-03 2.292973184332277540e-03 6.528468130736008552e-04 -1.906101662188188937e-03 -5.815196671432249984e-03 6.992618386859297992e-03 6.101015662673406163e-03 9.801107787227127111e-03 1.098295055128264974e-02 1.858638396617734445e-02
3.167605803228561341e-03 2.620516684883716831e-03 7.461263382116652219e-04 -2.178683546021154341e-03 -6.642998526860679868e-03 7.989311726791582455e-03 6.971837197642464720e-03 1.120150673793302021e-02 1.255238577804824833e-02 2.124715012676791498e-02
3.562125064000240190e-03 2.948054138105773211e-03 8.394099023006080899e-04 -2.451336274862099800e-03 -7.470061987432924551e-03 8.985439830985441495e-03 7.842470545399035653e-03 1.260196623133725581e-02 1.412193227827092216e-02 2.390930941002396629e-02
3.956326641541068126e-03 3.275585536566555205e-03 9.326975442812452007e-04 -2.724059993618455772e-03 -8.296385962077577197e-03 9.981001966728466138e-03 8.712915654379409930e-03 1.400248639098670804e-02 1.569159028699963765e-02 2.657286214599957272e-02
