0.000000000000000000e+00 0.000000000000000000e+00 0.000000000000000000e+00 0.000000000000000000e+00 0.000000000000000000e+00 0.000000000000000000e+00 0.000000000000000000e+00 0.000000000000000000e+00 0.000000000000000000e+00 0.000000000000000000e+00
1.690105999120190350e-03 1.606379176502237315e-03 -8.819167906761263016e-05 -1.700752813089398581e-03 -1.507540685406851639e-03 2.985923138064292340e-03 5.043220000901578459e-03 6.456562284570990795e-03 4.522815079883251398e-03 2.350739976502902537e-03
3.380243416341139305e-03 3.214349628678683790e-03 -1.765213620721204539e-04 -3.403130499478255935e-03 -3.014941185431340136e-03 5.971009723404405167e-03 1.008662846382998510e-02 1.291499218411315889e-02 9.045623614980837987e-03 4.700266970384340409e-03
5.070411553263296650e-03 4.823914096643839092e-03 -2.649891604681169641e-04 -5.107135960597627977e-03 -4.522200530823465570e-03 8.955258082405449446e-03 1.513022626690217060e-02 1.937529059406684420e-02 1.356842716310598801e-02 7.048579327016504283e-03
6.760609708215236345e-03 6.435075306409691193e-03 -3.535951769985459792e-04 -6.812772093297309907e-03 -6.029317746330715294e-03 1.193866653104365232e-02 2.017401428728515800e-02 2.583745842826662073e-02 1.809122727956519183e-02 9.395675384114159784e-03
8.450837177538406825e-03 8.047835969929100289e-03 -4.423395077118457992e-04 -8.520041789697703830e-03 -7.536291852078392736e-03 1.492123337612926565e-02 2.521799340262975003e-02 3.230149661546587864e-02 2.261402552004231070e-02 1.174155347277983097e-02
1.014109325564906475e-02 9.662198784390691603e-03 -5.312222417214961488e-04 -1.022894793682847109e-02 -9.043121863528616119e-03 1.790295691512881066e-02 3.026216449072741121e-02 3.876740610045309454e-02 2.713682344006190447e-02 1.408621191744255027e-02
1.183137723510174072e-02 1.127816643150010741e-02 -6.202434609582727770e-04 -1.193949341626230135e-02 -1.054980679143764123e-02 2.088383543599000441e-02 3.530652842915694284e-02 4.523518784520195318e-02 3.165962259443221710e-02 1.642964903579340746e-02
1.352168840665407372e-02 1.289574157674807688e-02 -7.094032399177414329e-04 -1.365168110374621359e-02 -1.205634564181151842e-02 2.386386721696326721e-02 4.035108609491386278e-02 5.170484283005661458e-02 3.618242453667173952e-02 1.877186313872409446e-02
1.521202605933367341e-02 1.451492686866502450e-02 -7.987016453985026215e-04 -1.536551386882871982e-02 -1.356273741586080071e-02 2.684305052642110834e-02 4.539583836403074391e-02 5.817637205494917418e-02 4.070523081841635749e-02 2.111285253026057643e-02
1.690238948050600681e-02 1.613572493806210081e-02 -8.881387362353861462e-04 -1.708099457448366762e-02 -1.506898110995390574e-02 2.982138362267697240e-02 5.044078611117987915e-02 6.464977654065783008e-02 4.522804298880552659e-02 2.345261550750027402e-02
