0.000000000000000000e+00 0.000000000000000000e+00 0.000000000000000000e+00 0.000000000000000000e+00 0.000000000000000000e+00 0.000000000000000000e+00 0.000000000000000000e+00 0.000000000000000000e+00
6.181568175589199996e-04 6.159502834794140791e-05 -1.282252414580480407e-04 -3.824454680218369721e-04 2.129550224529340018e-03 1.225660080785635937e-03 9.527261842341867024e-04 1.198470977782557052e-03
1.236962364051779478e-03 1.228633145225661600e-04 -2.567093032187373210e-04 -7.634866506745218188e-04 4.264625741137612405e-03 2.452582212905590753e-03 1.904030886804704888e-03 2.392400500160299284e-03
1.856427511004899106e-03 1.838010663402098936e-04 -3.854553850637251430e-04 -1.143110191596148802e-03 6.405291192557479966e-03 3.680782775551629492e-03 2.853897308129645701e-03 3.581725700645676472e-03
2.476563295308195200e-03 2.444044271212931813e-04 -5.144667348574553673e-04 -1.521302511315954838e-03 8.551612280559095156e-03 4.910278410728845591e-03 3.802308373793784890e-03 4.766382698015927608e-03
3.097380922288893532e-03 3.046694745373803984e-04 -6.437466494535122900e-04 -1.898049803211682889e-03 1.070365578665573650e-02 6.141086028224012131e-03 4.749246729515986185e-03 5.946306577847748111e-03
3.718891768871130602e-03 3.645922192120845825e-04 -7.732984756193005170e-04 -2.273338028655848275e-03 1.286148959423926222e-02 7.373222810985733018e-03 5.694694735416300051e-03 7.121431371747991880e-03
4.341107386801185131e-03 4.241686032861858679e-04 -9.031256109827529542e-04 -2.647152912039393933e-03 1.502518271126661309e-02 8.606706220634948237e-03 6.638634460137649365e-03 8.291690036081569154e-03
4.964039505950227846e-03 4.833944989452688360e-04 -1.033231504998749972e-03 -3.019479935666930480e-03 1.719480529350253181e-02 9.841554003115794702e-03 7.581047674825498045e-03 9.457014430186143350e-03
5.587700037686856372e-03 5.422657069101388238e-04 -1.163619659939330898e-03 -3.390304334518897192e-03 1.937042866833952812e-02 1.107778419447217645e-02 8.521915846951770568e-03 1.061733529405137384e-02
6.212101078328402179e-03 6.007779548877374958e-04 -1.294293631904843084e-03 -3.759611090878887257e-03 2.155212535921669642e-02 1.231541512677880590e-02 9.461220133993947234e-03 1.177258222545984716e-02
