0.000000000000000000e+00 0.000000000000000000e+00 0.000000000000000000e+00 0.000000000000000000e+00
1.442739833824458601e-04 -4.341321897634905624e-04 2.385181537512026965e-04 1.526669483329318872e-03
2.885110361771471912e-04 -8.681018152474534498e-04 4.769959356850380456e-04 3.053642680473035199e-03
4.327111635029557064e-04 -1.301908800335794657e-03 7.154333435726683817e-04 4.580919705693300807e-03
5.768743704780550331e-04 -1.735553068873205672e-03 9.538303751845351531e-04 6.108500673266341330e-03
7.210006622193373786e-04 -2.169034544665185155e-03 1.192187028292849985e-03 7.636385697490370890e-03
8.650900438431357187e-04 -2.602353151478997706e-03 1.430503300669185148e-03 9.164574892686535787e-03
1.009142520464461441e-03 -3.035508813042317629e-03 1.668779190087428446e-03 1.069306837319788581e-02
1.153158097197922068e-03 -3.468501453044606306e-03 1.907014694321302554e-03 1.222186625339027367e-02
1.297136779156721296e-03 -3.901330995135663272e-03 2.145209811145608932e-03 1.375096864765175050e-02
1.441078571453419241e-03 -4.333997362926327902e-03 2.383364538335434619e-03 1.528037567039350862e-02
