0.000000000000000000e+00 0.000000000000000000e+00 0.000000000000000000e+00 0.000000000000000000e+00 0.000000000000000000e+00 0.000000000000000000e+00
3.415740570738739698e-03 -1.936235399925164942e-04 -3.222117030746171271e-03 8.946081409808773546e-03 1.255985159204089409e-02 8.139159759936604940e-03
6.834581776388706092e-03 -3.878499455267831776e-04 -6.446731830861851358e-03 1.789329700603172271e-02 2.511831182132127221e-02 1.627857669621926226e-02
1.025653360073999765e-02 -5.826828317930354394e-04 -9.673850768946716527e-03 2.684165363781459979e-02 3.767536667819504359e-02 2.441825796934914139e-02
1.368160607899040343e-02 -7.781259016303382695e-04 -1.290348017735991858e-02 3.579115815707489129e-02 5.023100215618143266e-02 3.255821073388873166e-02
1.710980929393125100e-02 -9.741829479838494919e-04 -1.613562634594718076e-02 4.474181741192210376e-02 6.278520426459691106e-02 4.069844213241215897e-02
2.054115337190054458e-02 -1.170857856414074180e-03 -1.937029551548602457e-02 5.369363823958170356e-02 7.533795904214272976e-02 4.883895928899333744e-02
2.397564847849657094e-02 -1.368154607657766017e-03 -2.260749387083820297e-02 6.264662745879116812e-02 8.788925257151582182e-02 5.697976930219678104e-02
2.741330481403805863e-02 -1.566077280235719099e-03 -2.584722753380166299e-02 7.160079186163408049e-02 1.004390709951174104e-01 6.512087923753875907e-02
3.085413260875597904e-02 -1.764630053104241161e-03 -2.908950255565101797e-02 8.055613820476484332e-02 1.129874005319408264e-01 7.326229611937097597e-02
3.429814211770683408e-02 -1.963817208345305931e-03 -3.233432490936078568e-02 8.951267319999094141e-02 1.255342274957171600e-01 8.140402692215473190e-02
