0.000000000000000000e+00 0.000000000000000000e+00 0.000000000000000000e+00 0.000000000000000000e+00 0.000000000000000000e+00 0.000000000000000000e+00
3.496907704807864468e-03 -1.690524868115093155e-03 -1.806382836692745726e-03 1.078461904393498115e-02 1.008506688138147839e-02 2.837009482502123470e-03
7.007602541446901999e-03 -3.405664055385765505e-03 -3.601938486061147769e-03 2.162178326655116514e-02 2.016855019622890849e-02 5.623057352857618006e-03
1.053227927413562942e-02 -5.145829719978611654e-03 -5.386449554157095830e-03 3.251234522305702229e-02 3.025042750518990367e-02 8.357313495209541671e-03
1.407113629290090463e-02 -6.911442575189878645e-03 -7.159693717711045069e-03 4.345717576759940137e-02 4.033067579591186058e-02 1.103893006776375356e-02
1.762437568432122931e-02 -8.702932097422771268e-03 -8.921443586898409467e-03 5.445716454808893769e-02 5.040927145661616010e-02 1.366704103438847774e-02
2.119220330337172331e-02 -1.052073673976733348e-02 -1.067146656360429616e-02 6.551322051720183393e-02 6.048619024790138909e-02 1.624076168180889693e-02
2.477482884637701235e-02 -1.236530415135729012e-02 -1.240952469501978295e-02 7.662627246018563487e-02 7.056140727263231216e-02 1.875918812191344764e-02
2.837246592507788531e-02 -1.423709140267445140e-02 -1.413537452240314421e-02 8.779726954010869111e-02 8.063489694377530548e-02 2.122139677866655139e-02
3.198533214182060214e-02 -1.613656521699179808e-02 -1.584876692482866875e-02 9.902718186122212718e-02 9.070663295002646953e-02 2.362644385912019904e-02
3.561364916588456719e-02 -1.806420220814002747e-02 -1.754944695774440788e-02 1.103170010511384663e-01 1.007765882190627266e-01 2.597336480798689839e-02
