0.000000000000000000e+00 0.000000000000000000e+00 0.000000000000000000e+00 0.000000000000000000e+00 0.000000000000000000e+00 0.000000000000000000e+00 0.000000000000000000e+00 0.000000000000000000e+00
4.969621473677090628e-04 1.184349709710335815e-04 -7.595241460736888446e-05 -6.543835730862724740e-04 1.612539507571219936e-03 1.104374921259301898e-03 1.276953909214419841e-03 2.240149856389011662e-03
9.933591724470909774e-04 2.368605048545821361e-04 -1.518339339272140010e-04 -1.308420172273366388e-03 3.224520836129696113e-03 2.208425641543280710e-03 2.554036590631635160e-03 4.482072382475651116e-03
1.489190510605946241e-03 3.552766409067020770e-04 -2.276444657747580006e-04 -1.962109510344402230e-03 4.835939624906135555e-03 3.312151325590663963e-03 3.831248803555290655e-03 6.725772437676210899e-03
1.984455595522529280e-03 4.736834184009995814e-04 -3.033839174433943723e-04 -2.615451298887843702e-03 6.446791491575565303e-03 4.415551134053121232e-03 5.108591310858715505e-03 8.971254904828980525e-03
2.479153859159244615e-03 5.920808766339945989e-04 -3.790521956966116414e-04 -3.268445248326667420e-03 8.057072032051974114e-03 5.518624223461452219e-03 6.386064879038959134e-03 1.121852469046662887e-02
2.973284731750541754e-03 7.104690549237003844e-04 -4.546492067644074654e-04 -3.921091067907405206e-03 9.666776820357127903e-03 6.621369746198263115e-03 7.663670278239837451e-03 1.346758672496289888e-02
3.466847641788626047e-03 8.288479926102361537e-04 -5.301748563388780731e-04 -4.573388465689736185e-03 1.127590140849117802e-02 7.723786850473320087e-03 8.941408282272451588e-03 1.571844596268564750e-02
3.959842016010406418e-03 9.472177290546301238e-04 -6.056290495707753255e-04 -5.225337148535296947e-03 1.288444132629860787e-02 8.825874680295582933e-03 1.021927966863761181e-02 1.797110738214534667e-02
4.452267279383840919e-03 1.065578303637831859e-03 -6.810116910647308602e-04 -5.876936822096091861e-03 1.449239208133486917e-02 9.927632375446367174e-03 1.149728521854891800e-02 2.022557598614999064e-02
4.944122855094192082e-03 1.183929755760972698e-03 -7.563226848753091614e-04 -6.528187190804037032e-03 1.609974915873144119e-02 1.102905907145233615e-02 1.277542571695317909e-02 2.248185680195656511e-02
