0.000000000000000000e+00 0.000000000000000000e+00 0.000000000000000000e+00 0.000000000000000000e+00 0.000000000000000000e+00 0.000000000000000000e+00 0.000000000000000000e+00 0.000000000000000000e+00 0.000000000000000000e+00 0.000000000000000000e+00
1.536616831052803811e-03 6.008246112608665954e-04 -1.565673139781228324e-05 -6.230183119876333501e-04 -1.498766394346920253e-03 4.007401435399041319e-03 5.027131401593281854e-03 5.174773830544503531e-03 4.931037901918359535e-03 3.874997503725866824e-03
3.073435246165077701e-03 1.201685154250006510e-03 -3.130770615590843658e-05 -1.246191582270212740e-03 -2.997621107366618427e-03 8.015499145402751185e-03 1.005389905403523965e-02 1.034923593971270352e-02 9.861631535830736595e-03 7.750418464321588360e-03
4.610455421362957829e-03 1.802581793975010453e-03 -4.695251708517346034e-05 -1.869520965175266048e-03 -4.496563728413604903e-03 1.202429394618065653e-02 1.508030233014135552e-02 1.552338632650947757e-02 1.479178071604938562e-02 1.162626288654101600e-02
6.147677525777570616e-03 2.403514690740502380e-03 -6.259075409681836427e-05 -2.493007618056907945e-03 -5.995593839658654688e-03 1.603378664624336564e-02 2.010634060124356567e-02 2.069722500403684343e-02 1.972148525651891068e-02 1.550253076349581392e-02
7.685101724873731957e-03 3.004484002047792899e-03 -7.822200592873143447e-05 -3.116652698185358623e-03 -7.494711018059437881e-03 2.004397805104419714e-02 2.513201323684580157e-02 2.587075199832409439e-02 2.465074497139141049e-02 1.937922208004675545e-02
9.222728180377434692e-03 3.605489882536492153e-03 -9.384586024037281163e-05 -3.740457362544473158e-03 -8.993914835338390895e-03 2.405486896290011736e-02 3.015731960459788752e-02 3.104396734862665402e-02 2.957955967496271946e-02 2.325633681267635228e-02
1.076055705020290652e-02 4.206532483925369201e-03 -1.094619037091929155e-04 -4.364422767623344843e-03 -1.049320485796166602e-02 2.806646018091616887e-02 3.518225907026886062e-02 3.621687110772479207e-02 3.450792918160361378e-02 2.713387492935890113e-02
1.229858848837826063e-02 4.807611954953437336e-03 -1.250697221302377732e-04 -4.988550069204141998e-03 -1.199258064711979967e-02 3.207875250090206493e-02 4.020683099771970442e-02 4.138946334223157081e-02 3.943585330569369940e-02 3.101183638943093984e-02
1.383682264497228948e-02 5.408728441319439126e-03 -1.406689005173430290e-04 -5.612840422143485115e-03 -1.349204175870930000e-02 3.609174671529374184e-02 4.523103474887602005e-02 4.656174413290090769e-02 4.436333186155008712e-02 3.489022114346004844e-02
1.537525966601968087e-02 6.009882085620784145e-03 -1.562590232076972209e-04 -6.237294980150659418e-03 -1.499158774331611071e-02 4.010544361306801059e-02 5.025486968370184576e-02 5.173371357494213618e-02 4.929036466335599831e-02 3.876902913311301019e-02
