0.000000000000000000e+00 0.000000000000000000e+00 0.000000000000000000e+00 0.000000000000000000e+00 0.000000000000000000e+00 0.000000000000000000e+00 0.000000000000000000e+00 0.000000000000000000e+00
7.343883437529860267e-04 9.119924582931570375e-05 -2.112757789926916676e-04 -3.081609740068383223e-04 2.444948594707947991e-03 1.371942315825679104e-03 8.953426027273915771e-04 7.684385052040422059e-04
1.468193497099577879e-03 1.824064246299168151e-04 -4.225021151596982934e-04 -6.160874396152937922e-04 4.891321032887033064e-03 2.743912306313163896e-03 1.790558974019276946e-03 1.536400316726241853e-03
2.201414508041460959e-03 2.736215633052503605e-04 -6.336789358194752295e-04 -9.237794460546424474e-04 7.339118488108867938e-03 4.115909968488163859e-03 2.685649030386002330e-03 2.303884904578373111e-03
2.934050422807414626e-03 3.648446887815620242e-04 -8.448061682064670133e-04 -1.231237042576909272e-03 9.788342134989165902e-03 5.487935299289837913e-03 3.580612688201217312e-03 3.070891738602884221e-03
3.666100285857219233e-03 4.560758280070280270e-04 -1.055883739470185904e-03 -1.538460278458446363e-03 1.223899314922700758e-02 6.859988295579491462e-03 4.475449863705215255e-03 3.837420288476536302e-03
4.397563139876670309e-03 5.473150079515963452e-04 -1.266911576674929502e-03 -1.845449203000390677e-03 1.469107270760804801e-02 8.232068954139446643e-03 5.370160473005220619e-03 4.603470023713395962e-03
5.128438025772012916e-03 6.385622556077615898e-04 -1.477889606799104045e-03 -2.152203865527470977e-03 1.714458198800535363e-02 9.604177271671742594e-03 6.264744432073836820e-03 5.369040413660855840e-03
5.858723982665508569e-03 7.298175979902547621e-04 -1.688817756735405034e-03 -2.458724315388019326e-03 1.959952216938305389e-02 1.097631324479942695e-02 7.159201656750110478e-03 6.134130927501025426e-03
6.588420047889858092e-03 8.210810621359860076e-04 -1.899695953290372712e-03 -2.765010601953208670e-03 2.205589443179610185e-02 1.234847687006546992e-02 8.053532062737801464e-03 6.898741034250721951e-03
7.317525256983693077e-03 9.123526751044273939e-04 -2.110524123184302509e-03 -3.071062774616828417e-03 2.451369995639504293e-02 1.372066814393232623e-02 8.947735565606410729e-03 7.662870202759754744e-03
