0.000000000000000000e+00 0.000000000000000000e+00 0.000000000000000000e+00 0.000000000000000000e+00 0.000000000000000000e+00 0.000000000000000000e+00
2.550941670321756581e-03 3.046974903306045018e-04 -2.855639160652282370e-03 4.699163028156194515e-03 1.114329775493577007e-02 8.276074126816471838e-03
5.104082566300975968e-03 6.107115436787087168e-04 -5.714794109979495600e-03 9.396791870968541904e-03 2.228931993776738646e-02 1.655095801108024539e-02
7.659426382440968212e-03 9.180554576157075666e-04 -8.577481840056447662e-03 1.409288610651385568e-02 3.343807660310741531e-02 2.482464202010306598e-02
1.021697673089157384e-02 1.226742807710029786e-03 -1.144371953860124844e-02 1.878744528312934273e-02 4.458957787453814853e-02 3.309711648196521361e-02
1.277673713613077487e-02 1.536787455911876356e-03 -1.431352459204211953e-02 2.348046891721534621e-02 5.574383394722007973e-02 4.136837168510545254e-02
1.533871102945360068e-02 1.848203559199703121e-03 -1.718691458865267280e-02 2.817195649092748069e-02 6.690085509064491731e-02 4.963839787787646674e-02
1.790290174326687050e-02 2.161005578485580315e-03 -2.006390732175179423e-02 3.286190744975220346e-02 7.806065165154470187e-02 5.790718526806062916e-02
2.046931250519369930e-02 2.475208287774039416e-03 -2.294452079296701447e-02 3.755032119996172535e-02 8.922323405696044873e-02 6.617472402234297890e-02
2.303794643199118947e-02 2.790826783568569128e-03 -2.582877321555888256e-02 4.223719710594959348e-02 1.003886128174832360e-01 7.444100426574058738e-02
2.560880652328493406e-02 3.107876494518514547e-03 -2.871668301780247456e-02 4.692253448743230471e-02 1.115567985306689380e-01 8.270601608098020197e-02
