0.000000000000000000e+00 0.000000000000000000e+00 0.000000000000000000e+00 0.000000000000000000e+00 0.000000000000000000e+00 0.000000000000000000e+00
4.420349075141538891e-04 -2.790827987287304696e-07 -4.615679471409653962e-04 2.094521190930388917e-03 1.064170050282641031e-03 2.233087914507207727e-03
8.836409167769785408e-04 -5.902136806286817740e-07 -9.226443216261665881e-04 4.189873877673879095e-03 2.128170574883275941e-03 4.467137798779787471e-03
1.324817285780170630e-03 -9.334100091301267315e-07 -1.383228234933512116e-03 6.286059154768587794e-03 3.192001465398846497e-03 6.702150935591829305e-03
1.765563270138707135e-03 -1.308689151036099689e-06 -1.843318795613238525e-03 8.383078120048318913e-03 4.255662613384933457e-03 8.938128611654371294e-03
2.205878123066923931e-03 -1.716068476129406270e-06 -2.302915109256792846e-03 1.048093187470848335e-02 5.319153910363570194e-03 1.117507211769786304e-02
2.645761095365967673e-03 -2.155565358030626244e-06 -2.762016278481637440e-03 1.257962152332441595e-02 6.382475247822913533e-03 1.341298274849486195e-02
3.085211435411194542e-03 -2.627197173400938634e-06 -3.220621402914185857e-03 1.467914817386939928e-02 7.445626517217179136e-03 1.565186180288404699e-02
3.524228389139565099e-03 -3.130981302590691456e-06 -3.678729579173912762e-03 1.677951293773444902e-02 8.508607609966207380e-03 1.789171058379264781e-02
3.962811200036526517e-03 -3.666935129508142104e-06 -4.136339900856949095e-03 1.888071692974609486e-02 9.571418417454843203e-03 2.013253039826210303e-02
4.400959109123017340e-03 -4.235076041428907125e-06 -4.593451458518806388e-03 2.098276126818537576e-02 1.063405883103426923e-02 2.237432255746872600e-02
