0.000000000000000000e+00 0.000000000000000000e+00 0.000000000000000000e+00 0.000000000000000000e+00 0.000000000000000000e+00 0.000000000000000000e+00
1.793993569470915105e-03 2.098119506029166338e-03 -3.892113075499848557e-03 2.350641138886253294e-03 1.080275124693795726e-02 1.225278634390088682e-02
3.573318660134011931e-03 4.229073147966491350e-03 -7.802391808100585247e-03 4.633233392343906118e-03 2.160311212956602875e-02 2.457601193754008900e-02
5.337668054644762947e-03 6.393454893089439879e-03 -1.173112294773417420e-02 6.846594169236289162e-03 3.240103835989540521e-02 3.697090366004324169e-02
7.086727033381589290e-03 8.591872127178311683e-03 -1.567859916055956010e-02 8.989513825972923061e-03 4.319648463973395358e-02 4.943871645319336539e-02
8.820173141551562734e-03 1.082494600482036828e-02 -1.964511914637174020e-02 1.106075489260557702e-02 5.398940463097828824e-02 6.198073412504095936e-02
1.053767594736500744e-02 1.309331180862456818e-02 -2.363098775598931889e-02 1.305905127278293026e-02 6.477975092415089176e-02 7.459827018141626520e-02
1.223889679087374407e-02 1.539761931743277405e-02 -2.763651610830615557e-02 1.498310741660075635e-02 7.556747500497397463e-02 8.729266868650019384e-02
1.392348852305471188e-02 1.773853318360852846e-02 -3.166202170666300442e-02 1.683159746535779419e-02 8.635252721876676696e-02 1.000653051536755794e-01
1.559109523469442982e-02 2.011673331945801335e-02 -3.570782855415205459e-02 1.860316436718791738e-02 9.713485673241202545e-02 1.129175874679253233e-01
1.724135197461434260e-02 2.253291529281859287e-02 -3.977426726743255037e-02 2.029641896251330180e-02 1.079144114936168714e-01 1.258509568411195767e-01
