0.000000000000000000e+00 0.000000000000000000e+00 0.000000000000000000e+00 0.000000000000000000e+00 0.000000000000000000e+00 0.000000000000000000e+00
3.118708529834221619e-03 -3.894542606153380822e-04 -2.729254269218786555e-03 6.392448960885749668e-03 8.871286578754305693e-03 9.204678625106953171e-03
6.242228882769685315e-03 -7.799327399976529974e-04 -5.462296142771745980e-03 1.278338667449594596e-02 1.774502986492465517e-02 1.840841179007362063e-02
9.370577206192040598e-03 -1.171434212043019054e-03 -8.199142994148651831e-03 1.917280521424014755e-02 2.662125657055002328e-02 2.761118070945119476e-02
1.250376970085066188e-02 -1.563957384542477439e-03 -1.093981231630765036e-02 2.556069657572980144e-02 3.549999365798264805e-02 3.681296642527565055e-02
1.564182261888530032e-02 -1.957500897197633066e-03 -1.368432172168715030e-02 3.194705267473013643e-02 4.438126834538861504e-02 4.601374980361694345e-02
1.878475226173982604e-02 -2.352063319509981563e-03 -1.643268894222921911e-02 3.833186534506742571e-02 5.326510811237401832e-02 5.521351153104107901e-02
2.193257497795475172e-02 -2.747643148538440796e-03 -1.918493182941544140e-02 4.471512633649506879e-02 6.215154070574351042e-02 6.441223211099128543e-02
2.508530716083241796e-02 -3.144238806519093852e-03 -2.194106835431240340e-02 5.109682731250829446e-02 7.104059414539448669e-02 7.360989186007410590e-02
2.824296524596657185e-02 -3.541848638340227250e-03 -2.470111660762519534e-02 5.747695984811447556e-02 7.993229673035819050e-02 8.280647090425118095e-02
3.140556570862605007e-02 -3.940470908868284189e-03 -2.746509479975653423e-02 6.385551542754702714e-02 8.882667704499115635e-02 9.200194917493274838e-02
