0.000000000000000000e+00 0.000000000000000000e+00 0.000000000000000000e+00 0.000000000000000000e+00 0.000000000000000000e+00 0.000000000000000000e+00
4.021986166486106982e-03 -1.117792529368052262e-03 -2.904193637117876911e-03 1.151839055087008380e-02 1.316799508076309938e-02 6.275478509762890018e-03
8.057274459497179575e-03 -2.256403257043276996e-03 -5.800871202453755995e-03 2.308124089808570589e-02 2.633413200795477194e-02 1.250835537675114642e-02
1.210608602844705749e-02 -3.416284421369901111e-03 -8.689801607077055762e-03 3.468947699192280465e-02 3.949839591254397653e-02 1.869771951972080959e-02
1.616864758676396854e-02 -4.597900672433607311e-03 -1.157074691433014786e-02 4.634405076287578806e-02 5.266077167026393668e-02 2.484263413244416560e-02
2.024519157919127746e-02 -5.801729484623032937e-03 -1.444346209456794095e-02 5.804594104782526826e-02 6.582124388377598445e-02 3.094213577537869436e-02
2.433595635492475165e-02 -7.028261585369110880e-03 -1.730769476955536235e-02 6.979615455627294351e-02 7.897979686295221458e-02 3.699523342915039814e-02
2.844118634683343028e-02 -8.278001400818904218e-03 -2.016318494601411493e-02 8.159572687865317142e-02 9.213641460308527598e-02 4.300090750803318984e-02
3.256113225703093084e-02 -9.551467519248291183e-03 -2.300966473778236904e-02 9.344572353887864447e-02 1.052910807608248289e-01 4.895810883146391179e-02
3.669605124908261601e-02 -1.084919317306008366e-02 -2.584685807602197377e-02 1.053472410933892628e-01 1.184437786276164861e-01 5.486575755155777279e-02
4.084620714714435469e-02 -1.217172674026943333e-02 -2.867448040687440441e-02 1.173014082791010021e-01 1.315944911004025553e-01 6.072274203445501839e-02
