0.000000000000000000e+00 0.000000000000000000e+00 0.000000000000000000e+00 0.000000000000000000e+00
4.794111918390551313e-03 -4.794111918390515752e-03 7.324834183124857845e-03 1.614272486646605234e-02
9.594948759859568341e-03 -9.594948759859514564e-03 1.463401234198543135e-02 3.230110575719651739e-02
1.440253519734145324e-02 -1.440253519734137344e-02 2.192747696530680801e-02 4.847520018346605786e-02
1.921689623522662010e-02 -1.921689623522647786e-02 2.920517010097694113e-02 6.466506609738717493e-02
2.403805722654116933e-02 -2.403805722654100974e-02 3.646703335251573475e-02 8.087076189543902782e-02
2.886604389302146328e-02 -2.886604389302135920e-02 4.371300787575082419e-02 9.709234642179510877e-02
3.370088234821777551e-02 -3.370088234821762285e-02 5.094303437579730115e-02 1.133298789713394067e-01
3.854259912368725172e-02 -3.854259912368709906e-02 5.815705310448356785e-02 1.295834192922445116e-01
4.339122119823765611e-02 -4.339122119823732304e-02 6.535500385835875392e-02 1.458530275879602878e-01
4.824677603004666471e-02 -4.824677603004632470e-02 7.253682597745934879e-02 1.621387645184506343e-01
