0.000000000000000000e+00 0.000000000000000000e+00 0.000000000000000000e+00 0.000000000000000000e+00 0.000000000000000000e+00 0.000000000000000000e+00 0.000000000000000000e+00 0.000000000000000000e+00
2.375179948935622620e-03 2.231929042222251312e-04 -5.426515637304874266e-04 -2.055721289427202628e-03 5.047413279925853057e-03 8.704738629158581195e-03 8.410075953087878947e-03 2.989054164297972466e-03
4.751594569848595871e-03 4.456927985688667691e-04 -1.085405653397230425e-03 -4.111881715020065248e-03 1.009378296927791914e-02 1.741059724650899712e-02 1.682182375210363942e-02 5.976360085049653090e-03
7.129245410889648027e-03 6.674995466766319146e-04 -1.628263384785787670e-03 -6.168481572780226858e-03 1.513910718905921333e-02 2.611757704913570538e-02 2.523524408477828551e-02 8.961917756437513122e-03
9.508133989676984671e-03 8.886130751287605375e-04 -2.171225908764145684e-03 -8.225521156041401549e-03 2.018338404793890845e-02 3.482567925131072051e-02 3.365033761804103740e-02 1.194572718859054049e-02
1.188826179203914847e-02 1.109033375159699467e-03 -2.714294412182566632e-03 -1.028300075501589923e-02 2.522661164165008671e-02 4.353490508522264019e-02 4.206710499756113192e-02 1.492778840791789303e-02
1.426963027073736671e-02 1.328760504363516240e-03 -3.257470118783145803e-03 -1.234092065631732169e-02 3.026878805236585257e-02 5.224525580172956207e-02 5.048554684728223663e-02 1.790810145744433160e-02
1.665224084417054815e-02 1.547794588404030267e-03 -3.800754290116160200e-03 -1.439928114245797759e-02 3.530991134805099713e-02 6.095673267113508459e-02 5.890566376896350792e-02 2.088666639714277865e-02
1.903609489506185096e-02 1.766135822722889655e-03 -4.344148226463242189e-03 -1.645808249132102094e-02 4.034997958179283029e-02 6.966933698398691810e-02 6.732745634171839744e-02 2.386348330426454195e-02
2.142119376912856449e-02 1.983784474241092298e-03 -4.887653267763225270e-03 -1.851732497560592064e-02 4.538899079110417928e-02 7.838307005190474352e-02 7.575092512155726099e-02 2.683855227366691021e-02
2.380753877373516930e-02 2.200740883050462254e-03 -5.431270794540272312e-03 -2.057700886224466535e-02 5.042694299720260759e-02 8.709793320843166320e-02 8.417607064093407532e-02 2.981187341813495290e-02
