0.000000000000000000e+00 0.000000000000000000e+00 0.000000000000000000e+00 0.000000000000000000e+00 0.000000000000000000e+00 0.000000000000000000e+00
1.959718456292973941e-03 1.842702079492881777e-03 -3.802420535785857886e-03 2.876818001495773294e-03 1.060443503721695928e-02 1.170416310736596688e-02
3.916361652144706440e-03 3.694800910548645852e-03 -7.611162562693492804e-03 5.739200847769273910e-03 2.120654032431771099e-02 2.342509112007059441e-02
5.869905713578146139e-03 5.556350796860417759e-03 -1.142625651043860380e-02 8.587091248822457251e-03 3.180630580538024166e-02 3.516285138403402871e-02
7.820326552565913872e-03 7.427406500763284250e-03 -1.524773305332939241e-02 1.142043136708142601e-02 4.240372172798273498e-02 4.691751148925115550e-02
9.767599865442566642e-03 9.308023248404254102e-03 -1.907562311384716769e-02 1.423916280490975482e-02 5.299877865845763203e-02 5.868913926702678391e-02
1.171170113151673992e-02 1.119825673530834564e-02 -2.290995786682542903e-02 1.704322659176482277e-02 6.359146749763090745e-02 7.047780278707711787e-02
1.365260561189334323e-02 1.309816313238527756e-02 -2.675076874427914642e-02 1.983256317097664354e-02 7.418177949710828833e-02 8.228357035446715040e-02
1.559028834851575694e-02 1.500779909242471594e-02 -3.059808744094084584e-02 2.260711238611547505e-02 8.476970627617477771e-02 9.410651050634025183e-02
1.752472416343616238e-02 1.692722175712151750e-02 -3.445194592055825927e-02 2.536681346691083833e-02 9.535523983939335479e-02 1.059466920084052161e-01
1.945588765831895300e-02 1.885648876468620089e-02 -3.831237642300579921e-02 2.811160501468073364e-02 1.059383725949895605e-01 1.178041838511180717e-01
