0.000000000000000000e+00 0.000000000000000000e+00 0.000000000000000000e+00 0.000000000000000000e+00 0.000000000000000000e+00 0.000000000000000000e+00 0.000000000000000000e+00 0.000000000000000000e+00
2.726399166739282981e-03 -2.394909843920369104e-03 2.327953682033344091e-03 -2.659443004852261871e-03 3.979828781963104002e-03 9.207027707209674075e-03 8.391573151909005601e-03 3.190497141139188482e-03
5.458958851576636330e-03 -4.805099706794214477e-03 4.670216625505196721e-03 -5.324075770287436428e-03 7.958132575825341976e-03 1.841555063176406049e-02 1.678433493122962611e-02 6.379835425623017232e-03
8.197720574103319058e-03 -7.230724226050141284e-03 7.026926551457668771e-03 -7.993922899510830932e-03 1.193490575986656810e-02 2.762557569262755544e-02 2.517828565490826467e-02 9.568013239260814498e-03
1.094272635822629743e-02 -9.671940639798950329e-03 9.398223373275022691e-03 -1.066900909170241489e-02 1.591014260081112866e-02 3.683710999706209244e-02 3.357342559129421894e-02 1.275502893971676953e-02
1.369401874152348202e-02 -1.212890885062008380e-02 1.178424924577275469e-02 -1.334935913667621189e-02 1.988383725147957470e-02 4.605016084663509507e-02 4.196975495697159719e-02 1.594088085601899629e-02
1.645164078487285075e-02 -1.460179149127154019e-02 1.418514861533396246e-02 -1.603499790893524179e-02 2.385598374853474188e-02 5.526473574335506733e-02 5.036727391333194886e-02 1.912556728810451551e-02
1.921563608236491819e-02 -1.709075399236950621e-02 1.660106827105840843e-02 -1.872595036105386551e-02 2.782657601034395703e-02 6.448084239593221412e-02 5.876598256286758026e-02 2.230908650640353943e-02
2.198604877151189019e-02 -1.959596465208549715e-02 1.903215739688512639e-02 -2.142224151631166168e-02 3.179560783497471788e-02 7.369848872616310831e-02 6.716588094515671403e-02 2.549143675147363952e-02
2.476292354376284643e-02 -2.211759470790430199e-02 2.147856762463587824e-02 -2.412389646049434289e-02 3.576307289835663900e-02 8.291768287543245519e-02 7.556696903251407249e-02 2.867261623368599910e-02
2.754630565533593839e-02 -2.465581841048481229e-02 2.394045308791423882e-02 -2.683094033276547941e-02 3.972896475262653604e-02 9.213843321132832165e-02 8.396924672528124911e-02 3.185262313297431563e-02
