0.000000000000000000e+00 0.000000000000000000e+00 0.000000000000000000e+00 0.000000000000000000e+00
5.077686788199883491e-03 -5.077686788199913849e-03 1.151138429443546510e-02 1.347849259842208089e-02
1.016363102244972894e-02 -1.016363102244973241e-02 2.301857417246685675e-02 2.696117961324894299e-02
1.525785928330506552e-02 -1.525785928330509501e-02 3.452154966169725808e-02 4.044808101687581703e-02
2.036039832205727498e-02 -2.036039832205728539e-02 4.602029059632595231e-02 5.393921697510450919e-02
2.547127506701148819e-02 -2.547127506701147084e-02 5.751477661612085929e-02 6.743460784816791842e-02
3.059051663177139377e-02 -3.059051663177141112e-02 6.900498716535702348e-02 8.093427419178902960e-02
3.571815032579570004e-02 -3.571815032579564453e-02 8.049090149173111775e-02 9.443823675827281439e-02
4.085420366751345983e-02 -4.085420366751341126e-02 9.197249864524918717e-02 1.079465164976124575e-01
4.599870440031367941e-02 -4.599870440031353369e-02 1.034497574771064271e-01 1.214591345586127080e-01
5.115168051175382480e-02 -5.115168051175381092e-02 1.149226566385711801e-01 1.349761122900058619e-01
