0.000000000000000000e+00 0.000000000000000000e+00 0.000000000000000000e+00 0.000000000000000000e+00 0.000000000000000000e+00 0.000000000000000000e+00
-2.761663952983915186e-05 -9.462128356727163422e-05 -3.281792368381602522e-04 -6.991985738963880158e-06 1.810035989154804058e-03 1.031802970433742762e-03
-5.527690173842007609e-05 -1.892419200214032584e-04 -6.562560833200014243e-04 -1.405969434063256383e-05 3.620077125913234023e-03 2.063733198241492553e-03
-8.298077337832067554e-05 -2.838619047459067725e-04 -9.842305143235178036e-04 -2.120310867640347148e-05 5.430123394845927029e-03 3.095790737037211384e-03
-1.107282411929561521e-04 -3.784812331595900073e-04 -1.312102504695646489e-03 -2.842221158958198275e-05 7.240174780499424902e-03 4.127975640485320903e-03
-1.385192919154831662e-04 -4.730999007181892072e-04 -1.639872029252753115e-03 -3.571698589342202395e-05 9.050231267426128712e-03 5.160287962304578417e-03
-1.663539122694280745e-04 -5.677179029143087762e-04 -1.967539062779813386e-03 -4.308741437274741446e-05 1.086029284018663610e-02 6.192727756267335515e-03
-1.942320889679374752e-04 -6.623352352776430783e-04 -2.295103580031426262e-03 -5.053347978195836965e-05 1.267035948334679918e-02 7.225295076200457037e-03
-2.221538087147815555e-04 -7.569518933741353674e-04 -2.622565555730638036e-03 -5.805516484849610614e-05 1.448043118148058771e-02 8.257989975984663181e-03
-2.501190582038799026e-04 -8.515678728074479661e-04 -2.949924964569757436e-03 -6.565245226820037622e-05 1.629050791916856339e-02 9.290812509554840018e-03
-2.781278241189226561e-04 -9.461831692178744851e-04 -3.277181781209874672e-03 -7.332532471024840175e-05 1.810058968099814702e-02 1.032376273090070823e-02
