0.000000000000000000e+00 0.000000000000000000e+00 0.000000000000000000e+00 0.000000000000000000e+00
2.474204435206430291e-05 -8.411524376328691384e-04 4.772916202313159538e-05 3.093308337262097064e-03
4.948008546884490624e-05 -1.681371900552542991e-03 9.545341182904446789e-05 6.188078896829729905e-03
7.421412375577033889e-05 -2.520656677132496366e-03 1.431727495727609341e-04 9.284314473921766522e-03
9.894415961740735165e-05 -3.359005048176187842e-03 1.908871754078173845e-04 1.238201787509305742e-02
1.236701934568350920e-04 -4.196415286831701834e-03 2.385966894862848154e-04 1.548119191857947989e-02
1.483922256766454873e-04 -5.032885658536912464e-03 2.863012919583336844e-04 1.858183943437676997e-02
1.731102566776529289e-04 -5.868414420964460088e-03 3.340009829731787521e-04 2.168396326432472238e-02
1.978242868599896012e-04 -6.702999823965392727e-03 3.816957626778747772e-04 2.478756626218779624e-02
2.225343166226337994e-04 -7.536640109513702626e-03 4.293856312183134136e-04 2.789265129373919710e-02
2.472403463632605802e-04 -8.369333511648690063e-03 4.770705887385571576e-04 3.099922123684414194e-02
