0.000000000000000000e+00 0.000000000000000000e+00 0.000000000000000000e+00 0.000000000000000000e+00 0.000000000000000000e+00 0.000000000000000000e+00 0.000000000000000000e+00 0.000000000000000000e+00
1.036589508494038629e-03 2.476366223004766807e-03 5.202088284951864950e-05 -3.564976614348308419e-03 2.499431073052679449e-04 5.011160966917491133e-03 1.100912814381659055e-02 8.709166910149505197e-03
2.071804818724526983e-03 4.954837801764408467e-03 1.057860793044951200e-04 -7.132428699793452904e-03 4.970097580957991059e-04 1.001981646340644079e-02 2.202061052093263332e-02 1.742136151394262783e-02
3.105645821524330094e-03 7.435419158672252823e-03 1.612917284424309795e-04 -1.070235670863901520e-02 7.412019772292965415e-04 1.502597040503247071e-02 3.303444551240829197e-02 2.613657948989627638e-02
4.138112409661077844e-03 9.918114744985379386e-03 2.185337178283296850e-04 -1.427476087247469758e-02 9.825217749442648803e-04 2.002962672660631507e-02 4.405063166424451337e-02 3.485481634696022818e-02
5.169204477426976585e-03 1.240292903909339349e-02 2.775076770111769078e-04 -1.784964119353165540e-02 1.220971146494191075e-03 2.503078937964258593e-02 5.506916769797484679e-02 4.357606741683246049e-02
6.198921920189810232e-03 1.488986654460847797e-02 3.382089712173339847e-04 -2.142699743601580303e-02 1.456552071788167705e-03 3.002946232970451004e-02 6.609005252157752752e-02 5.230032784606262336e-02
7.227264633903348820e-03 1.737893178826029755e-02 4.006326952774282371e-04 -2.500682911744101997e-02 1.689266515028016143e-03 3.502564955364310950e-02 7.711328524070844292e-02 6.102759258794199920e-02
8.254232514571248694e-03 1.987012931758300183e-02 4.647736678300468278e-04 -2.858913549998422579e-02 1.919116424348881345e-03 4.001935503672823802e-02 8.813886517024835388e-02 6.975785639418492778e-02
9.279825457662836674e-03 2.236346369837840381e-02 5.306264258476038956e-04 -3.217391558188881229e-02 2.146103731453535227e-03 4.501058276967934840e-02 9.916679184616622456e-02 7.849111380639992031e-02
1.030404335747154600e-02 2.485893951193859225e-02 5.981852195300028929e-04 -3.576116808894013593e-02 2.370230351240808220e-03 4.999933674559821351e-02 1.101970650376879746e-01 8.722735914736108598e-02
