0.000000000000000000e+00 0.000000000000000000e+00 0.000000000000000000e+00 0.000000000000000000e+00 0.000000000000000000e+00 0.000000000000000000e+00
2.794195003298488296e-04 6.846326809480624435e-06 -3.734552971303418370e-04 1.127551277585572224e-03 1.296554027794158360e-03 1.453710633624909904e-03
5.586286614696835302e-04 1.370123706793321272e-05 -7.466862248196866163e-04 2.255310326593905953e-03 2.593089436647571210e-03 2.907775134395756706e-03
8.376273332626817418e-04 2.056473112219145638e-05 -1.119692565275544945e-03 3.383277338367600071e-03 3.889606224859806435e-03 4.362193825873491443e-03
1.116415365267111205e-03 2.743680932112923423e-05 -1.492474100235159076e-03 4.511452504638690207e-03 5.186104390735510328e-03 5.816967032264688461e-03
1.394992606755094148e-03 3.431747201541474068e-05 -1.865030610962129572e-03 5.639836017536172669e-03 6.482583932593409710e-03 7.272095078436724251e-03
1.673358906712201204e-03 4.120671955813080362e-05 -2.237361878244343780e-03 6.768428069584488289e-03 7.779044848766656500e-03 8.727578289921187477e-03
1.951514113836544904e-03 4.810455230415047875e-05 -2.609467682392892923e-03 7.897228853707112875e-03 9.075487137603147764e-03 1.018341699291318986e-02
2.229458076537053305e-03 5.501097061053914975e-05 -2.981347803240050939e-03 9.026238563226422762e-03 1.037191079746450917e-02 1.163961151427786445e-02
2.507190642933783756e-03 6.192597483647594727e-05 -3.353002020137851782e-03 1.015545739186608093e-02 1.166831582672701699e-02 1.309616218154881044e-02
2.784711660855994971e-03 6.884956534319888158e-05 -3.724430111956320878e-03 1.128488553375221574e-02 1.296470222378148449e-02 1.455306932293253322e-02
