0.000000000000000000e+00 0.000000000000000000e+00 0.000000000000000000e+00 0.000000000000000000e+00
5.378468313141418142e-03 -5.378468313141396458e-03 1.231174884577196892e-02 1.089816139555110398e-02
1.076756245146077290e-02 -1.076756245146080239e-02 2.462419964757053131e-02 2.179562083507551040e-02
1.616732566102790578e-02 -1.616732566102794741e-02 3.693734923684598159e-02 3.269238148712300118e-02
2.157780146456389145e-02 -2.157780146456384635e-02 4.925119443033638966e-02 4.358844653495581173e-02
2.699903365457390070e-02 -2.699903365457394233e-02 6.156573202673048389e-02 5.448381917988492917e-02
3.243106628614560172e-02 -3.243106628614553927e-02 7.388095880293317486e-02 6.537850264500513764e-02
3.787394366939736412e-02 -3.787394366939743351e-02 8.619687150990285041e-02 7.627250017935861826e-02
4.332771036156152222e-02 -4.332771036156142508e-02 9.851346686802699149e-02 8.716581506255749456e-02
4.879241115866643497e-02 -4.879241115866637946e-02 1.108307415620006509e-01 9.805845060990664441e-02
5.426809108678747051e-02 -5.426809108678742888e-02 1.231486922351620883e-01 1.089504101780681550e-01
