0.000000000000000000e+00 0.000000000000000000e+00 0.000000000000000000e+00 0.000000000000000000e+00 0.000000000000000000e+00 0.000000000000000000e+00 0.000000000000000000e+00 0.000000000000000000e+00 0.000000000000000000e+00 0.000000000000000000e+00
5.770046883091513139e-04 1.587503107823481896e-04 6.004661147910965368e-06 -1.529802404893743073e-04 -6.139544990657649481e-04 1.913951983497427052e-03 1.152240916716772492e-03 1.163534531017980595e-03 1.209973652212645474e-03 2.061147842671114030e-03
1.153506587872179211e-03 3.174483159422782671e-04 1.201801362044884851e-05 -3.058975037154356975e-04 -1.227462844307358530e-03 3.828240089558875188e-03 2.304319303092522853e-03 2.326967101374938056e-03 2.419952331714851721e-03 4.123211061535633250e-03
1.729505326385419881e-03 4.760940262350221155e-04 1.804007927114929989e-05 -4.587517731479551350e-04 -1.840524761728914386e-03 5.742863189185524846e-03 3.456234833840363379e-03 3.490297701769398079e-03 3.629936364077864918e-03 6.186190997739854543e-03
2.305000531128867641e-03 6.346874524233574481e-04 2.407088006010015433e-05 -6.115430321411668806e-04 -2.453139977237585572e-03 7.657820146628233071e-03 4.607987181987394792e-03 4.653526322866390584e-03 4.839926076608022480e-03 8.250088998805580817e-03
2.879991828957600628e-03 7.932286052796077820e-04 3.011043805767044779e-05 -7.642712639317342845e-04 -3.065308216657516675e-03 9.573109819322033615e-03 5.759576018857208955e-03 5.816652955306553761e-03 6.049921798383631547e-03 1.031490641872883501e-02
3.454478846298763683e-03 9.517174955852673044e-04 3.615877544402542666e-05 -9.169364516376961316e-04 -3.677029205729036299e-03 1.148873105783974023e-02 6.911001014059025595e-03 6.979677589703935092e-03 7.259923860264445340e-03 1.238064461802378634e-02
4.028461209149791777e-03 1.110154134131067062e-03 4.221591451087815255e-05 -1.069538578257615488e-03 -4.288302670109083586e-03 1.340468270584949800e-02 8.062261835475403524e-03 8.142600216647767272e-03 8.469932594903238979e-03 1.444730496376824685e-02
4.601938543075622529e-03 1.268538531717244497e-03 4.828187766179340085e-05 -1.222077626669980681e-03 -4.899128335370581989e-03 1.532096360006759972e-02 9.213358149250889043e-03 9.305420826701512813e-03 9.679948336760262756e-03 1.651488882964960436e-02
5.174910473206915940e-03 1.426870699153286485e-03 5.435668741308530212e-05 -1.374553579631731647e-03 -5.509505927002454444e-03 1.723757257021310899e-02 1.036428961977878434e-02 1.046813941040214239e-02 1.088997142211235378e-02 1.858339759600972571e-02
5.747376624237232438e-03 1.585150647257509973e-03 6.044036639461726652e-05 -1.526966419777997129e-03 -6.119435170409843680e-03 1.915450843896329691e-02 1.151505590969121619e-02 1.163075595825962573e-02 1.210000218906720146e-02 2.065283264989383263e-02
