0.000000000000000000e+00 0.000000000000000000e+00 0.000000000000000000e+00 0.000000000000000000e+00
3.400894401863587880e-04 -8.408716013998962253e-04 9.466806105972205539e-04 2.941716132019076262e-03
6.793894693461281211e-04 -1.681367115195196715e-03 1.890918285652382286e-03 5.887392341737743978e-03
1.017898794538729017e-03 -2.521484700415441843e-03 2.832703914268326628e-03 8.837040340242890285e-03
1.355616115791794364e-03 -3.361222504110122217e-03 3.772028352467712321e-03 1.179067188794136536e-02
1.692540126149555185e-03 -4.200578661326140502e-03 4.708882423224207588e-03 1.474829879481029220e-02
2.028669511616334672e-03 -5.039551295022611128e-03 5.643256916308937721e-03 1.770993292067390631e-02
2.364002951099784464e-03 -5.878138515985031377e-03 6.575142588132709166e-03 2.067558617547976194e-02
2.698539116352923622e-03 -6.716338422739134145e-03 7.504530161589962473e-03 2.364527051957907369e-02
3.032276671916626486e-03 -7.554149101463706814e-03 8.431410325900607142e-03 2.661899796400649804e-02
3.365214275061295841e-03 -8.391568625902649445e-03 9.355773736451534692e-03 2.959678057076445268e-02
