0.000000000000000000e+00 0.000000000000000000e+00 0.000000000000000000e+00 0.000000000000000000e+00 0.000000000000000000e+00 0.000000000000000000e+00 0.000000000000000000e+00 0.000000000000000000e+00
1.552653246947455733e-03 2.736379494226976556e-04 -1.643576638303101238e-04 -1.661933532539878067e-03 1.975699366328023503e-03 1.037569196160705379e-02 8.184799107383341349e-03 3.426591453072596032e-03
3.104144350079967706e-03 5.475062385319920226e-04 -3.272450729489271605e-04 -3.324405515663080273e-03 3.949677903183352289e-03 2.075308251512736693e-02 1.637202057614701306e-02 6.850782782323618786e-03
4.654450202770820180e-03 8.216031078307345359e-04 -4.886498547403508343e-04 -4.987403455861162682e-03 5.921928739633257333e-03 3.113217298606085759e-02 2.456168516453773737e-02 1.027255877494058847e-02
6.203547333976672067e-03 1.095926787569707472e-03 -6.485595020276819535e-04 -6.650914619518698452e-03 7.892444896398382800e-03 4.151296472463141679e-02 3.275381387724320831e-02 1.369190405528979484e-02
7.751411900440360013e-03 1.370475498903176055e-03 -8.069613715528615311e-04 -8.314926027790554841e-03 9.861219283710167399e-03 5.189545910499238079e-02 4.094842797129782941e-02 1.710880308195349142e-02
9.298019678639420083e-03 1.645247455181915452e-03 -9.638426825206184920e-04 -9.979424451300686685e-03 1.182824469909769111e-02 6.227965752431233182e-02 4.914554896226243363e-02 2.052324014467200863e-02
1.084334605647231491e-02 1.920240863395382240e-03 -1.119190515217430293e-03 -1.164439640465002312e-02 1.379351382511634014e-02 7.266556140173523193e-02 5.734519863069600931e-02 2.393519936118805591e-02
1.238736602466715755e-02 2.195453925769835779e-03 -1.272991809715472850e-03 -1.330982814072115966e-02 1.575701922699729654e-02 8.305317217720301071e-02 6.554739902893789993e-02 2.734466467398804362e-02
1.393005416790465967e-02 2.470884841536158914e-03 -1.425233364673480357e-03 -1.497570564476701817e-02 1.771875335023231565e-02 9.344249131012831444e-02 7.375217248822141247e-02 3.075161984693476278e-02
1.547138465564077379e-02 2.746531808876002609e-03 -1.575901836247377980e-03 -1.664201462826913128e-02 1.967870851807621696e-02 1.038335202779072236e-01 8.195954162614102478e-02 3.415604846178338372e-02
