0.000000000000000000e+00 0.000000000000000000e+00 0.000000000000000000e+00 0.000000000000000000e+00
5.191316495196093622e-04 -5.440516525560966550e-04 1.691348679088142560e-03 1.791245092252402886e-03
1.037897535457027324e-03 -1.087774713080601630e-03 3.383034954617860062e-03 3.583191874087758230e-03
1.556297422337197872e-03 -1.631168941232462961e-03 5.075058330150299807e-03 5.375841017288241278e-03
2.074331074664647733e-03 -2.174234096311683170e-03 6.767418307030159848e-03 7.169193195217316190e-03
2.591998256929857036e-03 -2.716969937255797780e-03 8.460114384410513319e-03 8.963249082817080840e-03
3.109298733610592769e-03 -3.259376222638573836e-03 1.015314605924261954e-02 1.075800935661171652e-02
3.626232269171843735e-03 -3.801452710668183025e-03 1.184651282627116609e-02 1.255347469471472521e-02
4.142798628066971314e-03 -4.343199159185897815e-03 1.354021417802449972e-02 1.434964577683323604e-02
4.658997574738037335e-03 -4.884615325664822504e-03 1.523424960480682620e-02 1.614652328427370470e-02
5.174828873617003631e-03 -5.425700967208473349e-03 1.692861859469248567e-02 1.794410789994724947e-02
