0.000000000000000000e+00 0.000000000000000000e+00 0.000000000000000000e+00 0.000000000000000000e+00 0.000000000000000000e+00 0.000000000000000000e+00
4.027186525753594071e-04 -6.561638649898113171e-06 -7.916040481531393591e-04 1.011835519856950014e-03 1.177363707460789667e-03 2.996529543249117078e-03
8.052601460108617382e-04 -1.326099659707463885e-05 -1.582291850780677888e-03 2.023581894894776328e-03 2.354559165818158242e-03 5.995318594717968796e-03
1.207624465862165708e-03 -2.009829378854073253e-05 -2.372061408466630272e-03 3.035238776611762310e-03 3.531586235200049727e-03 8.996371125680236586e-03
1.609811597546544201e-03 -2.707375109367642720e-05 -3.160910714910737662e-03 4.046805815566422229e-03 4.708444775161621521e-03 1.199969112111432847e-02
2.011821526341537204e-03 -3.418759031749856760e-05 -3.948837756884994096e-03 5.058282661375092595e-03 5.885134644685450188e-03 1.500528257993198264e-02
2.413654237383491656e-03 -4.144003420751217177e-05 -4.735840514197561107e-03 6.069668962706093081e-03 7.061655702176343995e-03 1.801314951506527429e-02
2.815309715666144182e-03 -4.883130646056073207e-05 -5.521916959652784299e-03 7.080964367272987552e-03 8.238007805459454658e-03 2.102329595355194661e-02
3.216787946039197967e-03 -5.636163172957308330e-05 -6.307065059014132710e-03 8.092168521830521780e-03 9.414190811773496745e-03 2.403572593662305773e-02
3.618088913207256115e-03 -6.403123563055107895e-05 -7.091282770964125841e-03 9.103281072167694957e-03 1.059020457776675868e-02 2.705044351979144987e-02
4.019212601727750397e-03 -7.184034474986739668e-05 -7.874568047066071719e-03 1.011430166310318783e-02 1.176604895949337828e-02 3.006745277294168781e-02
