0.000000000000000000e+00 0.000000000000000000e+00 0.000000000000000000e+00 0.000000000000000000e+00 0.000000000000000000e+00 0.000000000000000000e+00 0.000000000000000000e+00 0.000000000000000000e+00
8.594238459143652489e-04 1.532504155762843450e-03 7.163569382058939663e-04 -3.108284939882999341e-03 7.953444786303330875e-04 4.720655237411277953e-03 9.882486449870419784e-03 9.580916370649401881e-03
1.704469929619336060e-03 3.078055052629753100e-03 1.448967791616973802e-03 -6.231492773865709295e-03 1.537439179771662870e-03 9.409519168268910827e-03 1.979409881382259220e-02 1.921774791126062282e-02
2.534897173891734277e-03 4.636827177674399982e-03 2.198117182136697517e-03 -9.369841533702450570e-03 2.225466432262766109e-03 1.406610427113262445e-02 2.973527530883516082e-02 2.891136159745460663e-02
3.350459414845176516e-03 6.208997781668407039e-03 2.964096172518608605e-03 -1.252355336903189509e-02 2.858592298357309856e-03 1.868991297922589431e-02 3.970646279356310898e-02 3.866264207510051315e-02
4.150905267372283040e-03 7.794746926681151919e-03 3.747202440005547881e-03 -1.569285463405871092e-02 3.435966171316862539e-03 2.328043742196154661e-02 4.970811698106401832e-02 4.847249210846569373e-02
4.935977986309922870e-03 9.394257534312730820e-03 4.547740455115570866e-03 -1.887797597573769026e-02 3.956720361174251473e-03 2.783715915851846592e-02 5.974070265764670762e-02 5.834183304203056919e-02
5.705415323169173852e-03 1.100771543454454916e-02 5.366021665718632462e-03 -2.207915242343169368e-02 4.419969668260364734e-03 3.235954890318362698e-02 6.980469390801256890e-02 6.827160527647574417e-02
6.458949378266247605e-03 1.263530941519296416e-02 6.202364686556185308e-03 -2.529662348001471966e-02 4.824810944092679590e-03 3.684706624216810278e-02 7.990057434688675742e-02 7.826276875934626287e-02
7.196306448085511807e-03 1.427723127194759078e-02 7.057095494353861007e-03 -2.853063321438651517e-02 5.170322639189917774e-03 4.129915934158605306e-02 9.002883735733320514e-02 8.831630349094594934e-02
7.917206867695267616e-03 1.593367585897087838e-02 7.930547628681648004e-03 -3.178143035534699429e-02 5.455564337383198188e-03 4.571526464628110353e-02 1.001899863359372728e-01 9.843321004601550406e-02
