0.000000000000000000e+00 0.000000000000000000e+00 0.000000000000000000e+00 0.000000000000000000e+00 0.000000000000000000e+00 0.000000000000000000e+00
3.689749206657545115e-04 9.155745559060258826e-05 -7.049423484762067267e-04 1.189582648720207119e-03 1.030328002286434123e-03 2.421820355359436197e-03
7.376674285281648947e-04 1.830996598071107928e-04 -1.409309074073121417e-03 2.379078414191953920e-03 2.060510234127273330e-03 4.845031191863668693e-03
1.106077517929085052e-03 2.746265382695958161e-04 -2.113099298456440345e-03 3.568486902035461136e-03 3.090546564935062711e-03 7.269633786613977251e-03
1.474205183276178655e-03 3.661380164337473312e-04 -2.816312141627157553e-03 4.757807717213891757e-03 4.120436863897293869e-03 9.695629418478339534e-03
1.842050419044025849e-03 4.576340195897865559e-04 -3.518946721918649219e-03 5.947040464033641165e-03 5.150180999979395158e-03 1.212301936813507501e-02
2.209613219772871805e-03 5.491144728612498997e-04 -4.221002155992877210e-03 7.136184746141230675e-03 6.179778841925465463e-03 1.455180491807864934e-02
2.576893580069409412e-03 6.405793012056581331e-04 -4.922477558834075125e-03 8.325240166521915425e-03 7.209230258256025571e-03 1.698198735262717446e-02
2.943891494605821706e-03 7.320284294125319188e-04 -5.623372043744424495e-03 9.514206327495769097e-03 8.238535117268760630e-03 1.941356795792553019e-02
3.310606958120051839e-03 8.234617821038913571e-04 -6.323684722338497599e-03 1.070308283071720774e-02 9.267693287036835731e-03 2.184654802195117040e-02
3.677039965415393897e-03 9.148792837331225615e-04 -7.023414704538038546e-03 1.189186927717216652e-02 1.029670463540869468e-02 2.428092883452095604e-02
