0.000000000000000000e+00 0.000000000000000000e+00 0.000000000000000000e+00 0.000000000000000000e+00 0.000000000000000000e+00 0.000000000000000000e+00 0.000000000000000000e+00 0.000000000000000000e+00 0.000000000000000000e+00 0.000000000000000000e+00
5.488283710553262329e-04 1.589860334160276883e-04 3.579953118882422329e-05 -2.322266766521727515e-04 -3.781212273326689456e-04 1.873789065691897938e-03 1.019327880626155324e-03 1.033429913081689890e-03 8.258685882463497442e-04 1.015883549570065648e-03
1.097289658251271189e-03 3.179557125461549200e-04 7.168537162728839300e-05 -4.644671348556651922e-04 -7.560001288448538930e-04 3.748426710162616662e-03 2.038617765630460887e-03 2.066897152608324247e-03 1.651678231019073186e-03 2.031428363964033878e-03
1.645383449488761361e-03 4.769090396189958254e-04 1.076576255567973916e-04 -6.967213752664730333e-04 -1.133636692407450535e-03 5.623913658098514401e-03 3.057869632143075684e-03 3.100401821504469944e-03 2.477428903310032078e-03 3.046633565605566703e-03
2.193109331992311624e-03 6.358460168198542357e-04 1.437163973770051392e-04 -9.289893984949708187e-04 -1.511030905973176266e-03 7.500250635310398012e-03 4.077083457271957721e-03 4.133944022842467141e-03 3.303120579947545817e-03 4.061498275556286314e-03
2.740466892310172362e-03 7.947666462890036780e-04 1.798617916465743757e-04 -1.161271205104777958e-03 -1.888182757579051543e-03 9.377438368753878220e-03 5.096259218105422296e-03 5.167523859841431817e-03 4.128753235599663673e-03 5.076021613517670700e-03
3.287455716312371289e-03 9.536709301201644774e-04 2.160939130851061336e-04 -1.393566795611611911e-03 -2.265092235345583099e-03 1.125547758653539995e-02 6.115396891713644270e-03 6.201141435867826499e-03 4.954326844772267979e-03 6.090202697829645052e-03
3.834075389189605613e-03 1.112558870361328184e-03 2.524128665728893285e-04 -1.625876170484422643e-03 -2.641759327476293079e-03 1.313436901791308065e-02 7.134496455147922543e-03 7.234796854435482372e-03 5.779841381809300294e-03 7.104040645465871558e-03
4.380325495450789787e-03 1.271430469013457238e-03 2.888187571514052514e-04 -1.858199330143982080e-03 -3.018184022257874508e-03 1.501411339330101583e-02 8.153557885440615438e-03 8.268490219206722086e-03 6.605296820891844167e-03 8.117534572032011203e-03
4.926205618921153384e-03 1.430285728031116402e-03 3.253116900240451753e-04 -2.090536274963574956e-03 -3.394366308059393756e-03 1.689471144427267049e-02 9.172581159605900508e-03 9.302221633991998931e-03 7.430693136037065660e-03 9.130683591762590867e-03
5.471715342740891483e-03 1.589124649321556728e-03 3.618917705562591891e-04 -2.322887005268304932e-03 -3.770306173332061556e-03 1.877616390356397560e-02 1.019156625463850906e-02 1.033599120275041638e-02 8.256030301099240298e-03 1.014348681751584859e-02
