0.000000000000000000e+00 0.000000000000000000e+00 0.000000000000000000e+00 0.000000000000000000e+00 0.000000000000000000e+00 0.000000000000000000e+00 0.000000000000000000e+00 0.000000000000000000e+00
1.085275008736824543e-03 1.193337538187832017e-03 4.140181018695797128e-04 -2.692630648793963542e-03 1.794763274650523028e-03 5.106159869237758900e-03 8.797441126520757007e-03 8.078369831266866280e-03
2.160675351024443375e-03 2.396066850272978409e-03 8.391592941556020235e-04 -5.395901495452835699e-03 3.552170974721679565e-03 1.018999668287898057e-02 1.761535684846142827e-02 1.619594369729082314e-02
3.226039187051228229e-03 3.608317064454123670e-03 1.275607113939655670e-03 -8.109963365444963768e-03 5.271660736521309280e-03 1.525118112300498374e-02 2.645405083590986542e-02 2.435330960959324401e-02
4.281201395432790782e-03 4.830219468474177165e-03 1.723549041543672366e-03 -1.083496990545043670e-02 6.952659277349956292e-03 2.028937732361530896e-02 3.531383260415972558e-02 3.255106720158058159e-02
5.325993489913006217e-03 6.061907552263834549e-03 2.183176603240470377e-03 -1.357107764541692907e-02 8.594582131495085570e-03 2.530424270776807441e-02 4.419501765419753259e-02 4.078982801492070376e-02
6.360243533520751683e-03 7.303517051496190814e-03 2.654685477027438328e-03 -1.631844606204425896e-02 1.019683337860447653e-02 3.029542781985946134e-02 5.309792761719497878e-02 4.907021579439964365e-02
7.383776050096795517e-03 8.555185992066302245e-03 3.138275601561795868e-03 -1.907723764372440400e-02 1.175880536417858550e-02 3.526257615289459663e-02 6.202289040312546076e-02 5.739286679153587922e-02
8.396411933090583424e-03 9.817054735513679881e-03 3.634151288358179743e-03 -2.184761795696232162e-02 1.327987841193180654e-02 4.020532397055568558e-02 7.097024035364883632e-02 6.575843007727497080e-02
9.397968351537751633e-03 1.108926602540494417e-02 4.142521337354486931e-03 -2.462975571429687136e-02 1.475942052773304702e-02 4.512330012389788314e-02 7.994031839939064188e-02 7.416756786406571156e-02
1.038825865310855079e-02 1.237196503469429991e-02 4.663599155950975267e-03 -2.742382284375346688e-02 1.619678709485649140e-02 5.001612586248060932e-02 8.893347222176155309e-02 8.262095583766586315e-02
