0.000000000000000000e+00 0.000000000000000000e+00 0.000000000000000000e+00 0.000000000000000000e+00 0.000000000000000000e+00 0.000000000000000000e+00 0.000000000000000000e+00 0.000000000000000000e+00 0.000000000000000000e+00 0.000000000000000000e+00
1.308057599816445484e-03 3.264264470902390660e-04 -5.321359211968611832e-04 7.177117898606317613e-04 -1.820059915570395063e-03 3.027862318799513786e-03 6.268889747722916281e-03 7.818322676489479831e-03 4.667104010602773911e-03 3.955730091225277516e-03
2.616551107405182350e-03 6.527403992723789005e-04 -1.066192874946451105e-03 1.439538548286911504e-03 -3.642637180017981209e-03 6.054297692608658944e-03 1.253886810059544506e-02 1.563721069097753422e-02 9.335391487549072470e-03 7.910049717948522408e-03
3.925479109381492526e-03 9.789433623185908422e-04 -1.602184471245052949e-03 2.165504462533310651e-03 -5.467742462988314615e-03 9.079300358588884498e-03 1.880994206704274946e-02 2.345666023430630076e-02 1.400487362085343565e-02 1.186295025372772344e-02
5.234840152421367347e-03 1.305036893127465300e-03 -2.140124497733321765e-03 2.895633971358997465e-03 -7.295386519174353740e-03 1.210286450384709736e-02 2.508211872968953496e-02 3.127666745900604950e-02 1.867556168371222944e-02 1.581442300310329646e-02
6.544632742249098870e-03 1.631022600306080653e-03 -2.680026922064535685e-03 3.629951769102883995e-03 -9.125580189593579875e-03 1.512498426458720735e-02 3.135540524674819418e-02 3.909722847879782553e-02 2.334746703344920543e-02 1.976445920061581027e-02
7.854855342596779935e-03 1.956902144720100434e-03 -3.221905894255423786e-03 4.368482809841187087e-03 -1.095833440290267316e-02 1.814565372523822828e-02 3.762980885343752274e-02 4.691833936809203937e-02 2.802060111246271537e-02 2.371305000980708858e-02
9.165506374134990697e-03 2.282677240006340206e-03 -3.765775749016934699e-03 5.111252311629529629e-03 -1.279366017675383736e-02 2.116486691756249913e-02 4.390533686342667358e-02 5.473999616149839709e-02 3.269497544918126969e-02 2.766018652220870316e-02
1.047658421337329011e-02 2.608349653046029403e-03 -4.311651008057328788e-03 5.858285760829822289e-03 -1.463156861919173365e-02 2.418261781974281877e-02 5.018199667030982108e-02 6.256219485333422425e-02 3.737060165901874564e-02 3.160585975631155509e-02
1.178808719153013988e-02 2.933921204393299953e-03 -4.859546382354860625e-03 6.609608916525811298e-03 -1.647207093009445816e-02 2.719890035544562587e-02 5.645979574910996168e-02 7.038493139714283031e-02 4.204749144533476840e-02 3.555006065652362157e-02
1.310001359337072645e-02 3.259393768655018293e-03 -5.409476774393153636e-03 7.365247815026904586e-03 -1.831517840265949049e-02 3.021370839286151994e-02 6.273874165781101464e-02 7.820820170521497472e-02 4.672565660040018526e-02 3.949278009210872853e-02
