0.000000000000000000e+00 0.000000000000000000e+00 0.000000000000000000e+00 0.000000000000000000e+00 0.000000000000000000e+00 0.000000000000000000e+00 0.000000000000000000e+00 0.000000000000000000e+00
1.036308846986125441e-03 1.483726964550602465e-03 5.164854844735478805e-04 -3.036521296010184605e-03 1.286778781245870003e-03 4.987259925740956945e-03 9.527028110193598923e-03 9.231709927024140880e-03
2.068888668335061402e-03 2.970177491666709142e-03 1.038118135359744013e-03 -6.077184295361600860e-03 2.561148513061325266e-03 9.966920997354081907e-03 1.905907981227633261e-02 1.847840416571643746e-02
3.097720812079411083e-03 4.459357572660135188e-03 1.564926144251131343e-03 -9.122004528990704936e-03 3.823060895729730492e-03 1.493895624782597478e-02 2.859616966597379462e-02 2.774014342308314326e-02
4.122786510651376898e-03 5.951273214756538921e-03 2.096937858717224604e-03 -1.217099758412515387e-02 5.072467316404605416e-03 1.990333856416003078e-02 3.813831242095896967e-02 3.701698867529300968e-02
5.144066879730923615e-03 7.445930442109160823e-03 2.634181781513167744e-03 -1.522417910335329555e-02 6.309318844985783992e-03 2.486004068575051879e-02 4.768552302373407076e-02 4.630900116655084497e-02
6.161542917081807950e-03 8.943335296887301375e-03 3.176686569786060961e-03 -1.828156478375514427e-02 7.533566229911092121e-03 2.980903520270810833e-02 5.723781662476783161e-02 5.561624240783862028e-02
7.175195501375159803e-03 1.044349384044279336e-02 3.724481034284840564e-03 -2.134317037610276857e-02 8.745159893855779937e-03 3.475029455414394008e-02 6.679520858590744237e-02 6.493877417552221254e-02
8.185005391000053920e-03 1.194641215455587505e-02 4.277594138581824849e-03 -2.440901168413784836e-02 9.944049929343987126e-03 3.968379102640127304e-02 7.635771448808496842e-02 7.427665850980340323e-02
9.190953222857890098e-03 1.345209634276385048e-02 4.836054998315460034e-03 -2.747910456393723791e-02 1.113018609425403364e-02 4.460949675124301766e-02 8.592535013933336185e-02 8.362995771300743564e-02
1.019301951114121030e-02 1.496055253177333913e-02 5.399892880461712105e-03 -3.055346492337615572e-02 1.230351780722542532e-02 4.952738370398909046e-02 9.549813158313885664e-02 9.299873434768850256e-02
