0.000000000000000000e+00 0.000000000000000000e+00 0.000000000000000000e+00 0.000000000000000000e+00 0.000000000000000000e+00 0.000000000000000000e+00
3.293232695962188482e-04 1.771351294683810613e-04 -4.615251601717742375e-04 1.015836488253703956e-03 1.225925518596239624e-03 1.188500735382733977e-03
6.585218520128865863e-04 3.542354482492225697e-04 -9.228490481402392993e-04 2.031731676579581151e-03 2.451933250372505171e-03 2.377036520649271432e-03
9.875956904827254326e-04 5.313009720827096410e-04 -1.383971648458181365e-03 3.047685546011162563e-03 3.678023288433342197e-03 3.565607383372850544e-03
1.316544728198780359e-03 7.083317167510435860e-04 -1.844892945663719743e-03 4.063698077556709455e-03 4.904195725975646868e-03 4.754213351222659652e-03
1.645368908314676429e-03 8.853276980793527758e-04 -2.305612924281977630e-03 5.079769252202446898e-03 6.130450656298858103e-03 5.942854451976464954e-03
1.974068173944002261e-03 1.062288931935520282e-03 -2.766131568825844732e-03 6.095899050911790518e-03 7.356788172802783757e-03 7.131530713520436819e-03
2.302642468159995723e-03 1.239215434230897224e-03 -3.226448863794917788e-03 7.112087454625093223e-03 8.583208368989236892e-03 8.320242163847670069e-03
2.631091733996468972e-03 1.416107220919249040e-03 -3.686564793675569524e-03 8.128334444260148714e-03 9.809711338459835284e-03 9.508988831060131638e-03
2.959415914446429565e-03 1.592964307997501083e-03 -4.146479342940562890e-03 9.144640000712708425e-03 1.103629717491882989e-02 1.069777074336726932e-02
3.287614952463149484e-03 1.769786711505476036e-03 -4.606192496049012035e-03 1.016100410485487604e-02 1.226296597217160778e-02 1.188658792908590597e-02
