0.000000000000000000e+00 0.000000000000000000e+00 0.000000000000000000e+00 0.000000000000000000e+00 0.000000000000000000e+00 0.000000000000000000e+00
2.948307182766264634e-03 3.638639131740785317e-05 -2.984693574083617518e-03 6.130716652747648931e-03 1.198687335632464199e-02 6.796179376199354069e-03
5.899828370732697336e-03 7.312238493454204132e-05 -5.972950755667073494e-03 1.225930513314528458e-02 2.397775139053865551e-02 1.359048224685954764e-02
8.854571929367604025e-03 1.102155813864262937e-04 -8.964787510753791794e-03 1.838576081031108658e-02 3.597264462056182222e-02 2.038290272494212158e-02
1.181254617959331780e-02 1.476738239939070357e-04 -1.196022000358686402e-02 2.451007901696281022e-02 4.797156358632367196e-02 2.717343493780057309e-02
1.477375939135189623e-02 1.855052094197036719e-04 -1.495926460077113759e-02 3.063225504705947844e-02 5.997451885102222241e-02 3.396207302827712604e-02
1.773821977683101916e-02 2.237180987026718242e-04 -1.796193787553310162e-02 3.675228415330472620e-02 7.198152100251603569e-02 4.074881115580975682e-02
2.070593548334411296e-02 2.623211287760196173e-04 -2.096825661211951242e-02 4.287016154450210004e-02 8.399258065485148972e-02 4.753364349754827384e-02
2.367691458586192524e-02 3.013232244747443903e-04 -2.397823781033587773e-02 4.898588238275972812e-02 9.600770844993640474e-02 5.431656424947779727e-02
2.665116507919294137e-02 3.407336110331348616e-04 -2.699189869022506488e-02 5.509944178053147179e-02 1.080269150593632099e-01 6.109756762755074594e-02
2.962869486981297915e-02 3.805618270723686719e-04 -3.000925669688444403e-02 6.121083479749539480e-02 1.200502111863927523e-01 6.787664786882932622e-02
