0.000000000000000000e+00 0.000000000000000000e+00 0.000000000000000000e+00 0.000000000000000000e+00 0.000000000000000000e+00 0.000000000000000000e+00 0.000000000000000000e+00 0.000000000000000000e+00 0.000000000000000000e+00 0.000000000000000000e+00
1.393110492550977790e-03 6.923906476591829874e-04 1.181273098326347977e-04 -5.409753874271755903e-04 -1.662653057112009397e-03 3.454437121809143807e-03 4.607509939455630560e-03 5.207813655308532637e-03 5.414550953838081181e-03 4.480428417230891171e-03
2.785931080910240918e-03 1.385102995032064374e-03 2.366246332797245075e-04 -1.081793332143875068e-03 -3.325865371523138974e-03 6.907744898618038004e-03 9.213497380035171047e-03 1.041530067333493702e-02 1.082979924990124833e-02 8.963137966511849214e-03
4.178460207511631302e-03 2.078138203096537625e-03 3.554935514219016495e-04 -1.622453957102143029e-03 -4.989637999320365933e-03 1.035991783692912296e-02 1.381795831697578067e-02 1.562246093431533984e-02 1.624574801970805893e-02 1.344813514122875434e-02
5.570696301719340465e-03 2.771497433161865254e-03 4.747356508787955228e-04 -2.162957386668442998e-03 -6.653971993430445389e-03 1.381095040983096496e-02 1.842088872762494625e-02 2.082929433155839352e-02 2.166240041232085634e-02 1.793542644857446314e-02
6.962637782570592349e-03 3.465181848444979541e-03 5.943525222141942278e-04 -2.703303741645333470e-03 -8.318868405868443117e-03 1.726083706049366673e-02 2.302228457178025905e-02 2.603580077040415150e-02 2.707975959380434089e-02 2.242501841417623293e-02
8.354283058690084585e-03 4.159192614037755462e-03 7.143457597627070853e-04 -3.243493138990432081e-03 -9.984328287728275880e-03 2.070957220194372464e-02 2.762214179152958429e-02 3.124198016852040849e-02 3.249782874735461513e-02 2.691691758205675897e-02
9.745630528204004758e-03 4.853530896873488668e-03 8.347169614519142807e-04 -3.783525691526108767e-03 -1.165035268917428805e-02 2.415715021683347355e-02 3.222045631108825386e-02 3.644783245620202006e-02 3.791661107343125003e-02 3.141113051459265559e-02
1.113667857865378516e-02 5.548197865693944852e-03 9.554677286181850922e-04 -4.323401507641180981e-03 -1.331694265943726523e-02 2.760356545721304178e-02 3.681722403663352516e-02 4.165335757667674305e-02 4.333610978988911011e-02 3.590766379247505719e-02
1.252742558690935620e-02 6.243194691013758020e-03 1.076599665819015072e-03 -4.863120690982866701e-03 -1.498409924681234733e-02 3.104881224429422229e-02 4.141244085613805803e-02 4.685855548641280205e-02 4.875632813211427247e-02 4.040652401466383187e-02
1.391786991908264964e-02 6.938522545086945117e-03 1.198114380639431990e-03 -5.402683340139792338e-03 -1.665182349866112591e-02 3.449288486821716626e-02 4.600610263920200393e-02 5.206342615543194802e-02 5.417726935316094505e-02 4.490771779834396016e-02
