0.000000000000000000e+00 0.000000000000000000e+00 0.000000000000000000e+00 0.000000000000000000e+00 0.000000000000000000e+00 0.000000000000000000e+00
6.786967326473921985e-04 -3.468412431151466344e-05 -4.791827966031728917e-04 2.320039536668155964e-03 1.192163020180578119e-03 1.531637774138016033e-03
1.357883952756354547e-03 -6.970640193644563336e-05 -9.569038548377652945e-04 4.645540181655446847e-03 2.384219612129901810e-03 3.059103535445990146e-03
2.037573755389016951e-03 -1.050714745254372113e-04 -1.433148750084516391e-03 6.976572743822270599e-03 3.576169541937841093e-03 4.582328040837779434e-03
2.717778454557628637e-03 -1.407840701329215777e-04 -1.907902784933647542e-03 9.313209367363513985e-03 4.768012568116528072e-03 6.101240752839115662e-03
3.398510588545070737e-03 -1.768490052738838419e-04 -2.381150982718419941e-03 1.165552356434370121e-02 5.959748441458793955e-03 7.615769809308232940e-03
4.079782924921813297e-03 -2.132711870068423150e-04 -2.852878080681373139e-03 1.400359024717621505e-02 7.151376904781481594e-03 9.125841992421989193e-03
4.761608465694458329e-03 -2.500556150767409540e-04 -3.323068522936480779e-03 1.635748576203229290e-02 8.342897692656600639e-03 1.063138269678554244e-02
5.444000452595706627e-03 -2.872073841194750952e-04 -3.791706453224345796e-03 1.871728792320943163e-02 9.534310531130737315e-03 1.213231589664452541e-02
6.126972372516536341e-03 -3.247316859282182826e-04 -4.258775707450358078e-03 2.108307604849052677e-02 1.072561513744217827e-02 1.362856411215881795e-02
6.810537963084888069e-03 -3.626338117861314350e-04 -4.724259806001517882e-03 2.345493099553014327e-02 1.191681121971526446e-02 1.512004837471727856e-02
