0.000000000000000000e+00 0.000000000000000000e+00 0.000000000000000000e+00 0.000000000000000000e+00 0.000000000000000000e+00 0.000000000000000000e+00
2.290338938953860246e-03 7.817294837564976381e-04 -3.072068422710371328e-03 5.723218913391571114e-03 1.004374717676031863e-02 8.784344937895743194e-03
4.581674576015790611e-03 1.565358943142852212e-03 -6.147033519158501443e-03 1.144578395705208966e-02 2.008577161876568332e-02 1.757106648027741830e-02
6.874009214266127779e-03 2.350894138318587127e-03 -9.224903352584610389e-03 1.716769879438074728e-02 3.012606603049544640e-02 2.636016825926642757e-02
9.167345156606242218e-03 3.138340842719159092e-03 -1.230568599932518187e-02 2.288896706853903867e-02 4.016462314934211852e-02 3.515165389430885412e-02
1.146168470577290342e-02 3.927704841137153596e-03 -1.538938954690973610e-02 2.860959240043422711e-02 5.020143574891833965e-02 4.394552699088467851e-02
1.375703016444160959e-02 4.718991927720392332e-03 -1.847602209216164110e-02 3.432957838664171812e-02 6.023649664245906560e-02 5.274179113918436163e-02
1.605338383542367561e-02 5.512207903886713611e-03 -2.156559173930995901e-02 4.004892859727240961e-02 7.026979868631316739e-02 6.154044991274673637e-02
1.835074802196563770e-02 6.307358576153200558e-03 -2.465810659811830396e-02 4.576764657377998397e-02 8.030133478354717358e-02 7.034150686705270550e-02
2.064912502815498263e-02 7.104449753881874989e-03 -2.775357478203636583e-02 5.148573582670157300e-02 9.033109788766228998e-02 7.914496553806342483e-02
2.294851715944210696e-02 7.903487246941523492e-03 -3.085200440638284983e-02 5.720319983333270464e-02 1.003590810064432792e-01 8.795082944069862463e-02
