0.000000000000000000e+00 0.000000000000000000e+00 0.000000000000000000e+00 0.000000000000000000e+00 0.000000000000000000e+00 0.000000000000000000e+00 0.000000000000000000e+00 0.000000000000000000e+00
6.519653703186426225e-04 2.621757651997525581e-03 2.023282751383099131e-04 -3.476051297454382273e-03 -5.094154054296133171e-04 6.395428273722639050e-03 1.218967728239771751e-02 6.957086592464360036e-03
1.302266318928856472e-03 5.246216576602332447e-03 4.068146126080932935e-04 -6.955297508139158397e-03 -1.020517573841378794e-03 1.279058246260133744e-02 2.438357609537137455e-02 1.391191250217916481e-02
1.950899137920877923e-03 7.873381392250806965e-03 6.134699573242053186e-04 -1.043775048749574080e-02 -1.533308651126446751e-03 1.918546883627461272e-02 3.658169783338258152e-02 2.086447221093527815e-02
2.597860084451686976e-03 1.050325673608419261e-02 8.223053677502522966e-04 -1.392342218828594193e-02 -2.047790827315891429e-03 2.558009377141483645e-02 4.878404376814661492e-02 2.781476026037598553e-02
3.243145380582113362e-03 1.313584726542444021e-02 1.033332013137067910e-03 -1.741232465914330230e-02 -2.563966336990063880e-03 3.197446375413572073e-02 6.099061504315998056e-02 3.476277125547134333e-02
3.886751213154370378e-03 1.577115765940691888e-02 1.246561170345965829e-03 -2.090447004290684613e-02 -3.081837459649387594e-03 3.836858538243228395e-02 7.320141266799774782e-02 4.170849986815140797e-02
4.528673733713605050e-03 1.840919262077613666e-02 1.462004220224628719e-03 -2.439987057471399920e-02 -3.601406520042987110e-03 4.476246536864983416e-02 8.541643751238271742e-02 4.865194084109853573e-02
5.168909058477911059e-03 2.104995687785213287e-02 1.679672643506074058e-03 -2.789853857983570773e-02 -4.122675888452526950e-03 5.115611054197995167e-02 9.763569030002369753e-02 5.559308899169232432e-02
5.807453268359816755e-03 2.369345518667265518e-02 1.899578016196164926e-03 -3.140048647122811037e-02 -4.645647980919993814e-03 5.754952785097212226e-02 1.098591716022350034e-01 6.253193921611149841e-02
6.444302409043941790e-03 2.633969233332024429e-02 2.121732004414687671e-03 -3.490572674677844267e-02 -5.170325259427410031e-03 6.394272436606308896e-02 1.220868818313348980e-01 6.946848649358340622e-02
