0.000000000000000000e+00 0.000000000000000000e+00 0.000000000000000000e+00 0.000000000000000000e+00
2.072113729019681801e-04 -3.602781561781941383e-04 1.162709987261022334e-03 1.401199522363706000e-03
4.142814089177654932e-04 -7.203464157533333084e-04 2.325692825987780207e-03 2.802735205954308070e-03
6.212099586655606262e-04 -1.080204588308286825e-03 3.488948729817974680e-03 4.204607358721139561e-03
8.279968724756696244e-04 -1.439852483014340476e-03 4.652477912795724771e-03 5.606816289204547173e-03
1.034642000389217635e-03 -1.799289908627587156e-03 5.816280589375113011e-03 7.009362306551515827e-03
1.241145192156207751e-03 -2.158516673487660686e-03 6.980356974424195907e-03 8.412245720515049152e-03
1.447506297235543566e-03 -2.517532585517125946e-03 8.144707283224361660e-03 9.815466841458640734e-03
1.653725164793456428e-03 -2.876337452218585573e-03 9.309331731472273927e-03 1.121902598035613881e-02
1.859801643702834427e-03 -3.234931080675071575e-03 1.047423053528158052e-02 1.262292344879590439e-02
2.065735582542480801e-03 -3.593313277547055973e-03 1.163940391118423179e-02 1.402715955898123021e-02
