0.000000000000000000e+00 0.000000000000000000e+00 0.000000000000000000e+00 0.000000000000000000e+00 0.000000000000000000e+00 0.000000000000000000e+00
2.994200399751169479e-03 2.935459665018201820e-04 -3.287746366252973940e-03 7.641663495644324122e-03 1.201224126881156491e-02 9.056579472178043558e-03
5.989889899788405220e-03 5.890434472822698476e-04 -6.578933347070687644e-03 1.528085473918410625e-02 2.402267582053131331e-02 1.811743791355220276e-02
8.987066117429526324e-03 8.865084858520051563e-04 -9.873574603281733142e-03 2.291755832464886095e-02 3.603129387936715444e-02 2.718260050588528973e-02
1.198572654883203401e-02 1.185957295605473763e-03 -1.317168384443757195e-02 3.055175856090435599e-02 4.803808585689682553e-02 3.625209252873388271e-02
1.498586856643961338e-02 1.487406258857878420e-03 -1.647327482529756942e-02 3.818343946269998901e-02 6.004304236487278956e-02 4.532593935559636050e-02
1.798748941651672623e-02 1.790871925697387970e-03 -1.977836134221426512e-02 4.581258474139715542e-02 7.204615422855555062e-02 5.440416644984961969e-02
2.099058621677690750e-02 2.096371012649127057e-03 -2.308695722942609094e-02 5.343917779536810908e-02 8.404741250060197844e-02 6.348679936046659755e-02
2.399515595411312596e-02 2.403920401151676042e-03 -2.639907635526490132e-02 6.106320170004345127e-02 9.604680847553559442e-02 7.257386371749162401e-02
2.700119548243724854e-02 2.713537135846086357e-03 -2.971473261828357429e-02 6.868463919760253722e-02 1.080443337048383745e-01 8.166538522726346505e-02
3.000870152063404850e-02 3.025238422680405839e-03 -3.303393994331468159e-02 7.630347268628040469e-02 1.200399800126909361e-01 9.076138966736674307e-02
