0.000000000000000000e+00 0.000000000000000000e+00 0.000000000000000000e+00 0.000000000000000000e+00 0.000000000000000000e+00 0.000000000000000000e+00 0.000000000000000000e+00 0.000000000000000000e+00
2.827548325901210573e-03 -2.607442032655838716e-04 -1.001277355720808782e-03 -1.565526766914695622e-03 4.026426726787668726e-03 1.524302578020647267e-02 1.055194073640745162e-02 2.605524784129807647e-03
5.656576146985988450e-03 -5.252776993382951651e-04 -2.003763251045869408e-03 -3.127535196601734756e-03 8.048452415822433120e-03 3.049130833399151322e-02 2.110640352207036191e-02 5.207671783178251072e-03
8.487052688068078346e-03 -7.936523210829802416e-04 -3.007446979767872293e-03 -4.685953387217087901e-03 1.206605292796559571e-02 4.574487413652940371e-02 3.166341433711224868e-02 7.806412680985823707e-03
1.131894632406984201e-02 -1.065920973035094053e-03 -4.012317254060693110e-03 -6.240708096973879640e-03 1.607920370771796434e-02 6.100375021941111670e-02 4.222299948382392254e-02 1.040171869917164843e-02
1.415222455508185692e-02 -1.342137661033439115e-03 -5.018362183793355705e-03 -7.791724710254783678e-03 2.008787977518615084e-02 7.626796417735910716e-02 5.278518560018306827e-02 1.299356058492815921e-02
1.698685398031992214e-02 -1.622357522358007162e-03 -6.025569255755470338e-03 -9.338927202206158407e-03 2.409205571808050589e-02 9.153754417405393640e-02 6.334999967480792193e-02 1.558190859824525043e-02
1.982280027090483482e-02 -1.906636856326880680e-03 -7.033925312884314711e-03 -1.088223810169324825e-02 2.809170568376675309e-02 1.068125189469229935e-01 7.391746906350599167e-02 1.816673249852273839e-02
2.266002814137973997e-02 -2.195033155304807956e-03 -8.043416533596223911e-03 -1.242157845247836984e-02 3.208680337139755562e-02 1.220929178107274388e-01 8.448762150760825984e-02 2.074800153051673673e-02
2.549850131987477925e-02 -2.487605136069699283e-03 -9.054028411335781831e-03 -1.395686777246891823e-02 3.607732202415214057e-02 1.373787706597625891e-01 9.506048515430130796e-02 2.332568440956502356e-02
2.833818251681669703e-02 -2.784412771482336346e-03 -1.006574573447457412e-02 -1.548802401085920891e-02 4.006323442161908305e-02 1.526701079684662232e-01 1.056360885791975540e-01 2.589974930602945841e-02
