0.000000000000000000e+00 0.000000000000000000e+00 0.000000000000000000e+00 0.000000000000000000e+00 0.000000000000000000e+00 0.000000000000000000e+00
1.863420836919769778e-03 1.862319055052749769e-03 -3.725739891972583082e-03 2.784636043729077273e-03 1.062024302193124818e-02 1.157579267509299334e-02
3.714728594334054234e-03 3.752364611368902772e-03 -7.467093205702816927e-03 5.512054345830430871e-03 2.123839152283220691e-02 2.321089761284350281e-02
5.553674825055492439e-03 5.670620000249006892e-03 -1.122429482530447678e-02 8.181293849637420387e-03 3.185441185947587850e-02 3.490630951314608460e-02
7.380005194178830379e-03 7.617579181504303097e-03 -1.499758437568310052e-02 1.079137203144097008e-02 4.246826969915442479e-02 4.666304523241741192e-02
9.193459301441837817e-03 9.593747017409807662e-03 -1.878720631885143905e-02 1.334128429705713596e-02 5.307993000092516012e-02 5.848214440578362872e-02
1.099377049697724401e-02 1.159963955387906080e-02 -2.259341005085604981e-02 1.583000335821487317e-02 6.368935699575817289e-02 7.036467009054610255e-02
1.278066569016509703e-02 1.363578430898367867e-02 -2.641644999914851202e-02 1.825647858801447004e-02 7.429651416546913245e-02 8.231170943178878208e-02
1.455386515128199824e-02 1.570272056893877444e-02 -3.025658572022044135e-02 2.061963535467973771e-02 8.490136422030336583e-02 9.432437435104271128e-02
1.631308230563324052e-02 1.780099969166521953e-02 -3.411408199729804025e-02 2.291837433280061176e-02 9.550386907502289580e-02 1.064038022589553906e-01
1.805802351983272838e-02 1.993118541803555466e-02 -3.798920893786784242e-02 2.515157079122765094e-02 1.061039898233291784e-01 1.185511567929748988e-01
