0.000000000000000000e+00 0.000000000000000000e+00 0.000000000000000000e+00 0.000000000000000000e+00 0.000000000000000000e+00 0.000000000000000000e+00
1.882848380034975557e-04 1.062231271735519518e-04 -9.681099512149850175e-04 3.672413155622532787e-04 1.082096575443574358e-03 3.545633732549588555e-03
3.761744207017756153e-04 2.122503233740542143e-04 -1.935103938284273711e-03 7.333411483200281186e-04 2.163768602236243455e-03 7.094998169696513715e-03
5.636683005411178421e-04 3.180809181947955228e-04 -2.900978640620746358e-03 1.098297615017805378e-03 3.245015087228093204e-03 1.064810073481445296e-02
7.507660268734298471e-04 4.237142383907364614e-04 -3.865730725893259077e-03 1.462108824694032189e-03 4.325835033310662485e-03 1.420494887732532546e-02
9.374671459361487869e-04 5.291496078484812099e-04 -4.829356849984399631e-03 1.824772878596963308e-03 5.406227439378451585e-03 1.776555007307291031e-02
1.123771200828131223e-03 6.343863475675252375e-04 -5.791853656928896282e-03 2.186287870122682105e-03 6.486191300298957234e-03 2.132991182448711748e-02
1.309677731484754255e-03 7.394237756397849422e-04 -6.753217778852490909e-03 2.546651884747003561e-03 7.565725606882373923e-03 2.489804166075453018e-02
1.495186274652810605e-03 8.442612072299432880e-04 -7.713445835910130374e-03 2.905862999962551072e-03 8.644829345852499125e-03 2.846994713798520552e-02
1.680296363865970951e-03 9.488979545558029775e-04 -8.672534436223656995e-03 3.263919285211718934e-03 9.723501499816563851e-03 3.204563583938657007e-02
1.865007529418745511e-03 1.053333326866967568e-03 -9.630480175819260483e-03 3.620818801819662355e-03 1.080174104723296592e-02 3.562511537543307238e-02
