0.000000000000000000e+00 0.000000000000000000e+00 0.000000000000000000e+00 0.000000000000000000e+00 0.000000000000000000e+00 0.000000000000000000e+00 0.000000000000000000e+00 0.000000000000000000e+00
2.433071964347948042e-03 3.981492443614478372e-04 -9.695294632065328162e-04 -1.861691742789995047e-03 6.163051725369646412e-03 8.415082220657238085e-03 7.081349754592649454e-03 4.187887014478300016e-03
4.867265008011732730e-03 7.961187833766378199e-04 -1.939865480680820920e-03 -3.723518308016572631e-03 1.232734623568282166e-02 1.683033222747100377e-02 1.416196405404136945e-02 8.375098844098505593e-03
7.302581526471589243e-03 1.193908796680096061e-03 -2.911011614209752310e-03 -5.585478706280500721e-03 1.849288563123096737e-02 2.524574760784524183e-02 2.124184323136373356e-02 1.256163553701328262e-02
9.739023918394890816e-03 1.591519476242001354e-03 -3.882971472135815071e-03 -7.447571919877574338e-03 2.465967201096145103e-02 3.366132589884811982e-02 2.832098762973526279e-02 1.674749711403166266e-02
1.217659459260068966e-02 1.988951028230077217e-03 -4.855748708464267295e-03 -9.309796909789646788e-03 3.082770749017247139e-02 4.207706461162367961e-02 3.539939762004364748e-02 2.093268357782141625e-02
1.461529596750858577e-02 2.386203673603707470e-03 -5.829347023056949927e-03 -1.117215261553472852e-02 3.699699420032456776e-02 5.049296123162280714e-02 4.247707360133536753e-02 2.511719491242487418e-02
1.705513047056868292e-02 2.783277648716851738e-03 -6.803770161800790431e-03 -1.303463795503029786e-02 4.316753428881540955e-02 5.890901321887429681e-02 4.955401600125008271e-02 2.930103108277334542e-02
1.949610053767078521e-02 3.180173205927823085e-03 -7.779021916751191999e-03 -1.489725182447010354e-02 4.933932991873583862e-02 6.732521800829874281e-02 5.663022527644376303e-02 3.348419203419935458e-02
2.193820861253337889e-02 3.576890614217165948e-03 -8.755106126247216153e-03 -1.675999309821462474e-02 5.551238326858503463e-02 7.574157301007010401e-02 6.370570191299892993e-02 3.766667769194588511e-02
2.438145714607256251e-02 3.973430159810186803e-03 -9.732026674998509735e-03 -1.862286062869651995e-02 6.168669653196051650e-02 8.415807561002483506e-02 7.078044642681648180e-02 4.184848796067594523e-02
