0.000000000000000000e+00 0.000000000000000000e+00 0.000000000000000000e+00 0.000000000000000000e+00 0.000000000000000000e+00 0.000000000000000000e+00
5.615226505734161652e-04 5.095477078073333392e-06 -5.910125113154764218e-04 1.858616922887761655e-03 1.186963686105563286e-03 1.974406292940334914e-03
1.122425262736535465e-03 1.024704459837440349e-05 -1.181729305722550643e-03 3.717074856397091162e-03 2.373829233196700274e-03 3.950212918610332587e-03
1.682705229918262648e-03 1.545549537323521653e-05 -1.772152315664638237e-03 5.575362137255124306e-03 3.560596640631633752e-03 5.927431817959990037e-03
2.242359902491532220e-03 2.072163702535815676e-05 -2.362283514909612522e-03 7.433466878278454856e-03 4.747265907593531224e-03 7.906075156561356149e-03
2.801386586646231920e-03 2.604629237470292347e-05 -2.952124919649382236e-03 9.291376962648126639e-03 5.933837033093028283e-03 9.886155330423545065e-03
3.359782543343716767e-03 3.143029979953798050e-05 -3.541678589499069711e-03 1.114908003846882059e-02 7.120310015963795744e-03 1.186768497147187330e-02
3.917544987238310433e-03 3.687451360486171089e-05 -4.130946628523216903e-03 1.300656351317689211e-02 8.306684854853977479e-03 1.385067695318249054e-02
4.474671085571591857e-03 4.237980440236009238e-05 -4.719931186293348929e-03 1.486381454778688826e-02 9.492961548218489115e-03 1.583514439637487281e-02
5.031157957030690450e-03 4.794705950332221869e-05 -5.308634458973545377e-03 1.672082005097104071e-02 1.067914009431298814e-02 1.782110067517681321e-02
5.587002670575687627e-03 5.357718331896428935e-05 -5.897058690438903260e-03 1.857756667297089798e-02 1.186522049118431295e-02 1.980855942315997917e-02
