0.000000000000000000e+00 0.000000000000000000e+00 0.000000000000000000e+00 0.000000000000000000e+00
5.544987117033698190e-03 -5.544987117033805743e-03 1.488289149953024408e-02 1.214343893111816293e-02
1.110019750524201577e-02 -1.110019750524183710e-02 2.978661262317086264e-02 2.426604823812623241e-02
1.666565901718142229e-02 -1.666565901718124534e-02 4.471156871949022449e-02 3.636742257245588472e-02
2.224139894646711552e-02 -2.224139894646692123e-02 5.965817597127381910e-02 4.844714575132025303e-02
2.782744395710471871e-02 -2.782744395710442381e-02 7.462686175882876638e-02 6.050479039441364337e-02
3.342382000802082698e-02 -3.342382000802084085e-02 8.961806503714701833e-02 7.253991754674435355e-02
3.903055227259438070e-02 -3.903055227259405457e-02 1.046322367274705178e-01 8.455207628706951084e-02
4.464766505299934407e-02 -4.464766505299902488e-02 1.196698401238135007e-01 9.654080332137479625e-02
5.027518168919759001e-02 -5.027518168919713898e-02 1.347313513150166231e-01 1.085056225608201641e-01
5.591312446241659267e-02 -5.591312446241631512e-02 1.498172596229263298e-01 1.204460446835590448e-01
