0.000000000000000000e+00 0.000000000000000000e+00 0.000000000000000000e+00 0.000000000000000000e+00 0.000000000000000000e+00 0.000000000000000000e+00 0.000000000000000000e+00 0.000000000000000000e+00 0.000000000000000000e+00 0.000000000000000000e+00
7.268482133756943285e-05 3.654323021269899373e-04 2.322914302311031602e-04 -4.043124218393999870e-04 -4.993706120177868841e-04 4.593116910464736325e-05 3.590578831443743909e-04 1.829761664503234617e-03 1.538048743863480120e-03 1.092721305081147034e-03
1.452665277588980404e-04 7.307748985392449690e-04 4.646702314217526731e-04 -8.086549782899460272e-04 -9.984594929011905012e-04 9.163196222378864806e-05 7.179365262991310856e-04 3.659843248717087154e-03 3.076193750710269192e-03 2.185129350350804855e-03
2.177451175869646164e-04 1.096027704041866108e-03 6.971364874432671747e-04 -1.213027666608969832e-03 -1.497266679755284748e-03 1.371023747924809619e-04 1.076635837272965418e-03 5.490245021664208989e-03 4.614434989977178950e-03 3.277223635310609357e-03
2.901205891568292734e-04 1.461190633423645581e-03 9.296902822841260306e-04 -1.617430484085277936e-03 -1.995792209848948687e-03 1.823424023728261356e-04 1.435155723862261605e-03 7.320967252686635778e-03 6.152772430799116794e-03 4.369003659465828075e-03
3.623929408166869353e-04 1.826263601458844379e-03 1.162331700052291047e-03 -2.021863428040589130e-03 -2.494036120616873950e-03 2.273520406557399248e-04 1.793496093854121632e-03 9.152010211463832909e-03 7.691206042015219339e-03 5.460468922337432564e-03
4.345621709277508937e-04 2.191246522906951238e-03 1.395060824975253091e-03 -2.426326495830049678e-03 -2.991998449660067481e-03 2.721312854595168648e-04 2.151656855024300981e-03 1.098337416801409110e-02 9.229735792170706832e-03 6.551618923461878519e-03
5.066282778637145288e-04 2.556139312512817948e-03 1.627877741400403540e-03 -2.830819684841963564e-03 -3.489679234744597330e-03 3.166801327290912375e-04 2.509637915139145779e-03 1.281505939269506761e-02 1.076836164951575602e-02 7.642453162391639639e-03
5.785912600109313414e-04 2.920941885006686240e-03 1.860782533795203413e-03 -3.235342992497524696e-03 -3.987078513802058861e-03 3.609985785370632152e-04 2.867439181953469491e-03 1.464706615620568059e-02 1.230708358200424506e-02 8.732971138694813409e-03
6.504511157681716572e-04 3.285654155103571311e-03 2.093775286747828149e-03 -3.639896416251210687e-03 -4.484196324928775047e-03 4.050866190822537539e-04 3.225060563211984074e-03 1.647939472958675697e-02 1.384590155729362344e-02 9.823172351957209711e-03
7.222078435463041976e-04 3.650276037503904104e-03 2.326856084967017773e-03 -4.044479953590206060e-03 -4.981032706385784756e-03 4.489442506895043148e-04 3.582501966648301422e-03 1.831204538422305864e-02 1.538481554274406977e-02 1.091305630178001675e-02
