0.000000000000000000e+00 0.000000000000000000e+00 0.000000000000000000e+00 0.000000000000000000e+00 0.000000000000000000e+00 0.000000000000000000e+00
2.750680413349286361e-03 1.470325492418085122e-04 -2.897712962591098614e-03 6.822660508428324971e-03 1.045061595556745146e-02 7.536741783242725465e-03
5.502885941629813080e-03 2.949284546975481335e-04 -5.797814396327429301e-03 1.364441308978531914e-02 2.090003627666035466e-02 1.507558712803172551e-02
8.256616830201703866e-03 4.436939147626373786e-04 -8.700310744964462675e-03 2.046525354718645856e-02 3.134825479078935662e-02 2.261654640373989694e-02
1.101187326751715614e-02 5.933351795507561637e-04 -1.160520844706796999e-02 2.728517757608019470e-02 4.179526543434017999e-02 3.015962997853435107e-02
1.376865538376615371e-02 7.438585498470854165e-04 -1.451251393361353663e-02 3.410418076050015374e-02 5.224106225906945122e-02 3.770484821662328095e-02
1.652696324954552876e-02 8.952703759757848871e-04 -1.742223362552148755e-02 4.092225856919770588e-02 6.268563943882918266e-02 4.525221147540472999e-02
1.928679687455039232e-02 1.047577056580885433e-03 -2.033437393113154273e-02 4.773940635164396207e-02 7.312899127652391917e-02 5.280173010250225479e-02
2.204815620629383202e-02 1.200785037321474256e-03 -2.324894124361550490e-02 5.455561933390711687e-02 8.357111221131198475e-02 6.035341443268969763e-02
2.481104112885240340e-02 1.354900809480563337e-03 -2.616594193833323909e-02 6.137089261439022253e-02 9.401199682606042884e-02 6.790727478469693601e-02
2.757545146164238486e-02 1.509930908489642495e-03 -2.908538237013235522e-02 6.818522115943086159e-02 1.044516398550646707e-01 7.546332145789048929e-02
