0.000000000000000000e+00 0.000000000000000000e+00 0.000000000000000000e+00 0.000000000000000000e+00 0.000000000000000000e+00 0.000000000000000000e+00 0.000000000000000000e+00 0.000000000000000000e+00 0.000000000000000000e+00 0.000000000000000000e+00
1.502698728397459330e-03 5.999107563916384993e-04 7.672903201737585528e-05 -5.037599488249954599e-04 -1.675578560933769752e-03 3.917249337233921595e-03 5.115147573050415723e-03 5.505864606942336738e-03 5.637923394174711514e-03 4.577920576769517642e-03
3.005222732016098880e-03 1.199821548252740303e-03 1.537400167439568360e-04 -1.007199085061382489e-03 -3.351585204828375422e-03 7.833944863220100238e-03 1.022905029370313121e-02 1.101120340546942085e-02 1.127625803676959512e-02 9.157754368284979490e-03
4.507570786667208611e-03 1.799732792086652412e-03 2.310344806022898148e-04 -1.510317211270902635e-03 -5.028020840885425759e-03 1.175008216392338725e-02 1.534170440694266821e-02 1.651601597069601510e-02 1.691500673528911411e-02 1.373950716986841250e-02
6.009741653387137665e-03 2.399644901218618218e-03 3.086139574625805819e-04 -2.013114129828684137e-03 -6.704886374961487386e-03 1.566565678821025057e-02 2.045310613845533615e-02 2.202030189349650849e-02 2.255417231572525577e-02 1.832318479010015475e-02
7.511734082047944773e-03 2.999558288084222535e-03 3.864799866219416000e-04 -2.515589637228064952e-03 -8.382182712168336630e-03 1.958066425266980631e-02 2.556325169460144445e-02 2.752406077937557052e-02 2.819375762235901139e-02 2.290879305624434273e-02
9.013546811233043299e-03 3.599473364180931674e-03 4.646341126242155197e-04 -3.017743523733232812e-03 -1.005991075686602648e-02 2.349510004131924110e-02 3.067213726223100984e-02 3.302729224883704101e-02 3.383376551790557435e-02 2.749633781421577383e-02
1.051517856811337581e-02 4.199390540018490756e-03 5.430778850742234293e-04 -3.519575573023282083e-03 -1.173807141266104692e-02 2.740895960530246450e-02 3.577975900849231922e-02 3.852999593776085252e-02 3.947419888365978624e-02 3.208582492854614165e-02
1.201662806832106203e-02 4.799310225069337507e-03 6.218128584464365644e-04 -4.021085561823648999e-03 -1.341666558240715498e-02 3.132223836258821170e-02 4.088611308064456218e-02 4.403217149778172745e-02 4.511506061964706826e-02 3.667726028234859215e-02
1.351789401582431660e-02 5.399232827718926722e-03 7.008405918867447945e-04 -4.522273259528902106e-03 -1.509569416820900553e-02 3.523493169766378497e-02 4.599119560586188010e-02 4.953381859667462667e-02 5.075635364477230904e-02 4.127064977728051032e-02
1.501897510279909947e-02 5.999158755215111896e-03 7.801626490088501772e-04 -5.023138427812392191e-03 -1.677515807143068610e-02 3.914703496122266813e-02 5.109500269104037123e-02 5.503493691874872945e-02 5.639808089697616322e-02 4.586599933350333363e-02
