0.000000000000000000e+00 0.000000000000000000e+00 0.000000000000000000e+00 0.000000000000000000e+00 0.000000000000000000e+00 0.000000000000000000e+00 0.000000000000000000e+00 0.000000000000000000e+00 0.000000000000000000e+00 0.000000000000000000e+00
4.732199302369502784e-04 -1.386574979219655512e-04 2.761623622463929735e-04 -9.027951774275412653e-05 -4.349983720839924401e-04 1.676579238232684971e-03 4.553897483172080038e-04 1.522275168318259738e-03 1.711651176204339545e-03 1.046710375213595178e-03
9.462161749916068662e-04 -2.772981073917375793e-04 5.523244336678253706e-04 -1.805115536555993198e-04 -8.698512600097466334e-04 3.353506887582086843e-03 9.106768119109965708e-04 3.044620611014778322e-03 3.423266192507982975e-03 2.093415966492815413e-03
1.418988552397490530e-03 -4.159217965196145114e-04 8.284862293746473368e-04 -2.706960831339550269e-04 -1.304558672896596666e-03 5.030783194948776349e-03 1.365861178764834864e-03 4.567036354732057976e-03 5.134844999404507455e-03 3.140116759388483607e-03
1.891536880263537061e-03 -5.545285333807305206e-04 1.104647764522451907e-03 -3.608330815878792674e-04 -1.739120619874214924e-03 6.708408407732277534e-03 1.820942836860031883e-03 6.089522426108379474e-03 6.846387547340600579e-03 4.186812739489410504e-03
2.363860976070276433e-03 -6.931182860150118591e-04 1.380809054314489090e-03 -4.509225244409998811e-04 -2.173537110084029691e-03 8.386382773852334160e-03 2.275921774176106662e-03 7.612078851791866628e-03 8.557893786744161582e-03 5.233503892430411281e-03
2.835960656969994248e-03 -8.316910224267144193e-04 1.656970114001862001e-03 -5.409643871314018118e-04 -2.607808152678884814e-03 1.006470654174963612e-02 2.730797978691299963e-03 9.134705658440257087e-03 1.026936366802311956e-02 6.280190203891302878e-03
3.307835739784465313e-03 -9.702467105845787206e-04 1.933130958883482083e-03 -6.309586451113182457e-04 -3.041933756823650328e-03 1.174337996038896798e-02 3.185571438382288258e-03 1.065740287272205419e-02 1.198079714156626875e-02 7.326871659597866335e-03
3.779486041004164344e-03 -1.108785318421339795e-03 2.209291604305883058e-03 -7.209052738472320919e-04 -3.475913931694558055e-03 1.342240327925920372e-02 3.640242141224230357e-03 1.218017052131577238e-02 1.369219415774192497e-02 8.373548245320433861e-03
4.250911376786976198e-03 -1.247306813834439618e-03 2.485452065663746983e-03 -8.108042488193846226e-04 -3.909748686479632036e-03 1.510177674837855782e-02 4.094810075190268885e-03 1.370300863090887812e-02 1.540355466690026404e-02 9.420219946875599271e-03
4.722111562956887026e-03 -1.385811164684846086e-03 2.761612358399656835e-03 -9.006555455223988352e-04 -4.343438030377893590e-03 1.678150061829174547e-02 4.549275228252064145e-03 1.522591722820019859e-02 1.711487861937109958e-02 1.046688675012454398e-02
