0.000000000000000000e+00 0.000000000000000000e+00 0.000000000000000000e+00 0.000000000000000000e+00 0.000000000000000000e+00 0.000000000000000000e+00
6.875105177162336078e-04 -3.297489680644578207e-05 -4.904218255669500880e-04 2.347872201044040770e-03 1.144652806306711845e-03 1.562987310530266705e-03
1.374640880014054573e-03 -6.598109798527140358e-05 -9.802757503589911575e-04 4.697696745057609695e-03 2.289213511213502097e-03 3.125312626170165080e-03
2.061390572507104842e-03 -9.901864996802262010e-05 -1.469561266522585773e-03 7.049478608006026249e-03 3.433682069152742527e-03 4.686971627686211013e-03
2.747759078619622757e-03 -1.320875993865935514e-04 -1.958277864766414748e-03 9.403222787955205567e-03 4.578058434112650642e-03 6.247959976319397701e-03
3.433745879617005302e-03 -1.651879930800444836e-04 -2.446425034336684005e-03 1.175893430533824988e-02 5.722342559643401119e-03 7.808273313597892569e-03
4.119350454590293281e-03 -1.983198780953465668e-04 -2.934002263005561998e-03 1.411661820309075173e-02 6.866534398854527189e-03 9.367907261225418003e-03
4.804572280440126859e-03 -2.314833016892987253e-04 -3.421009037059201223e-03 1.647627954678380219e-02 8.010633904410912123e-03 1.092685742096983353e-02
5.489410831861092285e-03 -2.646783113295442464e-04 -3.907444841285931045e-03 1.883792342476020912e-02 9.154641028528526583e-03 1.248511937455135633e-02
6.173865581324607110e-03 -2.979049546959205031e-04 -4.393309158963308418e-03 2.120155494826947429e-02 1.029855572297162618e-02 1.404268868353008605e-02
6.857935999063542731e-03 -3.311632796815803452e-04 -4.878601471846581543e-03 2.356717925160669788e-02 1.144237793904746836e-02 1.559956088919072816e-02
