0.000000000000000000e+00 0.000000000000000000e+00 0.000000000000000000e+00 0.000000000000000000e+00 0.000000000000000000e+00 0.000000000000000000e+00 0.000000000000000000e+00 0.000000000000000000e+00 0.000000000000000000e+00 0.000000000000000000e+00
1.112939787563321190e-05 3.018258466132221453e-05 1.339909569903801730e-05 -8.509036631232273307e-05 3.037928807625628864e-05 1.194253300086600363e-04 2.519819526789437883e-04 1.940963556227345952e-04 2.638544315936664029e-04 1.731484164086750412e-04
2.226214734124060940e-05 6.036897764353156857e-05 2.678662907305809398e-05 -1.702005666360506520e-04 6.078281257827014154e-05 2.386820698018428161e-04 5.040412425714934849e-04 3.882275294461402446e-04 5.277037723777513014e-04 3.463583584264454856e-04
3.339831912782278799e-05 9.055919831375559273e-05 4.016254116765624594e-05 -2.553306979781296763e-04 9.121063936890272720e-05 3.577694115845466869e-04 7.561780936541411197e-04 5.823935822765848643e-04 7.915479964387165616e-04 5.196303749805270813e-04
4.453798448940079932e-05 1.207532660315688858e-04 5.352677267853227032e-05 -3.404808581913057182e-04 1.216628349917409671e-04 4.766865402040118224e-04 1.008392731451546783e-03 7.765945755241686040e-04 1.055387078518179884e-03 6.929650195471528809e-04
5.568121518728846376e-05 1.509512001373047581e-04 6.687926393873609579e-05 -4.256511459462701324e-04 1.521394666830635329e-04 5.954326332965121423e-04 1.260685382937028328e-03 9.708305711692001528e-04 1.319220994027787888e-03 8.663628501251383323e-04
6.682808349557874171e-05 1.811530199511838851e-04 8.021995491494578081e-05 -5.108416607409215545e-04 1.826406023794115152e-04 7.140068612008074926e-04 1.513056276546464150e-03 1.165101631773670472e-03 1.583049719059524164e-03 1.039824429285412296e-03
7.797866220678874403e-05 2.113587447725178868e-04 9.354878520329521234e-05 -5.960525029090047149e-04 2.131663107262595403e-04 8.324083868705399198e-04 1.765505642194692068e-03 1.359407820492938325e-03 1.846873230395761675e-03 1.213350324222998685e-03
8.913302463678991099e-05 2.415683938786963164e-04 1.068656940255172463e-04 -6.812837736284223667e-04 2.437166610873923978e-04 9.506363657863905808e-04 2.018033711288927303e-03 1.553749201086508007e-03 2.110691505518507306e-03 1.386941106807102267e-03
1.002912446305850142e-04 2.717819865237809250e-04 1.201706202248296890e-04 -7.665355749313985424e-04 2.742917235523010481e-04 1.068689945864737282e-03 2.270640716747287374e-03 1.748125837931227122e-03 2.374504522620836736e-03 1.560597353633798399e-03
1.114533965678972730e-04 3.019995419381560874e-04 1.334635022615477610e-04 -8.518080097127544862e-04 3.048915689451086415e-04 1.186568267368416944e-03 2.523326893010898082e-03 1.942537796032498421e-03 2.638312260617002667e-03 1.734319646079421958e-03
