0.000000000000000000e+00 0.000000000000000000e+00 0.000000000000000000e+00 0.000000000000000000e+00 0.000000000000000000e+00 0.000000000000000000e+00
2.218434161516453299e-06 -2.096094934817304396e-06 -1.223392266209412921e-07 2.202002848565877120e-04 5.587175467675632159e-04 1.994477851481561291e-04
4.371847458760177559e-06 -4.191511262999673368e-06 -1.803361955337098487e-07 4.405717783695185861e-04 1.117283634078010532e-03 3.988758210964108938e-04
6.457919711962495043e-06 -6.286298715699064715e-06 -1.716209960378070086e-07 6.611335492815628885e-04 1.675689115448531549e-03 5.982741855855539621e-04
8.474004907419540293e-06 -8.380424914595795995e-06 -9.357999264444097571e-08 8.819087190776214898e-04 2.233924361930045809e-03 7.976293860795420371e-04
1.041706151336268025e-05 -1.047374325229957689e-05 5.668173925865226755e-08 1.102925833023403338e-03 2.791979243936539359e-03 9.969230068992342587e-04
1.228355550402623257e-05 -1.256594583266179072e-05 2.823903290235890256e-07 1.324220866647052601e-03 3.349843115757237481e-03 1.196129718226798117e-03
1.406932005304724657e-05 -1.465649263203286715e-05 5.871725792906540829e-07 1.545840244836288978e-03 3.907504804960625078e-03 1.395214267606666300e-03
1.576934350128318099e-05 -1.674450148841226686e-05 9.751579875153701643e-07 1.767845530792493385e-03 4.464952610560260667e-03 1.594126792823949033e-03
1.737743288043129531e-05 -1.882857093046770092e-05 1.451138050681556726e-06 1.990320980127526299e-03 5.022174317147761954e-03 1.792795253675735171e-03
1.888564959865851454e-05 -2.090648234211445720e-05 2.020832743989588667e-06 2.213386245465894051e-03 5.579157239183581314e-03 1.991112683080155984e-03
