0.000000000000000000e+00 0.000000000000000000e+00 0.000000000000000000e+00 0.000000000000000000e+00 0.000000000000000000e+00 0.000000000000000000e+00 0.000000000000000000e+00 0.000000000000000000e+00 0.000000000000000000e+00 0.000000000000000000e+00
1.046777816027912821e-05 3.135339185263276922e-05 6.207420173425551337e-06 -6.476874435738981333e-05 1.674015417106595097e-05 1.814307824471397433e-04 2.830280866069713247e-04 1.930304952844202611e-04 1.835891512307708060e-04 1.213642901817738317e-04
2.093603251658827599e-05 6.271276484053325199e-05 1.239864136824237202e-05 -1.295348771845398182e-04 3.348743845920126481e-05 3.627502214472836414e-04 5.661520373956149214e-04 3.861066483755612412e-04 3.671153206937587100e-04 2.427613835876230388e-04
3.140482321940534936e-05 9.407814618337873220e-05 1.857359562392954183e-05 -1.942984264832897667e-04 5.024186145657777300e-05 5.439579089808146322e-04 8.493720666066884115e-04 5.792284976191443410e-04 5.505783287007837406e-04 3.641916153414316007e-04
4.187421079293157091e-05 1.254495631374095586e-04 2.473221457708693350e-05 -2.590594204989880747e-04 6.700343199166675816e-05 7.250534340173813048e-04 1.132688389872108089e-03 7.723960812820297814e-04 7.339779945193124124e-04 4.856553233072742203e-04
5.234425611888293006e-05 1.568270429846007231e-04 3.087442946828896457e-05 -3.238178877283393584e-04 8.377215915659355443e-05 9.060363825479070179e-04 1.416101224049624895e-03 9.656094375145686049e-04 9.173141365516763448e-04 6.071528480827866319e-04
6.281502043992477798e-05 1.882106130323532220e-04 3.700017113853544971e-05 -3.885738569212798875e-04 1.005480523104460141e-04 1.086906337555766655e-03 1.699610787235324508e-03 1.158868604351590221e-03 1.100586572326142393e-03 7.286845330267262234e-04
7.328656536263107612e-05 2.196003006128331540e-04 4.310937002428686955e-05 -4.533273570821253753e-04 1.173311210824950151e-04 1.267662878984440484e-03 1.983217298774836261e-03 1.352173619710887557e-03 1.283795118487757918e-03 8.502507242864087208e-04
8.375895286040047993e-05 2.509961330816551459e-04 4.920195615358315393e-05 -5.180784174721257121e-04 1.341213753764834628e-04 1.448305583707489019e-03 2.266920979274875993e-03 1.545524521396115245e-03 1.466939590787420941e-03 9.718517708276503287e-04
9.423224527698185939e-05 2.823981378179603883e-04 5.527785914220320065e-05 -5.828270676106625742e-04 1.509188253734892213e-04 1.628834025495128806e-03 2.550722050615571255e-03 1.738921347096774326e-03 1.650019804072157563e-03 1.093488024463142765e-03
1.047065053296189258e-04 3.138063422233440341e-04 6.133700818836815478e-05 -6.475733372769713544e-04 1.677234815356097196e-04 1.809247774984250757e-03 2.834620735963014858e-03 1.932364134386306120e-03 1.833035572275730496e-03 1.215159839882564265e-03
