0.000000000000000000e+00 0.000000000000000000e+00 0.000000000000000000e+00 0.000000000000000000e+00 0.000000000000000000e+00 0.000000000000000000e+00
1.326955659781216311e-06 -1.770396478985915176e-06 4.434408192958078458e-07 2.300617067138894134e-04 5.890462669781442069e-04 1.436630654657127491e-04
2.574927468022185291e-06 -3.564791823029990719e-06 9.898643551532270090e-07 4.608509816676114104e-04 1.177922760823883362e-03 2.867683358231896398e-04
3.734661063207953262e-06 -5.388312286569199821e-06 1.653651223555632997e-06 6.924751302116831375e-04 1.766620957937670372e-03 4.292170293230279134e-04
4.794461874594663697e-06 -7.247459848905848055e-06 2.452997974600920025e-06 9.250678738326056786e-04 2.355132005541462487e-03 5.708842772586184260e-04
5.739258777053910378e-06 -9.150608968912255783e-06 3.411350192155803894e-06 1.158798534576140245e-03 2.943446760730254134e-03 7.116099004904418530e-04
6.549188384607861459e-06 -1.110873151442121065e-05 4.559543130134804972e-06 1.393885403675637277e-03 3.531555868066212252e-03 8.511849632292095569e-04
7.197388432047146145e-06 -1.313648161431241364e-05 5.939093182768198387e-06 1.630615710816300541e-03 4.119449905609202066e-03 9.893316577453041636e-04
7.646436228534944386e-06 -1.525386657363302621e-05 7.607430345542499683e-06 1.869376352918683494e-03 4.707119656105727100e-03 1.125672304221247023e-03
7.842366639104639357e-06 -1.748891086020486039e-05 9.646544221552124973e-06 2.110702826060027997e-03 5.294556619169105485e-03 1.259679907172507347e-03
7.704131778067183620e-06 -1.988207132121423096e-05 1.217793954369839803e-05 2.355360380731287562e-03 5.881754001595649282e-03 1.390596009229903103e-03
