0.000000000000000000e+00 0.000000000000000000e+00 0.000000000000000000e+00 0.000000000000000000e+00 0.000000000000000000e+00 0.000000000000000000e+00
1.926921577612225199e-05 8.147193445561322323e-06 -2.741640922152411528e-05 4.255237236993218491e-04 2.467066534476881770e-04 2.306961035561351449e-04
3.842110179981005394e-05 1.636034816546560046e-05 -5.478144996510505519e-05 8.511307529933820207e-04 4.934249551960278625e-04 4.612972532118115427e-04
5.745540757096049281e-05 2.463972322429809221e-05 -8.209513079509057096e-05 1.276821352406218822e-03 7.401550049551443040e-04 6.918030847385796007e-04
7.637188152476497244e-05 3.298557901816199980e-05 -1.093574605427446230e-04 1.702595788330460479e-03 9.868969031704072966e-04 9.222132312971555428e-04
9.517027117146840303e-05 4.139817717491495641e-05 -1.365684483463505488e-04 2.128454328681834897e-03 1.233650750735737229e-03 1.152527324079252779e-03
1.138503230905465883e-04 4.987778056218040616e-05 -1.637281036525581909e-04 2.554397242907072846e-03 1.480416648991713909e-03 1.382744992296324306e-03
1.324117829259391713e-04 5.842465329354782760e-05 -1.908364362193471300e-04 2.980424801994477953e-03 1.727194699733459798e-03 1.612865863165682161e-03
1.508543953803316269e-04 6.703906073684927228e-05 -2.178934561169598304e-04 3.406537278484272815e-03 1.973985005211284244e-03 1.842889561896485619e-03
1.691779042099974411e-04 7.572126952076966406e-05 -2.448991737305055956e-04 3.832734946478050415e-03 2.220787668134785887e-03 2.072815711677664704e-03
1.873820522195796695e-04 8.447154754246224192e-05 -2.718535997617115550e-04 4.259018081649111782e-03 2.467602791676172264e-03 2.302643933663576191e-03
