0.000000000000000000e+00 0.000000000000000000e+00 0.000000000000000000e+00 0.000000000000000000e+00 0.000000000000000000e+00 0.000000000000000000e+00
2.294429634746121817e-06 -4.247623051243198906e-06 1.953193416755238331e-06 3.262379632845643657e-04 5.692228620488120868e-04 6.189410160758562719e-05
4.147571000484666902e-06 -8.507834178165109789e-06 4.360263177779519484e-06 6.544662402468806898e-04 1.138195316370035036e-03 1.220482971161348444e-04
5.470384911043766371e-06 -1.278350784681985374e-05 7.313122935977395759e-06 9.849962918891154440e-04 1.706899868177640675e-03 1.801686205331889338e-04
6.147072010736058805e-06 -1.707792249078314597e-05 1.093085048021606854e-05 1.318217727131085161e-03 2.275318847551634910e-03 2.358831327835650589e-04
6.024440289495504330e-06 -2.139487044107652916e-05 1.537043015193104934e-05 1.654625731118069144e-03 2.843435083146120257e-03 2.887138200684944062e-04
4.895794850832599875e-06 -2.573879889948333424e-05 2.084300404907620918e-05 1.994861191358232762e-03 3.411233080945715035e-03 3.380352888951967580e-04
2.475768975407702244e-06 -3.011499040991607028e-05 2.763922143481049791e-05 2.339771027614855753e-03 3.978701106727169055e-03 3.830123537238892210e-04
-1.640430674908948186e-06 -3.452978604257887345e-05 3.617021671784922010e-05 2.690501830104397203e-03 4.545834942591642225e-03 4.225026422364323310e-04
-8.045860277906455825e-06 -3.899084093191002151e-05 4.703670121023587384e-05 3.048650725092158162e-03 5.112644891520776863e-03 4.548987251861239000e-04
-1.764413832351538437e-05 -4.350735993074878187e-05 6.115149825478683300e-05 3.416519533783730998e-03 5.679169449879828240e-03 4.778602850032130688e-04
