0.000000000000000000e+00 0.000000000000000000e+00 0.000000000000000000e+00 0.000000000000000000e+00 0.000000000000000000e+00 0.000000000000000000e+00 0.000000000000000000e+00 0.000000000000000000e+00 0.000000000000000000e+00 0.000000000000000000e+00
6.293567491699335917e-06 2.209229220696688653e-05 1.813937269565809809e-05 -8.662290683104020297e-05 4.009767443687108936e-05 8.207422395012717439e-05 1.647598472818485491e-04 1.430715922696771357e-04 2.938202148557384819e-04 1.906674684864350256e-04
1.258989586178729983e-05 4.418510221366853021e-05 3.627817194020253454e-05 -1.732820110711001443e-04 8.022884105542126291e-05 1.640007336507714835e-04 3.295386723486563385e-04 2.861492585842714278e-04 5.877164125729009278e-04 3.813816165295941685e-04
1.888902414884280185e-05 6.627843250024444469e-05 5.441638544309848819e-05 -2.599774245532511107e-04 1.203935824610835532e-04 2.457788840890719607e-04 4.943365525455581952e-04 4.292330415426473078e-04 8.816887639028178928e-04 5.721427984480385734e-04
2.519099165561425368e-05 8.837228552702093164e-05 7.255400087687784508e-05 -3.467092598638745089e-04 1.605919818043244937e-04 3.274080249411396009e-04 6.591535657963619064e-04 5.723229845136702408e-04 1.175737441288435530e-03 7.629513708309381076e-04
3.149583794024314170e-05 1.104666637239259404e-04 9.069100584645618888e-05 -4.334776302915336298e-04 2.008241227808949350e-04 4.088875007214508783e-04 8.239897906408675697e-04 7.154191316250811845e-04 1.469862618614020851e-03 9.538076926114826904e-04
3.780360281901103451e-05 1.325615694900520467e-04 1.088273878881629617e-04 -5.202826498338385987e-04 2.410900896365694723e-04 4.902166507272557412e-04 9.888453062409582883e-04 8.585215277773632645e-04 1.764064471218175023e-03 1.144712125090955376e-03
4.411432636859842493e-05 1.546570051938251267e-04 1.269631344697903482e-04 -6.071244332045384407e-04 2.813899671723603195e-04 5.713948089804575178e-04 1.153720192386872281e-03 1.001630218655669190e-03 2.058343175913658011e-03 1.335665031960243032e-03
5.042804892901155752e-05 1.767529731724026799e-04 1.450982329895753856e-04 -6.940030958404257676e-04 3.217238407494261293e-04 6.524213041696543414e-04 1.318614529503801553e-03 1.144745250739291923e-03 2.352698911002621719e-03 1.526666779323693776e-03
5.674481110695092271e-05 1.988494757317276862e-04 1.632326707756265294e-04 -7.809187539085330615e-04 3.620917962941912161e-04 7.332954595901310536e-04 1.483528398660646395e-03 1.287866671316410588e-03 2.647131856292873030e-03 1.717717735721241640e-03
6.306465377799397266e-05 2.209465151461718359e-04 1.813664350860802802e-04 -8.678715243135297526e-04 4.024939203032753426e-04 8.140165930859776617e-04 1.648461881574551794e-03 1.430994528494294654e-03 2.941642193116127645e-03 1.908818272153083549e-03
