0.000000000000000000e+00 0.000000000000000000e+00 0.000000000000000000e+00 0.000000000000000000e+00 0.000000000000000000e+00 0.000000000000000000e+00
4.583215879290333369e-07 -2.668109578424276830e-06 2.209787990580181416e-06 2.322808561829985412e-04 5.785980130687104397e-04 2.122022953617893736e-04
8.346703899438656253e-07 -5.336332260516325635e-06 4.501661870646365328e-06 4.648360781952145648e-04 1.156968292579129949e-03 4.243579584520714419e-04
1.124799222940769581e-06 -8.004300821772599160e-06 6.879501598988908452e-06 6.976977116452238135e-04 1.735098436150817091e-03 6.364473460429737354e-04
1.323846790460180760e-06 -1.067140335408147875e-05 9.347556563747204357e-06 9.309052983337991714e-04 2.312975508551482710e-03 8.484438515672941593e-04
1.426181996725351070e-06 -1.333668490145905618e-05 1.191050290500637179e-05 1.164508639124125448e-03 2.890586045674047120e-03 1.060311138268373726e-03
1.425178078346144061e-06 -1.599869976863171699e-05 1.457352169061168570e-05 1.398571938380528158e-03 3.467916070833288161e-03 1.271998978467535173e-03
1.312870651117699578e-06 -1.865528294408708843e-05 1.734241229334046382e-05 1.633180215856796548e-03 4.044951130762699035e-03 1.483436805678580578e-03
1.079414617847061927e-06 -2.130318363235425241e-05 2.022376901494528270e-05 1.868449586924093636e-03 4.621676364636163187e-03 1.694523365358859565e-03
7.121735456314001690e-07 -2.393745274550140617e-05 2.322527920033277060e-05 2.104544449034672152e-03 5.198076631820992485e-03 1.905109400696806997e-03
1.940944284438157058e-07 -2.655036688751897687e-05 2.635627245972610599e-05 2.341707683636762381e-03 5.774136752099976941e-03 2.114967210485805150e-03
