0.000000000000000000e+00 0.000000000000000000e+00 0.000000000000000000e+00 0.000000000000000000e+00 0.000000000000000000e+00 0.000000000000000000e+00
-9.620894280584666266e-06 2.109940587225882201e-05 -1.147851159168663931e-05 -4.384427443873885360e-05 6.495752578292328990e-04 4.367474295500660061e-04
-2.092595140928262554e-05 4.246138036605067362e-05 -2.153542895663373237e-05 -9.170677609851145837e-05 1.298701427493231765e-03 8.779621744861559191e-04
-3.430862154194528257e-05 6.412733414534277452e-05 -2.981871260327899204e-05 -1.443121503701074891e-04 1.947352940085796168e-03 1.324394449105759314e-03
-5.029511680992660501e-05 8.614709332575943364e-05 -3.585197651552944853e-05 -2.026038033751049506e-04 2.595506029699426974e-03 1.777011425437441785e-03
-6.960552798204696680e-05 1.085817460478779987e-04 -3.897621806567588257e-05 -2.678356080491300483e-04 3.243142764634620451e-03 2.237084908116734449e-03
-9.325221000947508205e-05 1.315078470870218374e-04 -3.825563707739598350e-05 -3.417148689018309807e-04 3.890258707063390647e-03 2.706326639481497053e-03
-1.227051168731609955e-04 1.550238461480131296e-04 -3.231872927452519298e-05 -4.266341624559405812e-04 4.536877785149012569e-03 3.187105267891737412e-03
-1.601845354469436566e-04 1.792603494135193735e-04 -1.907581396633928626e-05 -5.260658046643393228e-04 5.183082330938316128e-03 3.682810777262836462e-03
-2.092142443338217768e-04 2.043974642260734231e-04 4.816780107828059549e-06 -6.452746011547786688e-04 5.829077433124521708e-03 4.198502884609532984e-03
-2.757584794318020636e-04 2.306965602666451046e-04 4.506191916544435394e-05 -7.927104906194915035e-04 6.475340842345485466e-03 4.742153777678990469e-03
