0.000000000000000000e+00 0.000000000000000000e+00 0.000000000000000000e+00 0.000000000000000000e+00 0.000000000000000000e+00 0.000000000000000000e+00
2.682399970289252893e-09 5.476524397283331127e-06 -5.479206797188751103e-06 5.964181727230674239e-05 6.711074363704639572e-04 2.831625697462148306e-04
-3.620229032984397281e-07 1.112085159842709654e-05 -1.075882869510958809e-05 1.178762374027952654e-04 1.342079849921674851e-03 5.678675594521796809e-04
-1.170884331341355655e-06 1.696873673759104309e-05 -1.579785240606986022e-05 1.744591453073238629e-04 2.012906791030837257e-03 8.543695338418292543e-04
-2.523972267992588127e-06 2.306584427462296115e-05 -2.054187200656757231e-05 2.290788071590552154e-04 2.683577291918060829e-03 1.142991194544681682e-03
-4.554169846383761452e-06 2.947151141819189652e-05 -2.491734157155772926e-05 2.813301979984344256e-04 3.354080037486453780e-03 1.434148881382715617e-03
-7.441740818027547087e-06 3.626437181067083786e-05 -2.882263099230252603e-05 3.306765884935337603e-04 4.024403711650171266e-03 1.728390640096809329e-03
-1.143739131613706540e-05 4.355100281335134863e-05 -3.211361149689115032e-05 3.763902800045212981e-04 4.694537666373091618e-03 2.026454817237004213e-03
-1.690020427746342501e-05 5.147969927814415102e-05 -3.457949500016729529e-05 4.174579424815146912e-04 5.364473228496341450e-03 2.329363416010543381e-03
-2.436295338769347343e-05 6.026331661314619824e-05 -3.590036322493583143e-05 4.524229676021870265e-04 6.034206300057104455e-03 2.638577142702604530e-03
-3.465092715649254666e-05 7.021906604468892326e-05 -3.556813888771330354e-05 4.791094871260753404e-04 6.703742760499960263e-03 2.956265986109514379e-03
