0.000000000000000000e+00 0.000000000000000000e+00 0.000000000000000000e+00 0.000000000000000000e+00 0.000000000000000000e+00 0.000000000000000000e+00 0.000000000000000000e+00 0.000000000000000000e+00 0.000000000000000000e+00 0.000000000000000000e+00
9.777091748740626217e-08 2.655451774001986632e-05 1.395996515942467828e-05 -7.714462459356444214e-05 3.653237077667429171e-05 2.435337307448111116e-04 2.171679581993606663e-04 1.445399762454152972e-04 2.729650293172087216e-04 1.665340895221348511e-04
2.011550567402829681e-07 5.311539910643374912e-05 2.791275952224142571e-05 -1.543169531877781290e-04 7.308763950231405952e-05 4.869156356536575138e-04 4.343880831866255726e-04 2.890968644344475507e-04 5.459774855500914605e-04 3.331034992310619928e-04
3.102437808142447300e-07 7.968264772989520613e-05 4.185832899634013126e-05 -2.315170845846574064e-04 1.096658640776902055e-04 7.301449611210824144e-04 6.516605391453113814e-04 4.336707681180232746e-04 8.190373734989230860e-04 4.997087101997141085e-04
4.251291039349767496e-07 1.062562671295529007e-04 5.579661913396370774e-05 -3.087451183993493247e-04 1.462671030317300126e-04 9.732209462106096573e-04 8.689854912155425956e-04 5.782617920061878993e-04 1.092144698761131827e-03 6.663502079169994962e-04
5.459036409847043954e-07 1.328362606873762538e-04 6.972757507143317304e-05 -3.860011548836302466e-04 1.828914154837065159e-04 1.216142823482485244e-03 1.086363105617445257e-03 7.228700418575931524e-04 1.365299466919893314e-03 8.330284822598495479e-04
6.726606129163034995e-07 1.594226316457088473e-04 8.365114152333175254e-05 -4.632852949326363308e-04 2.195388611505885528e-04 1.458909818916196343e-03 1.303793549664905094e-03 8.674956244920831823e-04 1.638501683546862448e-03 9.997440275442549644e-04
8.054938542880167183e-07 1.860153831051823844e-04 9.756726277819676785e-05 -5.405976400921221840e-04 2.562095003544180268e-04 1.701521151830462809e-03 1.521276991774326518e-03 1.012138647804640542e-03 1.911751354202172312e-03 1.166497342580170458e-03
9.444978192958836929e-07 2.126145180226451188e-04 1.114758826936147605e-04 -6.179382925653004958e-04 2.929033940297811451e-04 1.943976034804051605e-03 1.738813601477387288e-03 1.156799220780855642e-03 2.185048484435530951e-03 1.333288930721493980e-03
1.089767588679240679e-06 2.392200392084667718e-04 1.253769446911972988e-04 -6.953073552195781874e-04 3.296206037313588835e-04 2.186273673595262763e-03 1.956403549432087722e-03 1.301477453508961823e-03 2.458393079788353999e-03 1.500119299921539489e-03
1.241398876334340247e-06 2.658319493248369040e-04 1.392703917516156169e-04 -7.727049315941051690e-04 3.663611916412584700e-04 2.428413267058165872e-03 2.174047007435274317e-03 1.446173457196790876e-03 2.731785145795804712e-03 1.666988962787609510e-03
