0.000000000000000000e+00 0.000000000000000000e+00 0.000000000000000000e+00 0.000000000000000000e+00 0.000000000000000000e+00 0.000000000000000000e+00 0.000000000000000000e+00 0.000000000000000000e+00 0.000000000000000000e+00 0.000000000000000000e+00
5.781956391219768381e-06 2.001802520082312159e-05 1.246364461550129288e-05 -6.591704220151406533e-05 2.765341599395551765e-05 8.402000574509087077e-05 1.569444287471024983e-04 1.266005042171939720e-04 2.182554936287970076e-04 1.389109790518839270e-04
1.156616041107962276e-05 4.003736486492568352e-05 2.492503380300684077e-05 -1.318535201405329120e-04 5.532496106150286208e-05 1.679423740828917238e-04 3.139105973207134345e-04 2.532099256340788877e-04 4.365442789576228703e-04 2.778556467837237217e-04
1.735263907909353158e-05 6.005802241012132532e-05 3.738415556858904371e-05 -1.978094908284665102e-04 8.301467377075593226e-05 2.517667342466019427e-04 4.708985594393404238e-04 3.798282963196211530e-04 6.548664251666207019e-04 4.168342189956815479e-04
2.314141956743264028e-05 8.008000124377005313e-05 4.984099787074439234e-05 -2.637850116081310106e-04 1.107225929262179722e-04 3.354927129405704637e-04 6.279083691367036727e-04 5.064556486911631246e-04 8.732220020583048026e-04 5.558469127299858065e-04
2.893252919692782549e-05 1.001033047588167614e-04 6.229554861088954475e-05 -3.297801401359797555e-04 1.384487575693955886e-04 4.191199344041929330e-04 7.849400807642261746e-04 6.330920155092323830e-04 1.091611079981423971e-03 6.948939462871580371e-04
3.472599543685978251e-05 1.201279363334265888e-04 7.474779563285256464e-05 -3.957949343845884593e-04 1.661932069814348121e-04 5.026480203908765577e-04 9.419937489914560064e-04 7.597374298793558743e-04 1.310033729836266019e-03 8.339755392369383423e-04
4.052184590734961994e-05 1.401538993312627379e-04 8.719772672259823530e-05 -4.618294526449787628e-04 1.939559806836197830e-04 5.860765901446680958e-04 1.099069428811679352e-03 8.863919252589901304e-04 1.528490023079991230e-03 9.730919124286886322e-04
4.632010838064897553e-05 1.601811971009940174e-04 9.964532960732122612e-05 -5.278837535297501403e-04 2.217371184408772856e-04 6.694052603784235531e-04 1.256167175543365091e-03 1.013055535459196198e-03 1.746980031730244057e-03 1.112243288001973571e-03
5.212081078129074743e-05 1.802098329759665996e-04 1.120905919555103452e-04 -5.939578959750634480e-04 2.495366602622883291e-04 7.526336452506851874e-04 1.413287044832195949e-03 1.139728294650503007e-03 1.965503828372448282e-03 1.251429889396275677e-03
5.792398118828720905e-05 2.002398102744845578e-04 1.245335013762321932e-04 -6.600519392435917967e-04 2.773546464045242551e-04 8.357613563432016602e-04 1.570429092655680576e-03 1.266410237366581834e-03 2.184061486163372309e-03 1.390651941362222024e-03
