0.000000000000000000e+00 0.000000000000000000e+00 0.000000000000000000e+00 0.000000000000000000e+00 0.000000000000000000e+00 0.000000000000000000e+00
2.294494336545716145e-05 -2.862680881349866669e-06 -2.008226248422716561e-05 3.286101769177909230e-04 2.669161343689563002e-04 3.982278126865086048e-04
4.580438829833095214e-05 -5.751870654077976580e-06 -4.005251764423520397e-05 6.571895936526992365e-04 5.338263736863350711e-04 7.964922806058287105e-04
6.857825813686380600e-05 -8.667677659684643596e-06 -5.991058047711020037e-05 9.857381059586547197e-04 8.007307414061438748e-04 1.194793524551588130e-03
9.126647630585767352e-05 -1.161021083356356495e-05 -7.965626547207338534e-05 1.314255568445602505e-03 1.067629261210887616e-03 1.593131666231247922e-03
1.138689663576918667e-04 -1.457957967017342267e-05 -9.928938668753717876e-05 1.642741834863708627e-03 1.334521956820851904e-03 1.991506828174756296e-03
1.363856519747950503e-04 -1.757589422648695305e-05 -1.188097577482067312e-04 1.971196758094169183e-03 1.601408851994846547e-03 2.389919133741652199e-03
1.588164569702878550e-04 -2.059926512575745232e-05 -1.382171918444869601e-04 2.299620190144489613e-03 1.868289970531250392e-03 2.788368707126762797e-03
1.811613052912685250e-04 -2.364980356143423718e-05 -1.575115017296448540e-04 2.628011982140298752e-03 2.135165336267748088e-03 3.186855673366279992e-03
2.034201210192548392e-04 -2.672762130081793259e-05 -1.766924997183997388e-04 2.956371984319782972e-03 2.402034973082288298e-03 3.585380158343112484e-03
2.255928283739448963e-04 -2.983283068876606972e-05 -1.957599976850356001e-04 3.284700046027736083e-03 2.668898904893643367e-03 3.983942288795391112e-03
