0.000000000000000000e+00 0.000000000000000000e+00 0.000000000000000000e+00 0.000000000000000000e+00 0.000000000000000000e+00 0.000000000000000000e+00 0.000000000000000000e+00 0.000000000000000000e+00 0.000000000000000000e+00 0.000000000000000000e+00
9.755237102313948862e-06 2.942009283503626161e-05 7.163589803109805830e-06 -6.521777686218262475e-05 1.887885712179142395e-05 1.707047712860844358e-04 2.624562563357306865e-04 1.811712543309432319e-04 1.930539191936467584e-04 1.240698117670974783e-04
1.951318075924889892e-05 5.884452504915928218e-05 1.431365098739254391e-05 -1.304398623402100519e-04 3.776850554454300396e-05 3.412880273450674836e-04 5.249909895686359369e-04 3.623804151896849158e-04 3.860698689613466239e-04 2.481827247611206422e-04
2.927389606396501448e-05 8.827331243448391059e-05 2.145012554128515115e-05 -1.956663060424019716e-04 5.666897200262563860e-05 5.117492432540979991e-04 7.876043726568671870e-04 5.436275462411472355e-04 5.790477453737664666e-04 3.723391312116890433e-04
3.903744853505784258e-05 1.177064707541355980e-04 2.857295512791756985e-05 -2.608971580258605239e-04 7.558028360885347486e-05 6.820878897460221427e-04 1.050296579574331061e-03 7.249127114673583087e-04 7.719874442681776052e-04 4.965394265934887754e-04
4.880390410431155148e-05 1.471440157356653335e-04 3.568208108216741002e-05 -3.261324687852017656e-04 9.450246786315091526e-05 8.523034332885201904e-04 1.313067785235011138e-03 9.062359751541346599e-04 9.648888612862513122e-04 6.207840095971727586e-04
5.857332912062854013e-05 1.765859630701149395e-04 4.277744440836932406e-05 -3.913722892565514567e-04 1.134355526575155635e-04 1.022395336038264650e-03 1.575918165502835765e-03 1.087597401894700288e-03 1.157751891875122199e-03 7.450732821619951169e-04
6.834579035436124598e-05 2.060323284111942712e-04 4.985898577574528271e-05 -4.566166708212676954e-04 1.323795662799343085e-04 1.192363055792516110e-03 1.838847897200244445e-03 1.268997056595813329e-03 1.350576431285047856e-03 8.694076495109946765e-04
7.812135500068651418e-05 2.354831273736896207e-04 5.692664551593623970e-05 -5.218656653110017576e-04 1.513345374206452154e-04 1.362206045945309543e-03 2.101857158116120401e-03 1.450435004482448402e-03 1.543362374569126096e-03 9.937875201835944319e-04
8.790009068383058434e-05 2.649383755330951161e-04 6.398036361947497810e-05 -5.871193250119593901e-04 1.703004951755279881e-04 1.531923755436950980e-03 2.364946127015398782e-03 1.631911311102131248e-03 1.736109616582281329e-03 1.118213306072021306e-03
9.768206546087497902e-05 2.943980884237579220e-04 7.102007973196084183e-05 -6.523777026689210872e-04 1.892774690523828013e-04 1.701515628706711056e-03 2.628114983645846170e-03 1.813426042331122475e-03 1.928818051981837567e-03 1.242685422455030043e-03
