0.000000000000000000e+00 0.000000000000000000e+00 0.000000000000000000e+00 0.000000000000000000e+00 0.000000000000000000e+00 0.000000000000000000e+00
2.140874573596024324e-05 -1.684741395057733410e-06 -1.972400434088775282e-05 3.172114925165135440e-04 2.473612364495946913e-04 3.533775828946158094e-04
4.273921034482896245e-05 -3.381973176732648852e-06 -3.935723716805888321e-05 6.344089562345528455e-04 4.947161028612346917e-04 7.067755646240280690e-04
6.399131802641903313e-05 -5.091744910199251327e-06 -5.889957311633443280e-05 9.515923184584059325e-04 7.420646119454404627e-04 1.060194005175518197e-03
8.516499298580852825e-05 -6.814106424308799539e-06 -7.835088656145657916e-05 1.268761505987097034e-03 9.894067765230697697e-04 1.413632964928131491e-03
1.062601594624222460e-04 -8.549107796012302233e-06 -9.771105166627600750e-05 1.585916445240868411e-03 1.236742609405672719e-03 1.767092504651486453e-03
1.272767417315866115e-04 -1.029679935189762549e-05 -1.169799423794837126e-04 1.903057062257402674e-03 1.484072123394049444e-03 2.120572685505942197e-03
1.482146641046550310e-04 -1.205723166916472075e-05 -1.361574324354606811e-04 2.220183282689531645e-03 1.731395331280814786e-03 2.474073569046514581e-03
1.690738509311464537e-04 -1.383045557771061499e-05 -1.552433953533661516e-04 2.537295031802849592e-03 1.978712245847628805e-03 2.827595217225373561e-03
1.898542265986712932e-04 -1.561652216179965303e-05 -1.742377044367247646e-04 2.854392234472363267e-03 2.226022879867451277e-03 3.181137692395251057e-03
2.105557155339515807e-04 -1.741548276137754375e-05 -1.931402327724170208e-04 3.171474815180763684e-03 2.473327246103787080e-03 3.534701057310308311e-03
