0.000000000000000000e+00 0.000000000000000000e+00 0.000000000000000000e+00 0.000000000000000000e+00 0.000000000000000000e+00 0.000000000000000000e+00 0.000000000000000000e+00 0.000000000000000000e+00 0.000000000000000000e+00 0.000000000000000000e+00
5.499235596436489379e-06 2.771105402111794137e-05 8.337052968756139369e-06 -6.442663640499324805e-05 2.287929381870482869e-05 2.083898876958975425e-04 2.436806480966662567e-04 1.618159378675845870e-04 2.045033601819587791e-04 1.282287015857188077e-04
1.100033911454210422e-05 5.542609358551761866e-05 1.666270416214046961e-05 -1.288613041501073875e-04 4.577216728784457559e-05 4.166693003178519581e-04 4.874233447798745843e-04 3.236569473080870281e-04 4.089876268616085531e-04 2.564998515860980100e-04
1.650337389974645849e-05 8.314512648529674168e-05 2.497689884763933056e-05 -1.933040508276361990e-04 6.867865159487302395e-05 6.248377486368753052e-04 7.312282322728967708e-04 4.855230901543888030e-04 6.134526996556194725e-04 3.848138355596895433e-04
2.200840370478152167e-05 1.108681604443157885e-04 3.327958194572719374e-05 -2.577549243916054831e-04 9.159877829670201544e-05 8.328947393759870152e-04 9.750954536928596898e-04 6.474144286680180932e-04 8.178984777617082959e-04 5.131710422071898746e-04
2.751549268137773037e-05 1.385952031100362873e-04 4.157069803162458441e-05 -3.222139731450921374e-04 1.145325793218983216e-04 1.040839775291487693e-03 1.219025153002424849e-03 8.093310255326553564e-04 1.022324859945984883e-03 6.415718633593888234e-04
3.302470538469660412e-05 1.663262620523852503e-04 4.985019133151084815e-05 -3.866812457446614296e-04 1.374800869759708235e-04 1.248672355126870769e-03 1.463017475018514590e-03 9.712729438606528508e-04 1.226731744541263713e-03 7.700166940106868045e-04
3.853610677695647663e-05 1.940613447619014386e-04 5.811800571859637439e-05 -4.511567912023702509e-04 1.604413339449962668e-04 1.456391973571312132e-03 1.707072565420172505e-03 1.133240247199241747e-03 1.431119029441789078e-03 8.985059323513656720e-04
4.404976223083705326e-05 2.218004586489741574e-04 6.637408470979484114e-05 -5.156406588905463337e-04 1.834163533007934538e-04 1.663998121216031653e-03 1.951190570756547059e-03 1.295232999535382091e-03 1.635486612100895375e-03 1.027039979801842515e-03
4.956573753505581856e-05 2.495436110422998943e-04 7.461837146187697391e-05 -5.801328985438109929e-04 2.064051785045974423e-04 1.871490284507982453e-03 2.195371638456050396e-03 1.457251265302333823e-03 1.839834389524670159e-03 1.155619241045631029e-03
5.508409889691261472e-05 2.772908091869023491e-04 8.285080876758710289e-05 -6.446335602635573691e-04 2.294078434122356891e-04 2.078867945706723303e-03 2.439615916834431304e-03 1.619295109385710104e-03 2.044162258270737238e-03 1.284244124064763811e-03
