0.000000000000000000e+00 0.000000000000000000e+00 0.000000000000000000e+00 0.000000000000000000e+00 0.000000000000000000e+00 0.000000000000000000e+00
-4.327876152940279830e-07 -8.491725282134821774e-06 8.924512897357565159e-06 2.472836131250377169e-04 3.767558547636016349e-04 2.777423328841224326e-04
-1.003663791687998134e-06 -1.702403965370611857e-05 1.802770344520663782e-05 4.946001804747622924e-04 7.531887125658988770e-04 5.557747084936604225e-04
-1.717258748344728352e-06 -2.560321569995080234e-05 2.732047444806012329e-05 7.419297149224464427e-04 1.129283619389765195e-03 8.341320679867458062e-04
-2.578352693916276174e-06 -3.423727334284033721e-05 3.681562603648039255e-05 9.892457635885879008e-04 1.505025837596861557e-03 1.112855601883467813e-03
-3.591738428737305667e-06 -4.293662858032181638e-05 4.652836700922857607e-05 1.236513127297748796e-03 1.880401113566413512e-03 1.391994762902099047e-03
-4.761992452500542726e-06 -5.171503810562815202e-05 5.647703055842060262e-05 1.483684597750860399e-03 2.255396023895485640e-03 1.671610182873238277e-03
-6.093100648625695583e-06 -6.059100752337013396e-05 6.668410817242602742e-05 1.730696177452041009e-03 2.629998420177707009e-03 1.951778007643024601e-03
-7.587846655455908658e-06 -6.958994033583884510e-05 7.717778699178786924e-05 1.977459894770422673e-03 3.004198004994040796e-03 2.232596506261533015e-03
-9.246806222174591325e-06 -7.874751740699634044e-05 8.799432362957108368e-05 2.223852662188050174e-03 3.377987079806502382e-03 2.514196464784785538e-03
-1.106666645451576591e-05 -8.811519536230886921e-05 9.918186181736161336e-05 2.469698365786964292e-03 3.751361529855407745e-03 2.796758111890236542e-03
