0.000000000000000000e+00 0.000000000000000000e+00 0.000000000000000000e+00 0.000000000000000000e+00 0.000000000000000000e+00 0.000000000000000000e+00
1.426316627135977917e-05 5.839338849067800689e-06 -2.010250512022543375e-05 4.002174537223245976e-04 2.450315367777681683e-04 2.833396466367232446e-04
2.841764757267371626e-05 1.171896346376506310e-05 -4.013661103622122403e-05 8.004916462941458763e-04 4.900597311643943750e-04 5.666258968126905871e-04
4.246325033097052835e-05 1.763902977457816671e-05 -6.010228010543936682e-05 1.200822771959350220e-03 7.350846305444730779e-04 8.498585089011696792e-04
5.639978030470978957e-05 2.359969455135238074e-05 -7.999947485599082303e-05 1.601211026260336524e-03 9.801062826882904304e-04 1.133037239590625701e-03
7.022704267575728665e-05 2.960111535281374033e-05 -9.982815802843971993e-05 2.001656605961906182e-03 1.225124735562735899e-03 1.416161844149102381e-03
8.394484204594416946e-05 3.564345053157039493e-05 -1.195882925772738037e-04 2.402159709061249017e-03 1.470140037331903833e-03 1.699232076414069472e-03
9.755298243426470850e-05 4.172685923925569413e-05 -1.392798416733561663e-04 2.802720534797655677e-03 1.715152236359508307e-03 1.982247688784704968e-03
1.110512672739053777e-04 4.785150143199346103e-05 -1.589027687056919188e-04 3.203339283658363217e-03 1.960161381210220703e-03 2.265208432207236906e-03
1.244394994089642213e-04 5.401753787486416323e-05 -1.784570372835251467e-04 3.604016157389638899e-03 2.205167520651752679e-03 2.548114056168979385e-03
1.377174810909902430e-04 6.022513014769860799e-05 -1.979426112385430122e-04 4.004751359004964616e-03 2.450170703655247997e-03 2.830964308684110441e-03
