0.000000000000000000e+00 0.000000000000000000e+00 0.000000000000000000e+00 0.000000000000000000e+00 0.000000000000000000e+00 0.000000000000000000e+00
3.468825179633256084e-05 -2.986142229569563869e-06 -3.170210956679505167e-05 3.303102847328568672e-04 2.794826829499695315e-04 4.002531903894917609e-04
6.928288177700203351e-05 -5.999706070667191461e-06 -6.328317570634771610e-05 6.605898361786967593e-04 5.589539886594996993e-04 8.005484913045343752e-04
1.037838047358593358e-04 -9.040813180384811161e-06 -9.474299155529342055e-05 9.908385032368020179e-04 8.384139309211851741e-04 1.200886040055134741e-03
1.381909356544984630e-04 -1.210958589846444802e-05 -1.260813497560715453e-04 1.321056133567157474e-03 1.117862523717993517e-03 1.601265974998054452e-03
1.725041897182405754e-04 -1.520614720926578329e-05 -1.572980425089638213e-04 1.651242573903741401e-03 1.397299781075229952e-03 2.001688435375061255e-03
2.067234823185924199e-04 -1.833062074702422966e-05 -1.883928615714938986e-04 1.981397670045874013e-03 1.676725717060173829e-03 2.402153561317895130e-03
2.408487290557420688e-04 -2.148313079975313998e-05 -2.193655982559989510e-04 2.311521266852793743e-03 1.956140345784669870e-03 2.802661493856830124e-03
2.748798457415208788e-04 -2.466380231327557741e-05 -2.502160434282197244e-04 2.641613208235926453e-03 2.235543681404262000e-03 3.203212374924246150e-03
3.088167484019567325e-04 -2.787276089637657963e-05 -2.809439875054713532e-04 2.971673337151088928e-03 2.514935738119888388e-03 3.603806347363545676e-03
3.426593532794519029e-04 -3.111013282407214026e-05 -3.115492204551069638e-04 3.301701495592875100e-03 2.794316530178771359e-03 4.004443554933456717e-03
