0.000000000000000000e+00 0.000000000000000000e+00 0.000000000000000000e+00 0.000000000000000000e+00 0.000000000000000000e+00 0.000000000000000000e+00
-5.686929036950908416e-07 -1.191354377601925891e-06 1.760047281220291853e-06 3.685530060323095056e-04 5.429987225019350643e-04 1.186175797157947026e-05
-1.977990581647438086e-06 -2.361028308770737000e-06 4.339018890562506112e-06 7.399027759652648806e-04 1.085606136098299758e-03 2.131806094804865217e-05
-4.403241849818361853e-06 -3.502530928748075241e-06 7.905772778713009369e-06 1.114479705473628117e-03 1.627795922526163773e-03 2.796483151782224727e-05
-8.071773782437624155e-06 -4.606898787690165661e-06 1.267867257035866389e-05 1.492818902634661816e-03 2.169542965324247185e-03 3.129207806465329094e-05
-1.328331270347769648e-05 -5.661694835927278671e-06 1.894500753967092317e-05 1.875595983527284221e-03 2.710825267286834633e-03 3.064618171558527819e-05
-2.044080372833703186e-05 -6.649497017686159485e-06 2.709030074641386327e-05 2.263679086944830020e-03 3.251627207053587373e-03 2.517462503685759809e-05
-3.009837399278317619e-05 -7.545550384728403259e-06 3.764392437799175904e-05 2.658206556867424332e-03 3.791945172310828924e-03 1.374267636298108963e-05
-4.303870556251264781e-05 -8.313999688646926569e-06 5.135270525161067702e-05 3.060706721673079646e-03 4.331797583830260256e-03 -5.196413455797738298e-06
-6.040329309597833904e-05 -8.901614944850129310e-06 6.930490804137203311e-05 3.473289695828926660e-03 4.871243439199470990e-03 -3.381175647438356010e-05
-8.392336808309258634e-05 -9.226880251978061484e-06 9.315024833577138124e-05 3.898968862322424456e-03 5.410418413800697005e-03 -7.525241105476779659e-05
