0.000000000000000000e+00 0.000000000000000000e+00 0.000000000000000000e+00 0.000000000000000000e+00 0.000000000000000000e+00 0.000000000000000000e+00
2.802338450975564878e-05 7.546461969840361803e-06 -3.556984647960820701e-05 4.607922259482616356e-04 2.941007199670215406e-04 3.173703894710480557e-04
5.589450426667879858e-05 1.515416788286465109e-05 -7.104867214930609071e-05 9.216663175992160454e-04 5.881951806045792675e-04 6.346651725644846974e-04
8.361303850251773011e-05 2.282338931434166416e-05 -1.064364278167118343e-04 1.382622597371596868e-03 8.822834454313751434e-04 9.518839633469145488e-04
1.111786652254156987e-04 3.055439950854617147e-05 -1.417330647336756747e-04 1.843661390217897836e-03 1.176365578619420569e-03 1.269026372694052841e-03
1.385910613708430880e-04 3.834747326109690091e-05 -1.769385346316743187e-04 2.304783023276567224e-03 1.470441644698439448e-03 1.586092008938476579e-03
1.658499027952000651e-04 4.620288693072281732e-05 -2.120527897257124862e-04 2.765987825887227230e-03 1.764511708557768089e-03 1.903080477850002108e-03
1.929548642692136874e-04 5.412091844997457237e-05 -2.470757827190430377e-04 3.227276129608985713e-03 2.058575835452223449e-03 2.219991382615342339e-03
2.199056194717369304e-04 6.210184733680820194e-05 -2.820074668081915198e-04 3.688648268236470896e-03 2.352634091003944546e-03 2.536824323817758221e-03
2.467018409826934725e-04 7.014595470583204987e-05 -3.168477956881748914e-04 4.150104577816964360e-03 2.646686541207098758e-03 2.853578899415854572e-03
2.733432002768471916e-04 7.825352328010302993e-05 -3.515967235566184556e-04 4.611645396667461184e-03 2.940733252431148963e-03 3.170254704723488720e-03
