0.000000000000000000e+00 0.000000000000000000e+00 0.000000000000000000e+00 0.000000000000000000e+00 0.000000000000000000e+00 0.000000000000000000e+00
1.288599845249192354e-05 1.922546607255276751e-05 -3.211146452453160423e-05 5.850116306723388698e-04 2.788294361777482401e-04 1.757190788000422726e-04
2.554981053804230215e-05 3.861090770315684468e-05 -6.416071824064189741e-05 1.170221081124534759e-03 5.576926784929205246e-04 3.512065316585024450e-04
3.799073520585429968e-05 5.815701933836796923e-05 -9.614775454363540383e-05 1.755629060224931032e-03 8.365901375349168436e-04 5.264612391414693086e-04
5.020806715668992221e-05 7.786449962983571223e-05 -1.280725667860386921e-04 2.341236282343392167e-03 1.115522228175840503e-03 7.014820720075659426e-04
6.220109749212652346e-05 9.773405108623705716e-05 -1.599351485776781751e-04 2.927043466577640505e-03 1.394489368322141074e-03 8.762678932528715362e-04
7.396911368812787756e-05 1.177663800992709162e-04 -1.917354937869853739e-04 3.513051336790988001e-03 1.673491978941070608e-03 1.050817558046234119e-03
8.551139956987751224e-05 1.379621969717447871e-04 -2.234735965410169622e-04 4.099260621649539540e-03 1.952530484091721851e-03 1.225129913662657615e-03
9.682723528433956437e-05 1.583222159438572711e-04 -2.551494512275714541e-04 4.685672054661117747e-03 2.231605310951379449e-03 1.399203799417231319e-03
1.079158972745513165e-04 1.788471552209270309e-04 -2.867630524947675308e-04 5.272286374213143272e-03 2.510716889845942667e-03 1.573038046596109477e-03
1.187766582524059952e-04 1.995377370012782676e-04 -3.183143952529972039e-04 5.859104323611880744e-03 2.789865654278960751e-03 1.746631478390136107e-03
