0.000000000000000000e+00 0.000000000000000000e+00 0.000000000000000000e+00 0.000000000000000000e+00 0.000000000000000000e+00 0.000000000000000000e+00
3.985586669126555271e-05 -1.519595342752847021e-05 -2.465991326403243442e-05 2.099428684682355759e-04 2.753715794661256940e-04 5.059854487953976835e-04
7.965488160014677350e-05 -3.050982475929938487e-05 -4.914505684104554013e-05 4.197305302725814276e-04 5.507589688017118556e-04 1.012110294373257200e-03
1.193970615945504326e-04 -4.594209620184558390e-05 -7.345496539281116152e-05 6.293623128322017217e-04 8.261623714232497638e-04 1.518375005909621727e-03
1.590824239215333266e-04 -6.149325268436041706e-05 -9.758917123725623045e-05 8.388375379988215370e-04 1.101581992651351439e-03 2.024780056232629560e-03
1.987109862872299740e-04 -7.716378161768980780e-05 -1.215472046697484008e-04 1.048155523492056611e-03 1.377018039116457938e-03 2.531325920992425187e-03
2.382827668603096892e-04 -9.295417291055844836e-05 -1.453285939497604294e-04 1.257315582868115053e-03 1.652470718771621933e-03 3.038013078678642592e-03
2.777977842741798163e-04 -1.088649189861798583e-04 -1.689328652879452464e-04 1.466317025490754223e-03 1.927940240902656930e-03 3.544842010642785569e-03
3.172560576303346132e-04 -1.248965147980461970e-04 -1.923595428323862384e-04 1.675159156498400243e-03 2.203426816139504151e-03 4.051813201115838856e-03
3.566576065016742111e-04 -1.410494578463370938e-04 -2.156081486552581332e-04 1.883841276773633340e-03 2.478930656467668268e-03 4.558927137230069267e-03
3.960024509343476498e-04 -1.573242481946353355e-04 -2.386782027396315954e-04 2.092362682911823400e-03 2.754451975238457039e-03 5.066184309039238262e-03
