0.000000000000000000e+00 0.000000000000000000e+00 0.000000000000000000e+00 0.000000000000000000e+00 0.000000000000000000e+00 0.000000000000000000e+00
1.853778665329640601e-06 -2.598868063406295121e-06 7.450893980902919620e-07 2.319890088080795549e-04 6.044622376054106620e-04 1.445425666512443184e-04
3.631809806797590680e-06 -5.230076717322343729e-06 1.598266910581161420e-06 4.647356173232376959e-04 1.208750254483759124e-03 2.885017543216801864e-04
5.324995729777394043e-06 -7.900098428522885915e-06 2.575102698909250445e-06 6.983533855226928440e-04 1.812855340213161614e-03 4.317727134577150792e-04
6.921750216704396187e-06 -1.061714984696816389e-05 3.695399630580816366e-06 9.329844912935934646e-04 2.416768451417423535e-03 5.742223095497493235e-04
8.407010267104470728e-06 -1.339183260367059349e-05 4.984822336849625538e-06 1.168809930002261436e-03 3.020480258249910906e-03 7.156788770807521842e-04
9.760724606840548163e-06 -1.623807596193497355e-05 6.477351355520782810e-06 1.406064485195469144e-03 3.623981236189819950e-03 8.559171570320107513e-04
1.095546697679088740e-05 -1.917456075661918842e-05 8.219093780227099374e-06 1.645059305866775849e-03 4.227261839047189752e-03 9.946355466181435508e-04
1.195252640667608538e-05 -2.222693688931505056e-05 1.027441048313059158e-05 1.886217035276081680e-03 4.830312822078045194e-03 1.131420647145862024e-03
1.269522719904707820e-05 -2.543140481521492650e-05 1.273617761659987745e-05 2.130128478745983624e-03 5.433125857664144152e-03 1.265689981152456119e-03
1.309692046911179093e-05 -2.884074518884056741e-05 1.574382472014989077e-05 2.377648047588176022e-03 6.035694740957670522e-03 1.396595342079215906e-03
