0.000000000000000000e+00 0.000000000000000000e+00 0.000000000000000000e+00 0.000000000000000000e+00 0.000000000000000000e+00 0.000000000000000000e+00
2.353334526267442767e-05 4.286024716264977742e-06 -2.781936997880465179e-05 4.182657629667666096e-04 2.700872846502671339e-04 3.176982372161408206e-04
4.694115617106939313e-05 8.610590773439646175e-06 -5.555174694427849388e-05 8.365882577214218746e-04 5.401652379071967668e-04 6.353490740348341492e-04
7.022319916302633010e-05 1.297386511493120247e-05 -8.319706427768210457e-05 1.254967683613811020e-03 8.102338936465274845e-04 9.529522772332597522e-04
9.337923993188803912e-05 1.737601563285889661e-05 -1.107552555647019346e-04 1.673404241497248928e-03 1.080293286074151095e-03 1.270507611752889161e-03
1.164090435111347346e-04 2.181721111819979049e-05 -1.382262546291451353e-04 2.091898133575825335e-03 1.350343449520152814e-03 1.588014841058716818e-03
1.393123742707011795e-04 2.629762126673709682e-05 -1.656099955371933110e-04 2.510449563415825380e-03 1.620384418440144834e-03 1.905473727128964654e-03
1.620889959138831107e-04 3.081741668511108433e-05 -1.929064125987678814e-04 2.929058735955076837e-03 1.890416227417493055e-03 2.222884030443074768e-03
1.847386714738848146e-04 3.537676889711726237e-05 -2.201154403708084791e-04 3.347725857513659219e-03 2.160438911162796891e-03 2.540245509969187108e-03
2.072611633098631165e-04 3.997585035034919958e-05 -2.472370136600506073e-04 3.766451135804104594e-03 2.430452504518505145e-03 2.857557923153531201e-03
2.296562331041591422e-04 4.461483442200503294e-05 -2.742710675258919727e-04 4.185234779941306334e-03 2.700457042456497810e-03 3.174821025908527907e-03
