0.000000000000000000e+00 0.000000000000000000e+00 0.000000000000000000e+00 0.000000000000000000e+00 0.000000000000000000e+00 0.000000000000000000e+00
2.315089765380686366e-05 -9.786496577582590951e-07 -2.217224799618681917e-05 3.625658522644777636e-04 2.735491414817339275e-04 3.819736075714724320e-04
4.620462365286982532e-05 -1.964675543991702700e-06 -4.423994810883903205e-05 7.251250243234387376e-04 5.470956035493779483e-04 7.639565747616585030e-04
6.916106185406357574e-05 -2.958107111466791981e-06 -6.620295474263090225e-05 1.087677471959751880e-03 8.206394053543377299e-04 1.145948926637174042e-03
9.202009600341312179e-05 -3.958973977056572127e-06 -8.806112202622257785e-05 1.450223150653668193e-03 1.094180566108913155e-03 1.527950688505213921e-03
1.147816097765242749e-04 -4.967305914316080432e-06 -1.098143038621946183e-04 1.812762015699897642e-03 1.367719104929835967e-03 1.909961885954697359e-03
1.374454867806379162e-04 -5.983132853640940515e-06 -1.314623539269531706e-04 2.175294022206020802e-03 1.641255040836878901e-03 2.291982544858222042e-03
1.600116105543969674e-04 -7.006484884194546923e-06 -1.530051256700821452e-04 2.537819125090547915e-03 1.914788392753588499e-03 2.674012691373894683e-03
1.824798645684273335e-04 -8.037392254096775604e-06 -1.744424723142257291e-04 2.900337279080830288e-03 2.188319179505656634e-03 3.056052351947955662e-03
2.048501322268999399e-04 -9.075885372582638902e-06 -1.957742468541927533e-04 3.262848438713813158e-03 2.461847419821438544e-03 3.438101553315637930e-03
2.271222968669470523e-04 -1.012199481017693698e-05 -2.170003020567605337e-04 3.625352558331692600e-03 2.735373132330760643e-03 3.820160322505162295e-03
