0.000000000000000000e+00 0.000000000000000000e+00 0.000000000000000000e+00 0.000000000000000000e+00 0.000000000000000000e+00 0.000000000000000000e+00 0.000000000000000000e+00 0.000000000000000000e+00 0.000000000000000000e+00 0.000000000000000000e+00
1.451337081786781421e-05 2.625396834033024422e-05 2.246589165204550189e-05 -1.108520027263557234e-04 4.761877191622320576e-05 9.920194942660429875e-06 1.971062367114826428e-04 1.905109677327193347e-04 3.633763730227271803e-04 2.403972957808098881e-04
2.903438206339454969e-05 5.250713216905084069e-05 4.493072766609708792e-05 -2.217642275942244181e-04 9.529198569571238218e-05 1.954399299779810610e-05 3.942572295948320953e-04 3.810560576162277122e-04 7.268830253136771523e-04 4.808818308527850697e-04
4.356311360377578988e-05 7.875950282508331071e-05 6.739449391204151380e-05 -3.327369389340047450e-04 1.430198285931502905e-04 2.886965066798061322e-05 5.914532053425797763e-04 5.716354874475580369e-04 1.090520490846292418e-03 7.214543702552008017e-04
5.809964611204387268e-05 1.050110917493452510e-04 8.985717638292157789e-05 -4.437704036784374264e-04 1.908024894342833107e-04 3.789540563558030308e-05 7.886943927747120005e-04 7.622494785570424090e-04 1.454289310566322544e-03 9.621156852102337540e-04
7.264406099119300332e-05 1.312619104508763409e-04 1.123187610860864786e-04 -5.548648911403661083e-04 2.386401586122287170e-04 4.661947775198880346e-05 9.859810228864760578e-04 9.528982555794649097e-04 1.818190031519358648e-03 1.202866553191810853e-03
8.719644038420189367e-05 1.575119705083524377e-04 1.347792340440803044e-04 -6.660206730423152630e-04 2.865330281056975136e-04 5.504006879804034566e-05 1.183313328880364421e-03 1.143582046507153789e-03 2.182223206930833208e-03 1.443707757996522340e-03
1.017568671841370188e-04 1.837612835714163531e-04 1.572385812959065934e-04 -7.772380235471000078e-04 3.344812914957445596e-04 6.315536224125184732e-05 1.380691546198451565e-03 1.334301082747629255e-03 2.546389396293956015e-03 1.684640089816300933e-03
1.163254250435032507e-04 2.100098613630585042e-04 1.796967888976609782e-04 -8.885172192883513840e-04 3.824851439841817904e-04 7.096352298599754459e-05 1.578115912553560872e-03 1.525055599179945013e-03 2.910689165451260055e-03 1.925664345311166271e-03
1.309021983853982660e-04 2.362577156809557400e-04 2.021538429237727471e-04 -9.998585394019510100e-04 4.305447824117929504e-04 7.846269712120528027e-05 1.775586667963631893e-03 1.715845834212548562e-03 3.275123086684539331e-03 2.166781327684634637e-03
1.454872724132305617e-04 2.625048583999095228e-04 2.246097294679647288e-04 -1.111262265557425889e-03 4.786604052763357127e-04 8.565101166386888303e-05 1.973104054784670987e-03 1.906672029843741074e-03 3.639691738801693020e-03 2.407991846757664804e-03
