0.000000000000000000e+00 0.000000000000000000e+00 0.000000000000000000e+00 0.000000000000000000e+00 0.000000000000000000e+00 0.000000000000000000e+00
3.646074591998031694e-05 -2.869235042207567718e-05 -7.768395498540321047e-06 4.907601687422940607e-05 2.515296954268563022e-04 6.298427335076317276e-04
7.286780061109902863e-05 -5.759059296715260238e-05 -1.527720764434687632e-05 9.784065536580577110e-05 5.031342766511837572e-04 1.259921959561930349e-03
1.092210700383624558e-04 -8.669551934018145112e-05 -2.252555069849964488e-05 1.462925573778264441e-04 7.548144496024396157e-04 1.890238330368093373e-03
1.455204590720441619e-04 -1.160079257639187603e-04 -2.951253330860377868e-05 1.944303529406171552e-04 1.006570927032096304e-03 2.520792503145370417e-03
1.817658719466452768e-04 -1.455286124182502739e-04 -3.623725952889105244e-05 2.422526632898094813e-04 1.258404426646691360e-03 3.151585138951579126e-03
2.179572122542416219e-04 -1.752583834656901585e-04 -4.269882878874516963e-05 2.897581007918329280e-04 1.510315671151825443e-03 3.782616902713936084e-03
2.540943829370316499e-04 -2.051980470760481339e-04 -4.889633586148853738e-05 3.369452688762171965e-04 1.762305388293152007e-03 4.413888463257842169e-03
2.901772862825658197e-04 -2.353484154508302562e-04 -5.482887083194364899e-05 3.838127619601758669e-04 2.014374310901026911e-03 5.045400493335521971e-03
3.262058239141560692e-04 -2.657103048500461962e-04 -6.049551906441827430e-05 4.303591653776591081e-04 2.266523176933447382e-03 5.677153669655873175e-03
3.621798967870001992e-04 -2.962845356159474934e-04 -6.589536117113564727e-05 4.765830553033218592e-04 2.518752729519872433e-03 6.309148672913419964e-03
