0.000000000000000000e+00 0.000000000000000000e+00 0.000000000000000000e+00 0.000000000000000000e+00 0.000000000000000000e+00 0.000000000000000000e+00 0.000000000000000000e+00 0.000000000000000000e+00 0.000000000000000000e+00 0.000000000000000000e+00
3.711477638247828652e-06 3.188378980857932296e-05 4.615895431197816263e-06 -5.714552253669344205e-05 1.693435965868552833e-05 2.906345558786783295e-04 2.909101428751248355e-04 1.749891049192982804e-04 1.750221509898251815e-04 1.065508058051903973e-04
7.420899300164604726e-06 6.377460508910988326e-05 9.211450503710244265e-06 -1.142806855452468690e-04 3.387373065227837780e-05 5.811923562782976777e-04 5.819214837929235834e-04 3.500088621065154757e-04 3.499663936542937899e-04 2.131244251029164381e-04
1.112833804896297713e-05 9.567246140703860896e-05 1.378655482383766686e-05 -1.714054559726333382e-04 5.081810169269868901e-05 8.716731762785674817e-04 8.730343179267373082e-04 5.250593137781722026e-04 5.248323084006199617e-04 3.197211650166725512e-04
1.483386739378872760e-05 1.275773742878066419e-04 1.834109715519473667e-05 -2.285198003879390031e-04 6.776746155110625728e-05 1.162076789438393079e-03 1.164248942774962371e-03 7.001405022181143465e-04 6.996194720436212707e-04 4.263413353929597729e-04
1.853756127120550966e-05 1.594893591920713133e-04 2.287496544861678183e-05 -2.856236849818041194e-04 8.472179906985979089e-05 1.452402967941240170e-03 1.455565657972504633e-03 8.752524697562733512e-04 8.743274579026260197e-04 5.329852487618812456e-04
2.223949404871213264e-05 1.914084315149310002e-04 2.738804683312645369e-05 -3.427170755603331422e-04 1.016811031635646637e-04 1.742651482585947991e-03 1.746984765319201712e-03 1.050395258771685478e-03 1.048955835759293439e-03 6.396532203641510901e-04
2.593974052933469148e-05 2.233346065841056171e-04 3.188022760561486991e-05 -3.997999375395455625e-04 1.186453628204580714e-04 2.032822102772897498e-03 2.038506568801365208e-03 1.225568911694587242e-03 1.223504171815486359e-03 7.463455681830474158e-04
2.963837595534005406e-05 2.552678996579734925e-04 3.635139322191936582e-05 -4.568722359389262595e-04 1.356145671036677294e-04 2.322914596490328193e-03 2.330131374619601008e-03 1.400773471003787310e-03 1.397972028649231138e-03 8.530626129712770610e-04
3.333547601358710703e-05 2.872083259245665292e-04 4.080142828618530271e-05 -5.139339353760454454e-04 1.525887051517433354e-04 2.612928730303107957e-03 2.621859491212190970e-03 1.576008979231845403e-03 1.572358965171175016e-03 9.598046782825562888e-04
3.703111683916076772e-05 3.191559004987622574e-04 4.523021654133178025e-05 -5.709850000600316059e-04 1.695677661807633090e-04 2.902864269338960648e-03 2.913691229283389521e-03 1.751275478964611516e-03 1.746664536579251503e-03 1.066572090500840769e-03
