0.000000000000000000e+00 0.000000000000000000e+00 0.000000000000000000e+00 0.000000000000000000e+00 0.000000000000000000e+00 0.000000000000000000e+00
2.929740572096290669e-05 -6.329761780067366861e-06 -2.296764394096118065e-05 3.138073607546085176e-04 2.815818265763289077e-04 4.387399992660516879e-04
5.851039148801586088e-05 -1.270863332915492895e-05 -4.580175815893048350e-05 6.275499653828094234e-04 5.631625702656318892e-04 8.775458375414598800e-04
8.763890553606653124e-05 -1.913682966310057163e-05 -6.850207587301810296e-05 9.412275007307898322e-04 8.447422798351371560e-04 1.316417779217296871e-03
1.166828963801586083e-04 -2.561456709222658385e-05 -9.106832928798452354e-05 1.254839651244568687e-03 1.126321004476338794e-03 1.755356090655699978e-03
1.456423128607615481e-04 -3.214206314360632221e-05 -1.135002497171700320e-04 1.568386099379032086e-03 1.407898793557052627e-03 2.194361040034089466e-03
1.745171041466624410e-04 -3.871953657002343859e-05 -1.357975675765964543e-04 1.881866525583144765e-03 1.689475696621003465e-03 2.633432897358746992e-03
2.033072197384282285e-04 -4.534720735842520114e-05 -1.579600123800494176e-04 2.195280608283963538e-03 1.971051763392307841e-03 3.072571934479982614e-03
2.320126094722830266e-04 -5.202529673850206057e-05 -1.799873127337328410e-04 2.508628023869757459e-03 2.252627043775400073e-03 3.511778425104165532e-03
2.606332235228338919e-04 -5.875402719212875725e-05 -2.018791963306396217e-04 2.821908446675646265e-03 2.534201587858767122e-03 3.951052644808396817e-03
2.891690124066000349e-04 -6.553362246147260853e-05 -2.236353899450053723e-04 3.135121548966075117e-03 2.815775445915838938e-03 4.390394871054179027e-03
