0.000000000000000000e+00 0.000000000000000000e+00 0.000000000000000000e+00 0.000000000000000000e+00 0.000000000000000000e+00 0.000000000000000000e+00 0.000000000000000000e+00 0.000000000000000000e+00 0.000000000000000000e+00 0.000000000000000000e+00
3.979423927953411437e-06 2.802897990295810586e-05 8.512941330411372617e-06 -6.440243923770359316e-05 2.388109407641779905e-05 2.255975459719753817e-04 2.450971061214015441e-04 1.590191000247505434e-04 2.061395398862532567e-04 1.302978249261425078e-04
7.958169684637869201e-06 5.606285109455818509e-05 1.701223825091880288e-05 -1.288069808176600542e-04 4.777372178749413788e-05 4.511167022446213354e-04 4.902640394888373512e-04 3.180558998654953542e-04 4.122396164449489142e-04 2.606259758164482135e-04
1.193628972303919524e-05 8.410162500297546715e-05 2.549782150920776029e-05 -1.932136294544580337e-04 7.167789321924190958e-05 6.765572003243736738e-04 7.355009910682878092e-04 4.771104191054738948e-04 6.182999885005783722e-04 3.909847517912834513e-04
1.591383679444292651e-05 1.121453130155333652e-04 3.396962136581965037e-05 -2.576223897963529587e-04 9.559361862053383156e-05 9.019187698377607388e-04 9.808081531624810757e-04 6.361826773800520083e-04 8.243204130665567845e-04 5.213744542722007066e-04
1.989086394143760683e-05 1.401939264684799139e-04 4.242756760564227571e-05 -3.220332664246080678e-04 1.195209084091058255e-04 1.127201138579914021e-03 1.226185719326890232e-03 7.952726943766772220e-04 1.030300645393375297e-03 6.517953869723394156e-04
2.386742450079595168e-05 1.682474766459947856e-04 5.087158953259477367e-05 -3.864462638525722029e-04 1.434597731732149828e-04 1.352404032496424147e-03 1.471633884382161656e-03 9.543804898351883684e-04 1.236240438947332036e-03 7.822478559174988978e-04
2.784357210613826536e-05 1.963059747783427590e-04 5.930161596476924205e-05 -4.508613865233408865e-04 1.674102236741601920e-04 1.577527175667210171e-03 1.717152844427456346e-03 1.113506083552090378e-03 1.442139545392320983e-03 9.127321694691504931e-04
3.181936069029138372e-05 2.243694320413794851e-04 6.771757522882173100e-05 -5.152786388079943309e-04 1.913722708475858788e-04 1.802570290286624032e-03 1.962742796853046614e-03 1.272649495379641650e-03 1.647997714568882801e-03 1.043248638350185303e-03
3.579484448857975627e-05 2.524378595550186288e-04 7.611939515465100583e-05 -5.796980250041916614e-04 2.153459258059050078e-04 2.027533096646348676e-03 2.208403940354985561e-03 1.431810745228084911e-03 1.853814694472176233e-03 1.173797575666067194e-03
3.977007804124377613e-05 2.805112683825428045e-04 8.450700307008477731e-05 -6.441195493342692256e-04 2.393311998403910507e-04 2.252415313116767123e-03 2.454136474946735577e-03 1.590989853068363030e-03 2.059590231234946587e-03 1.304379296930319133e-03
