0.000000000000000000e+00 0.000000000000000000e+00 0.000000000000000000e+00 0.000000000000000000e+00 0.000000000000000000e+00 0.000000000000000000e+00
-7.619198738608411181e-07 3.431099933859042744e-07 4.188098806379961918e-07 2.681085190422710521e-04 5.883192423929916540e-04 1.394610649961858814e-04
-1.687784831690341902e-06 6.919645224001851123e-07 9.958203094974007640e-07 5.373077561651441693e-04 1.176410912011315339e-03 2.780589846829880068e-04
-2.803284822811179857e-06 1.045761877561115171e-06 1.757522945459305118e-06 8.077711256829494960e-04 1.764262163779035204e-03 4.156331898325919165e-04
-4.141483295815775035e-06 1.403343404155399290e-06 2.738139891950537470e-06 1.079716913552343895e-03 2.351859779473343490e-03 5.519786127188447975e-04
-5.745795647513626478e-06 1.763039152518287216e-06 3.982756495140436006e-06 1.353424727194537432e-03 2.939190324493210459e-03 6.868290804113122861e-04
-7.674556506185150132e-06 2.122437416548441540e-06 5.552119089926747919e-06 1.629259881443319465e-03 3.526240431359901721e-03 8.198326457158004298e-04
-1.000826421664519533e-05 2.478037507441392716e-06 7.530226709588464842e-06 1.907710616004046128e-03 4.112997307808810739e-03 9.505138611259444752e-04
-1.286150866348513663e-05 2.824705395792096525e-06 1.003680326816448848e-05 2.189446794426377386e-03 4.699449674925441564e-03 1.078214142006619436e-03
-1.640351655413029258e-05 3.154797381756794698e-06 1.324871917286592726e-05 2.475416173935996930e-03 5.285589553093986669e-03 1.201993710748355294e-03
-2.089547601758713256e-05 3.456688836718383073e-06 1.743878718142722456e-05 2.767009777090223294e-03 5.871415834758634232e-03 1.320462652349384041e-03
