0.000000000000000000e+00 0.000000000000000000e+00 0.000000000000000000e+00 0.000000000000000000e+00 0.000000000000000000e+00 0.000000000000000000e+00
2.204177397810650748e-05 -8.004828151610029048e-06 -1.403694582654468138e-05 2.903754152113705456e-04 2.590812146727981824e-04 4.325958112394956922e-04
4.401159316361806599e-05 -1.606316491693148213e-05 -2.794842824672656720e-05 5.806823807344718442e-04 5.181617859618508877e-04 8.652607155478446834e-04
6.590942186696592997e-05 -2.417521717776451940e-05 -4.173420468924155316e-05 8.709205808524460735e-04 7.772417816253063836e-04 1.297994960887095600e-03
8.773522462099390994e-05 -3.234119298739015493e-05 -5.539403163362696371e-05 1.161089697518549778e-03 1.036321269967354882e-03 1.730798796999097333e-03
1.094889662372984843e-04 -4.056130149293979219e-05 -6.892766474442612950e-05 1.451189410723188831e-03 1.295400319597599624e-03 2.163672475284849836e-03
1.311706118095457940e-04 -4.883575294295012430e-05 -8.233485886652045318e-05 1.741219398476612614e-03 1.554478999434480034e-03 2.596616248815112552e-03
1.527801267153526044e-04 -5.716475869529247375e-05 -9.561536802006734065e-05 2.031179336796888266e-03 1.813557378706764011e-03 3.029630372343296990e-03
1.743174766192603941e-04 -6.554853122385196566e-05 -1.087689453955245872e-04 2.321068899690831300e-03 2.072635526956666859e-03 3.462715102319398938e-03
1.957826274759893841e-04 -7.398728412730980935e-05 -1.217953433486490002e-04 2.610887759143181146e-03 2.331713514044111545e-03 3.895870696900328306e-03
2.171755455322602415e-04 -8.248123213632868557e-05 -1.346943133958173353e-04 2.900635585097143844e-03 2.590791410146179013e-03 4.329097415964481242e-03
