0.000000000000000000e+00 0.000000000000000000e+00 0.000000000000000000e+00 0.000000000000000000e+00 0.000000000000000000e+00 0.000000000000000000e+00 0.000000000000000000e+00 0.000000000000000000e+00 0.000000000000000000e+00 0.000000000000000000e+00
9.490080339661190458e-06 2.344626441678077377e-05 1.904416004444362253e-05 -9.378116872838098707e-05 4.180066392777169400e-05 6.134911231783479995e-05 1.781313478620112970e-04 1.598289167213095825e-04 3.136408671490420377e-04 2.044615096423365718e-04
1.898528914483818458e-05 4.689247073575136121e-05 3.808874862343053833e-05 -1.876082178265332020e-04 8.364170932259551384e-05 1.224920931052808691e-04 3.562843095184894580e-04 3.196750013271976339e-04 6.273840272628198591e-04 4.089880761681091953e-04
2.848568643081567746e-05 7.033862428195912476e-05 5.713375813208671438e-05 -2.814813242241960317e-04 1.255232553791999080e-04 1.834278563199055864e-04 5.344589921039866621e-04 4.795383809901931178e-04 9.412298226896312868e-04 6.135802089672409351e-04
3.799133271053134231e-05 9.378473039563070448e-05 7.617918100255404021e-05 -3.754006662857816107e-04 1.674454221769662175e-04 2.441553057879473953e-04 7.126555037309720547e-04 6.394191847057756426e-04 1.255178599455947794e-03 8.182384210792632492e-04
4.750228896491076987e-05 1.172307944147480015e-04 9.522500964837329754e-05 -4.693664237091724895e-04 2.094083306811337459e-04 3.046733355848001710e-04 8.908739535459082827e-04 7.993175432248053255e-04 1.569230706789985930e-03 1.022963229303726178e-03
5.701861664833273330e-05 1.406768216747028121e-04 1.142712364645280163e-04 -5.633787775392230151e-04 2.514121027517922748e-04 3.649808299196194016e-04 1.069114451741577003e-03 9.592335890808427901e-04 1.883386497157766258e-03 1.227755154239141503e-03
6.654037769429596062e-05 1.641228175090021692e-04 1.333178538274657724e-04 -6.574379101832201078e-04 2.934568611525202142e-04 4.250766630151385939e-04 1.247377109571303887e-03 1.119167456615071396e-03 2.197646326304428504e-03 1.432614720321972014e-03
7.606763452119425612e-05 1.875687872495683951e-04 1.523648540951663027e-04 -7.515440054257985225e-04 3.355427295599343091e-04 4.849596989890390432e-04 1.425662039363635898e-03 1.279119282004778689e-03 2.512010553291890019e-03 1.637542455868068632e-03
8.560045003779516372e-05 2.110147362268201320e-04 1.714122296071001427e-04 -8.456972484442885430e-04 3.776698325726701136e-04 5.446287917315206393e-04 1.603969354534470152e-03 1.439089203288326660e-03 2.826479540540958145e-03 1.842538893111631210e-03
9.513888764849521684e-05 2.344606697704036365e-04 1.904599726846928820e-04 -9.398978258241205436e-04 4.198382957205397045e-04 6.040827847822755493e-04 1.782299169601907164e-03 1.599077360394678691e-03 3.141053653869426039e-03 2.047604568247855198e-03
