0.000000000000000000e+00 0.000000000000000000e+00 0.000000000000000000e+00 0.000000000000000000e+00 0.000000000000000000e+00 0.000000000000000000e+00
-7.979996428745447440e-06 -2.801218560695013354e-07 8.260118284665162857e-06 2.352039828760966913e-04 4.024616989090120528e-04 2.344218761600630235e-04
-1.610209628617305798e-05 -5.630206891486343038e-07 1.666511697528081108e-05 4.705718795496026700e-04 8.045735665724683535e-04 4.690296697604623530e-04
-2.437386153708649586e-05 -8.491525996922867593e-07 2.522301413690802968e-05 7.061071651994988091e-04 1.206324817022525527e-03 7.038306915988239067e-04
-3.280346992765405863e-05 -1.139083280664493264e-06 3.394255320850146358e-05 9.418124762675362475e-04 1.607705406202152281e-03 9.388323492915276805e-04
-4.139976467695768064e-05 -1.433524062954630860e-06 4.283328874004185333e-05 1.177689330193492550e-03 2.008706286507063593e-03 1.174042173002857840e-03
-5.017230402092842737e-05 -1.733382974442223689e-06 5.190568699544586081e-05 1.413737754460651919e-03 2.409319715533192203e-03 1.409467877655454140e-03
-5.913140746304232441e-05 -2.039838585633488353e-06 6.117124604862415730e-05 1.649955786443664790e-03 2.809539630178040613e-03 1.645117488977759302e-03
-6.828819316065730361e-05 -2.354449374356056674e-06 7.064264253479979956e-05 1.886338783407288033e-03 3.209362099559814711e-03 1.880999580590125408e-03
-7.765459658679239028e-05 -2.679320195025339420e-06 8.033391678229784153e-05 2.122878443168121909e-03 3.608785872912941353e-03 2.117123705319551730e-03
-8.724335201670687203e-05 -3.017363542320801234e-06 9.026071555963070651e-05 2.359561365360791571e-03 4.007813042989676749e-03 2.353501170983038088e-03
