0.000000000000000000e+00 0.000000000000000000e+00 0.000000000000000000e+00 0.000000000000000000e+00 0.000000000000000000e+00 0.000000000000000000e+00 0.000000000000000000e+00 0.000000000000000000e+00 0.000000000000000000e+00 0.000000000000000000e+00
4.336343998059914910e-06 2.941055459090944225e-05 6.829275381465505106e-06 -6.234456068103202313e-05 2.176838671076842754e-05 2.538473793262348895e-04 2.660642772849116581e-04 1.668245242429361311e-04 1.930928028591083923e-04 1.262222861984441200e-04
8.670208892313579303e-06 5.882652865529104755e-05 1.364143867118761838e-05 -1.246831088525561179e-04 4.354493263393259485e-05 5.076278485865165632e-04 5.322146847618689901e-04 3.336739159483389735e-04 3.861171516452322362e-04 2.524689388800171845e-04
1.300164821587973546e-05 8.824793781060072569e-05 2.043640437124961509e-05 -1.870156216681138081e-04 6.532963127046723919e-05 7.613412371525740685e-04 7.984514573432517463e-04 5.005481920913154754e-04 5.790726927103794289e-04 3.787402304348033147e-04
1.733071579857759840e-05 1.176747976486467573e-04 2.721408635865348835e-05 -2.493420759857856422e-04 8.712247618001512056e-05 1.014987373405477292e-03 1.064774831685837489e-03 6.674473695605494207e-04 7.719590696047326896e-04 5.050364353861643441e-04
2.165746575556117980e-05 1.471071237221746489e-04 3.397439790225798055e-05 -3.116624483680540411e-04 1.089234609881194768e-04 1.268566084814000926e-03 1.331185046073520136e-03 8.343714651468017024e-04 9.647759231594971608e-04 6.313578303594024731e-04
2.598195249047163794e-05 1.765449315437186506e-04 4.071725165583385677e-05 -3.739767150776540303e-04 1.307325793875804690e-04 1.522077197928628934e-03 1.597682340435336830e-03 1.001320495543184599e-03 1.157522891453198607e-03 7.577046941029648777e-04
3.030423069732609686e-05 2.059882365847849053e-04 4.744255965134107545e-05 -4.362848520725051628e-04 1.525498251389309566e-04 1.775520538373533087e-03 1.864266956363612492e-03 1.168294477344734980e-03 1.350199609783644212e-03 8.840773075081600346e-04
3.462435536366136843e-05 2.354370542744331897e-04 5.415023329133572078e-05 -4.985868350011681167e-04 1.743751920718870105e-04 2.028895930839862399e-03 2.130939137132245760e-03 1.335293427048300785e-03 1.542805710632060099e-03 1.010475953631473529e-03
3.894238177302568278e-05 2.648913999982617355e-04 6.084018334182003153e-05 -5.608826391984543264e-04 1.962086740853257415e-04 2.282203199078974235e-03 2.397699127716134207e-03 1.502317361051545624e-03 1.735340823630600066e-03 1.136900917716887225e-03
4.325836550804280960e-05 2.943512890968191169e-04 6.751231992554883505e-05 -6.231722396798986116e-04 2.180502651494181155e-04 2.535442165895335394e-03 2.664547174809038955e-03 1.669366295654594375e-03 1.927804575530064337e-03 1.263352487216287635e-03
