0.000000000000000000e+00 0.000000000000000000e+00 0.000000000000000000e+00 0.000000000000000000e+00 0.000000000000000000e+00 0.000000000000000000e+00
2.737713452315184673e-05 -1.197518696194775592e-05 -1.540194756143195792e-05 2.308947566043226393e-04 2.472222825141343863e-04 4.394799452737185104e-04
5.469972712729554820e-05 -2.402494296586526538e-05 -3.067478416150304295e-05 4.616945538560600967e-04 4.944487376832063831e-04 8.790506772399191279e-04
8.196777502163930969e-05 -3.614953732710588722e-05 -4.581823769453545535e-05 6.923989918325662660e-04 7.416794700170956361e-04 1.318712491316803527e-03
1.091812756579857197e-04 -4.834924077652649792e-05 -6.083203488140852852e-05 9.230076677263302767e-04 9.889145848958758988e-04 1.758465684930971820e-03
1.363402267938863637e-04 -6.062432535415912213e-05 -7.571590143983227363e-05 1.153520176388374936e-03 1.236154188292248272e-03 2.198310557259737681e-03
1.634446264955273878e-04 -7.297506441707632646e-05 -9.046956207868688882e-05 1.383936110311273894e-03 1.483398386774028525e-03 2.638247409242062795e-03
1.904944731393878399e-04 -8.540173264768148673e-05 -1.050927404916120682e-04 1.614255059611924975e-03 1.730647287511440958e-03 3.078276543591109207e-03
2.174897654142349680e-04 -9.790460606277031253e-05 -1.195851593514728276e-04 1.844476612016883411e-03 1.977900998278894328e-03 3.518398264805688933e-03
2.444305023245486722e-04 -1.104839620207055076e-04 -1.339465403037812296e-04 2.074600352842748737e-03 2.225159627462264429e-03 3.958612879183038245e-03
2.713166831915696849e-04 -1.231400792307906194e-04 -1.481766039606887786e-04 2.304625864981686353e-03 2.472423284063211390e-03 4.398920694830670171e-03
