0.000000000000000000e+00 0.000000000000000000e+00 0.000000000000000000e+00 0.000000000000000000e+00 0.000000000000000000e+00 0.000000000000000000e+00
-8.075452870396244919e-06 5.358093839500902873e-06 2.717359031076392797e-06 2.843787899530395664e-04 5.308579164362099354e-04 1.944633590572397491e-04
-1.637398008637947608e-05 1.080820623164360821e-05 5.565773855207243402e-06 5.697054800209046385e-04 1.061329241555983511e-03 3.883654092970848307e-04
-2.492415015741153317e-05 1.636656404247771465e-05 8.557586115158407605e-06 8.561281231218401426e-04 1.591399054600517969e-03 5.815730184855192643e-04
-3.376187532123584701e-05 2.205385731581900732e-05 1.170801800554081482e-05 1.143833329909592616e-03 2.121053034767985280e-03 7.739138969329609425e-04
-4.293329103572197448e-05 2.789696495258472020e-05 1.503632608343532856e-05 1.433060956985096309e-03 2.650277901603651474e-03 9.651614684246500589e-04
-5.249917236233725285e-05 3.393155155178118016e-05 1.856762081096739527e-05 1.724126182164775322e-03 3.179062060954442742e-03 1.155012149296586778e-03
-6.254195633056077223e-05 4.020610133878197139e-05 2.233585499219716057e-05 2.017453711622656416e-03 3.707396586056181838e-03 1.343050160139836868e-03
-7.317736633204490664e-05 4.678840787341819292e-05 2.638895845908217349e-05 2.313632675995303933e-03 4.235276791188912621e-03 1.528691056036995347e-03
-8.457459383634518971e-05 5.377646008962077477e-05 3.079813374720943278e-05 2.613508450832762679e-03 4.762704929649011834e-03 1.711087208142322196e-03
-9.699339280317968346e-05 6.131764028454379149e-05 3.567575251929018087e-05 2.918344047077442438e-03 5.289695210396296379e-03 1.888961396553314256e-03
