0.000000000000000000e+00 0.000000000000000000e+00 0.000000000000000000e+00 0.000000000000000000e+00 0.000000000000000000e+00 0.000000000000000000e+00 0.000000000000000000e+00 0.000000000000000000e+00 0.000000000000000000e+00 0.000000000000000000e+00
1.132524999567656057e-05 3.036299116609403253e-05 7.441763646166563204e-06 -6.804153737914509675e-05 1.891153257134897906e-05 1.578022636327271850e-04 2.714526963535656735e-04 1.908747596197775908e-04 1.961771013223827373e-04 1.297986294647509187e-04
2.265248678373479386e-05 6.073074091497001817e-05 1.486910707401678534e-05 -1.360861533800530410e-04 3.783381860729625616e-05 3.154786567913460318e-04 5.429922731360824987e-04 3.817926588209211505e-04 3.923076824637037100e-04 2.596396295731016445e-04
3.398177345660006261e-05 9.110327213074541288e-05 2.228197054530307649e-05 -2.041338973485036686e-04 5.676688121582065588e-05 4.730286687965787307e-04 8.146189249044189212e-04 5.727537447197403667e-04 5.883916300777298570e-04 3.895233826782831224e-04
4.531317351597595206e-05 1.214806077072910198e-04 2.968029398746159286e-05 -2.721848190678346829e-04 7.571074385716644725e-05 6.304517849055224932e-04 1.086332847408646258e-03 7.637580645277968578e-04 7.844288304621716782e-04 5.194502742640479641e-04
5.664675085776257554e-05 1.518627705418264750e-04 3.706401699314550722e-05 -3.402389687525699479e-04 9.466543035968591935e-05 7.877474863742913109e-04 1.358134237479285576e-03 9.548056655266872307e-04 9.804191696676657197e-04 6.494206929119683081e-04
6.798256977595712903e-05 1.822497835338018554e-04 4.443307881702318623e-05 -4.082963970525443215e-04 1.136309649256513928e-04 9.449152504174348913e-04 1.630023293036009712e-03 1.145896595068460633e-03 1.176362533496686739e-03 7.794350303328608778e-04
7.932069496498241859e-05 2.126416695843190744e-04 5.178741837233863534e-05 -4.763571550566722611e-04 1.326073721350467356e-04 1.101954550163033661e-03 1.902000213097903300e-03 1.337030900581667736e-03 1.372258807500212211e-03 9.094936814003451529e-04
9.066119152506524857e-05 2.430384515950692549e-04 5.912697422715872602e-05 -5.444212942970259959e-04 1.515946769497252379e-04 1.258864854610197009e-03 2.174065197793703490e-03 1.528208629571625819e-03 1.568107876976778964e-03 1.039597044182579647e-03
1.020041249642660209e-04 2.734401524679474582e-04 6.645168460108799547e-05 -6.124888667530107352e-04 1.705929047196293007e-04 1.415645628583451013e-03 2.446218448370935002e-03 1.719429829626379714e-03 1.763909626969588145e-03 1.169745519976294907e-03
1.133495612031604693e-04 3.038467951037507201e-04 7.376148736148573646e-05 -6.805599248548002342e-04 1.896020811863599674e-04 1.572296332687367175e-03 2.718460167208274370e-03 1.910694548416392701e-03 1.959663942264345919e-03 1.299939513341296727e-03
