0.000000000000000000e+00 0.000000000000000000e+00 0.000000000000000000e+00 0.000000000000000000e+00 0.000000000000000000e+00 0.000000000000000000e+00 0.000000000000000000e+00 0.000000000000000000e+00 0.000000000000000000e+00 0.000000000000000000e+00
1.782623477979057667e-06 2.729127756946955882e-05 5.492883960081618196e-06 -5.236110452626391483e-05 1.779431951896069027e-05 2.528562750651309706e-04 2.440179451170397431e-04 1.468115490903525329e-04 1.633530816406839926e-04 1.027024329156336869e-04
3.560545862380368795e-06 5.458887779920757529e-05 1.096958460485641259e-05 -1.047101923098035987e-04 3.559118404336359618e-05 5.056913639881119565e-04 4.881157956302793364e-04 2.936359947973062609e-04 3.266320423446676343e-04 2.054073708967094026e-04
5.333796437005619391e-06 8.189281835509218204e-05 1.643002295696996716e-05 -1.570472004978251592e-04 5.339056274878874609e-05 7.585053691927371756e-04 7.322937912430973724e-04 4.404733111345012289e-04 4.898364912176543387e-04 3.081148886974899585e-04
7.102404577669545608e-06 1.092031169462091909e-04 2.187411947064437696e-05 -2.093720655888734578e-04 7.119242459417248945e-05 1.011298394650358935e-03 9.765521734668862518e-04 5.873234717396419793e-04 6.529660341421904268e-04 4.108250613138824899e-04
8.866399744362143281e-06 1.365197913077408347e-04 2.730179406030027584e-05 -2.616847234534522390e-04 8.899673834112611264e-05 1.264070545879514718e-03 1.220891185463750684e-03 7.341864498743341360e-04 8.160202739203123055e-04 5.135379640036482826e-04
1.062581148127767562e-05 1.638428592006651858e-04 3.271296609487188157e-05 -3.139851093270067811e-04 1.068034725502234664e-04 1.516821929963482751e-03 1.465311072062800346e-03 8.810622184183723119e-04 9.789988102388144306e-04 6.162536722859589819e-04
1.238066941728669209e-05 1.911723384118542088e-04 3.810755439214690151e-05 -3.662731578013637404e-04 1.246125955800791161e-04 1.769552655570969879e-03 1.709812079778885545e-03 1.027950749868555185e-03 1.141901239636700094e-03 7.189722619430508142e-04
1.413100326656286831e-05 2.185082467537409370e-04 4.348547721280561615e-05 -4.185488028173307666e-04 1.424240755844194373e-04 2.022262832977764387e-03 1.954394456829292200e-03 1.174852016333723754e-03 1.304727155469261914e-03 8.216938090162505520e-04
1.587684282843634405e-05 2.458506020644684155e-04 4.884665225465992342e-05 -4.708119776570966254e-04 1.602378805094209404e-04 2.274952574086408844e-03 2.199058453151909922e-03 1.321765989531647947e-03 1.467476147874639293e-03 9.244183898095687229e-04
1.761821798853414466e-05 2.731994222078300153e-04 5.419099664654922628e-05 -5.230626149353272960e-04 1.780539780922808985e-04 2.527621992447674250e-03 2.443804320424502411e-03 1.468692640785656265e-03 1.630147803737168159e-03 1.027146080887409016e-03
