0.000000000000000000e+00 0.000000000000000000e+00 0.000000000000000000e+00 0.000000000000000000e+00 0.000000000000000000e+00 0.000000000000000000e+00
3.253989175874939197e-05 -1.552331123643504860e-05 -1.701658052271528472e-05 2.877786563166397429e-04 3.090014433923590070e-04 5.628482803088558951e-04
6.499373352439667911e-05 -3.117019285705889672e-05 -3.382354066762049489e-05 5.753979556589811561e-04 6.180111439968852868e-04 1.125847660366129316e-03
9.736151547029091421e-05 -4.694120760324325449e-05 -5.042030786736810246e-05 8.628570500388438053e-04 9.270293290330005025e-04 1.688998760953715119e-03
1.296432283121334459e-04 -6.283692197157293214e-05 -6.680630634074322897e-05 1.150155083719522995e-03 1.236056228108521355e-03 2.252302208201403463e-03
1.618388634940623634e-04 -7.885790593493086705e-05 -8.298095755928865146e-05 1.437291194577207257e-03 1.545092072483408244e-03 2.815758632972791605e-03
1.939484131972398179e-04 -9.500473297076611359e-05 -9.894368022678278320e-05 1.724264514044027054e-03 1.854137095085372578e-03 3.379368670907920147e-03
2.259718703454482677e-04 -1.112779800881336150e-04 -1.146938902575802822e-04 2.011074167051523937e-03 2.163191530527567262e-03 3.943132962461953252e-03
2.579092286120829454e-04 -1.276782278569167585e-04 -1.302310007553281125e-04 2.297719271968947513e-03 2.472255615125007813e-03 4.507052152950986185e-03
2.897604824273876064e-04 -1.442060604360750572e-04 -1.455544219914625486e-04 2.584198940544680991e-03 2.781329586912457356e-03 5.071126892592052807e-03
3.215256269856391026e-04 -1.608620656025253710e-04 -1.606635613832848458e-04 2.870512277845551664e-03 3.090413685660516833e-03 5.635357836546588638e-03
