0.000000000000000000e+00 0.000000000000000000e+00 0.000000000000000000e+00 0.000000000000000000e+00 0.000000000000000000e+00 0.000000000000000000e+00 0.000000000000000000e+00 0.000000000000000000e+00 0.000000000000000000e+00 0.000000000000000000e+00
5.029992105492118272e-06 2.842995887919170741e-05 9.848116691497510179e-06 -6.880854586196937721e-05 2.550047818568153542e-05 2.040870408467229896e-04 2.439030151887097860e-04 1.660559106410875157e-04 2.222661168262861288e-04 1.381784929301273571e-04
1.006287924590223560e-05 5.686497302122731448e-05 1.968557815148191863e-05 -1.376303975594508769e-04 5.101696714089720127e-05 4.080428221503972484e-04 4.878695834042003163e-04 3.321387631198089861e-04 4.445267504054498478e-04 2.764032337846765029e-04
1.509873230393469909e-05 8.530505147149438163e-05 2.951232770438219315e-05 -2.064656200285299250e-04 7.654950854859852495e-05 6.118667346695981328e-04 7.318998626512243730e-04 4.982486350242881085e-04 6.667818289186098297e-04 4.146746680324127203e-04
2.013762264205794540e-05 1.137502032058073379e-04 3.932830830519875372e-05 -2.753142787085876490e-04 1.020981445555478541e-04 8.155581639446485200e-04 9.759940119670972285e-04 6.643856045645419586e-04 8.890312803926291247e-04 5.529932448585014176e-04
2.517962209196330438e-05 1.422004371187339912e-04 4.913346253555703419e-05 -3.441764395215827230e-04 1.276629177753461301e-04 1.019116490413176897e-03 1.220152191369202124e-03 8.305497505603656825e-04 1.111275032649265996e-03 6.913594171664695599e-04
3.022480295997725675e-05 1.706557620222874726e-04 5.892773260033543737e-05 -4.130521688771838455e-04 1.532438712943609972e-04 1.222541089351994936e-03 1.464374561867894066e-03 9.967411524495330220e-04 1.333513013302224702e-03 8.297736416185096369e-04
3.527323803228542341e-05 1.991161866446126028e-04 6.871106032284632738e-05 -4.819415336774096636e-04 1.788410486776620032e-04 1.425831330819055326e-03 1.708661285473620428e-03 1.162959890296328281e-03 1.555745149757103291e-03 9.682363786758650019e-04
4.032500057875369704e-05 2.275817196281956312e-04 7.848338714137120754e-05 -5.508446013220838012e-04 2.044544939736831293e-04 1.628986579594616461e-03 1.953012525208097129e-03 1.329206044800250626e-03 1.777971369209976329e-03 1.106748092640192889e-03
4.538016435883427763e-05 2.560523695284761718e-04 8.824465410495702458e-05 -6.197614397136346756e-04 2.300842517213029016e-04 1.832006195121990352e-03 2.197428445115683863e-03 1.495479697303594719e-03 2.000191598646163579e-03 1.245309251696641610e-03
5.043880362607993452e-05 2.845281448122328268e-04 9.799480186873879171e-05 -6.886921172619476280e-04 2.557303669548051037e-04 2.034889531447904576e-03 2.441909210271048757e-03 1.661780929802087175e-03 2.222405764840625943e-03 1.383920327954287280e-03
