0.000000000000000000e+00 0.000000000000000000e+00 0.000000000000000000e+00 0.000000000000000000e+00 0.000000000000000000e+00 0.000000000000000000e+00
2.458748382572233164e-05 -5.939399174573214315e-06 -1.864808465123828787e-05 3.012662048158157410e-04 2.647042379067280011e-04 4.191618604863123925e-04
4.909727097198700329e-05 -1.192295221890985242e-05 -3.717431875314202512e-05 6.024753741723714662e-04 5.294043780138428046e-04 8.383848542275435878e-04
7.352931337921932349e-05 -1.795084096388170516e-05 -5.557847241538955838e-05 9.036272398550237008e-04 7.941004647329045606e-04 1.257669205031715452e-03
9.788356320106728298e-05 -2.402324827653195958e-05 -7.386031492458963515e-05 1.204721531648158617e-03 1.058792542887181196e-03 1.677015138289510501e-03
1.221599728488770797e-04 -3.014035799575404617e-05 -9.201961485303605337e-05 1.505757977693933554e-03 1.323480657486291031e-03 2.096422880850258748e-03
1.463584949944586675e-04 -3.630235493995780203e-05 -1.100561400546195586e-04 1.806736304478277636e-03 1.588164853727320591e-03 2.515892661030394526e-03
1.704790825730285661e-04 -4.250942491256433793e-05 -1.279696576604016629e-04 2.107656236817960927e-03 1.852845176997558420e-03 2.935424708625769454e-03
1.945216887852720805e-04 -4.876175470976141775e-05 -1.457599340753615172e-04 2.408517497850080381e-03 2.117521672875400177e-03 3.355019254921103641e-03
2.184862671002416588e-04 -5.505953212634452317e-05 -1.634267349738182870e-04 2.709319809018069514e-03 2.382194387132798279e-03 3.774676532701590984e-03
2.423727712581307957e-04 -6.140294596291759593e-05 -1.809698252951376851e-04 3.010062890059298814e-03 2.646863365735712282e-03 4.194396776262894651e-03
