0.000000000000000000e+00 0.000000000000000000e+00 0.000000000000000000e+00 0.000000000000000000e+00 0.000000000000000000e+00 0.000000000000000000e+00
-2.901151110817064245e-06 -5.108530000936025476e-06 8.009681111942387185e-06 4.257117297411776454e-04 5.266416888000232050e-04 6.973726768127441722e-05
-6.861143751307560457e-06 -9.889271516087545016e-06 1.675041526758117998e-05 8.547273521020175768e-04 1.052748409213946201e-03 1.367056111288562741e-04
-1.212596095251030373e-05 -1.426628308137446144e-05 2.639224403414574619e-05 1.287622408475123069e-03 1.578289760314366451e-03 2.003598898777328322e-04
-1.902509168280460620e-05 -1.813899542551336731e-05 3.716408710849580300e-05 1.725132156952538087e-03 2.103241495728836070e-03 2.599890922082087000e-04
-2.800950793802522705e-05 -2.137180154325578221e-05 4.938130948158325772e-05 2.168214814943717449e-03 2.627591330575542502e-03 3.146472855926446240e-04
-3.971234193281622396e-05 -2.377789751309826471e-05 6.349023944629184524e-05 2.618148497524164058e-03 3.151349065642761529e-03 3.630465541676038480e-04
-5.504984845945158959e-05 -2.509327266294110622e-05 8.014312112285844195e-05 3.076685305751592891e-03 3.674564840126820931e-03 4.033846576783669657e-04
-7.539780159539441495e-05 -2.493299068378167097e-05 1.003307922796026924e-04 3.546307128630536622e-03 4.197363577006443455e-03 4.330547841446898182e-04
-1.029187444480756601e-04 -2.271371706902554724e-05 1.256324615176895496e-04 4.030673458158910358e-03 4.720014034531758336e-03 4.481286833329186812e-04
-1.412170279410624818e-04 -1.750702056021178395e-05 1.587240485019759885e-04 4.535459683917535817e-03 5.243078722880784720e-03 4.423684554257114698e-04
