0.000000000000000000e+00 0.000000000000000000e+00 0.000000000000000000e+00 0.000000000000000000e+00 0.000000000000000000e+00 0.000000000000000000e+00
3.608950099568182946e-05 -2.795997055313960054e-05 -8.129530443050635044e-06 9.585681008704112006e-05 2.737585248684100501e-04 6.505999855708581841e-04
7.211789397555103066e-05 -5.613542013231341001e-05 -1.598247384387749644e-05 1.914005826310692757e-04 5.475793818412277685e-04 1.301450676538142351e-03
1.080851118420053626e-04 -8.452724289104954387e-05 -2.355786895158499476e-05 2.866298078106269804e-04 8.214632820533948870e-04 1.952552871630535303e-03
1.439910865951690212e-04 -1.131363384724231127e-04 -3.085474812315007194e-05 3.815429618566753764e-04 1.095410944088295391e-03 2.603907376033760910e-03
1.798357498484451790e-04 -1.419636113971197225e-04 -3.787213845175866299e-05 4.761385103485736505e-04 1.369423091993964134e-03 3.255515000120661785e-03
2.156190328236101596e-04 -1.710099710959763256e-04 -4.460906172819774113e-05 5.704149081226857643e-04 1.643500455332094073e-03 3.907376559492845881e-03
2.513408663447621130e-04 -2.002763319451432390e-04 -5.106453440018890683e-05 6.643705991785344355e-04 1.917643769229923807e-03 4.559492875023503367e-03
2.870011808334618645e-04 -2.297636133000105106e-04 -5.723756753386654910e-05 7.580040165837292378e-04 2.191853774432438000e-03 5.211864772899897809e-03
3.225999063023135983e-04 -2.594727395299973650e-04 -6.312716677267472473e-05 8.513135823793031203e-04 2.466131217354054772e-03 5.864493084667236900e-03
3.581369723501130796e-04 -2.894046400530633344e-04 -6.873233229731347737e-05 9.442977074817568558e-04 2.740476850131735344e-03 6.517378647271138484e-03
