0.000000000000000000e+00 0.000000000000000000e+00 0.000000000000000000e+00 0.000000000000000000e+00 0.000000000000000000e+00 0.000000000000000000e+00 0.000000000000000000e+00 0.000000000000000000e+00 0.000000000000000000e+00 0.000000000000000000e+00
2.105426803102381849e-06 2.614598369055224343e-05 4.956189717759693631e-06 -4.876856813155797088e-05 1.556096792015147263e-05 2.316744758155484115e-04 2.328090235103745281e-04 1.416931093346656160e-04 1.503990471227195527e-04 9.321380398387105898e-05
4.207088755596769332e-06 5.229794215033150342e-05 9.898304888005842519e-06 -9.752720482358082880e-05 3.112386902971236112e-05 4.633238899858958750e-04 4.656895699393058530e-04 2.833997462569820872e-04 3.007351316912775115e-04 1.864305816602546183e-04
6.305010886604621098e-06 7.845589106744311884e-05 1.482628151987979895e-05 -1.462758633637507898e-04 4.668867988984116057e-05 6.949483048603286332e-04 6.986418337536414933e-04 4.251198893915813311e-04 4.510079493078575428e-04 2.796504019875401459e-04
8.399218301140733026e-06 1.046198461691375751e-04 1.974005519396622625e-05 -1.950144965733915372e-04 6.225537690907607231e-05 9.265477838650242179e-04 9.316660107959096786e-04 5.668535170571646371e-04 6.012171931871953265e-04 3.728733341622055756e-04
1.048973617357317571e-05 1.307898232075014309e-04 2.463956108465488546e-05 -2.437430568257702049e-04 7.782393636010703547e-05 1.158122391495090614e-03 1.164762298149802115e-03 7.086006072645339993e-04 7.513625542814109104e-04 4.660994476435478102e-04
1.257658974757645354e-05 1.569658379594349531e-04 2.952473395654689649e-05 -2.924614960415874076e-04 9.339433437806166441e-05 1.389672193326030964e-03 1.397930894153835962e-03 8.503611377104597878e-04 9.014437212578838574e-04 5.593288121527331897e-04
1.465980433700094929e-05 1.831479062264390373e-04 3.439550816008440383e-05 -3.411697656829953593e-04 1.089665469593463856e-04 1.621197256029655812e-03 1.631171998412702826e-03 9.921350857766359031e-04 1.051460380474982621e-03 6.525614976741451285e-04
1.673940532558031998e-05 2.093360438347383458e-04 3.925181762806354187e-05 -3.898678167491947651e-04 1.245405499607784661e-04 1.852697647385948823e-03 1.864485811809313059e-03 1.133922428526409334e-03 1.201412215957111361e-03 7.457975744556867700e-04
1.881541816807539116e-05 2.355302666351701772e-04 4.409359587037765008e-05 -4.385555997700245302e-04 1.401163190966731010e-04 2.084173436297884468e-03 2.097872536518750192e-03 1.275723142703165131e-03 1.351298909373185387e-03 8.390371130085631703e-04
2.088786838904339090e-05 2.617305905032311680e-04 4.892077597110566171e-05 -4.872330648015003223e-04 1.556938299381081890e-04 2.315624692805624569e-03 2.331332376018856439e-03 1.417537204725078433e-03 1.501120140010505245e-03 9.322801841081490397e-04
