0.000000000000000000e+00 0.000000000000000000e+00 0.000000000000000000e+00 0.000000000000000000e+00 0.000000000000000000e+00 0.000000000000000000e+00 0.000000000000000000e+00 0.000000000000000000e+00 0.000000000000000000e+00 0.000000000000000000e+00
4.862848515461556900e-06 2.965080654488663593e-05 6.346858453657805909e-06 -6.130110432793457135e-05 2.044059081379040205e-05 2.512784141221911446e-04 2.684219675951860190e-04 1.677790616660911863e-04 1.893398263618666143e-04 1.209254133594190255e-04
9.724337369607268983e-06 5.930670865910152474e-05 1.267643046778955241e-05 -1.225965546056763964e-04 4.088907810918090133e-05 5.024867904654508124e-04 5.369294424306128794e-04 3.355823711454735260e-04 3.786139905877777411e-04 2.418767715787468304e-04
1.458452620195076096e-05 8.896771949311834044e-05 1.898863073032844471e-05 -1.838863360950578117e-04 6.134545966962938956e-05 7.536249112300983689e-04 8.055226520113338432e-04 5.034099515732786334e-04 5.678221665721183481e-04 3.628543679249551161e-04
1.944347499918858924e-05 1.186338521514003339e-04 2.528337332170014741e-05 -2.451704338661253851e-04 8.180973339385876086e-05 1.004692557063221895e-03 1.074201825475415775e-03 6.712618260794063051e-04 7.569640257170919201e-04 4.838584980798495421e-04
2.430124408384523753e-05 1.483051196795844094e-04 3.156057172999609899e-05 -3.064488327952328032e-04 1.022818973018008875e-04 1.255689507136121446e-03 1.342967193492278439e-03 8.391380177879577537e-04 9.460392369952402456e-04 6.048894601073683853e-04
2.915789411791006714e-05 1.779815350637023452e-04 3.782013884489434958e-05 -3.677215175621606621e-04 1.227619495357128198e-04 1.506615539129239076e-03 1.611818988276058533e-03 1.007038549815658093e-03 1.135047466923948863e-03 7.259475544766325842e-04
3.401348610570592785e-05 2.076631112283081331e-04 4.406198695030241915e-05 -4.289884726463068514e-04 1.432498883619350092e-04 1.757470429216940111e-03 1.880757443605361474e-03 1.174963445274638781e-03 1.323988379538166204e-03 8.470330840896191310e-04
3.886808139718678933e-05 2.373498610358525693e-04 5.028602771828753732e-05 -4.902496823245502695e-04 1.637457121731391988e-04 2.008253952053253282e-03 2.149782794838419730e-03 1.342912727273551854e-03 1.512861636360117272e-03 9.681463543033184786e-04
4.372174169111764516e-05 2.670417972844328983e-04 5.649217220173210200e-05 -5.515051306666839473e-04 1.842494194894011596e-04 2.258965880757014561e-03 2.418895278931318914e-03 1.510886418916793962e-03 1.701666896370009150e-03 1.089287672957330250e-03
4.857452903866839560e-05 2.967389327070870785e-04 6.268033082704128813e-05 -6.127548015325131811e-04 2.047610089598381341e-04 2.509605986896624140e-03 2.688095134453890450e-03 1.678884543307770580e-03 1.890403815978173620e-03 1.210457350399136642e-03
