0.000000000000000000e+00 0.000000000000000000e+00 0.000000000000000000e+00 0.000000000000000000e+00 0.000000000000000000e+00 0.000000000000000000e+00
-7.563545564346918639e-06 1.383304443528667225e-06 6.180241120943217573e-06 2.787947131694801369e-04 5.614078310664775582e-04 2.298055194071334868e-04
-1.530489856091029070e-05 2.807368970147755045e-06 1.249752959100539525e-05 5.581214022578058053e-04 1.122393559666936668e-03 4.595011653490540192e-04
-2.323986168127382485e-05 4.279443882028377083e-06 1.896041779943322480e-05 8.380527834855254184e-04 1.682939284463475177e-03 6.890321229618717085e-04
-3.138721668948103152e-05 5.808943595781293284e-06 2.557827309418615538e-05 1.118680206226900075e-03 2.243027505578470884e-03 9.183245427517921708e-04
-3.976974820735060706e-05 7.408348267155573418e-06 3.236139994043365977e-05 1.400121288734992994e-03 2.802641453000452067e-03 1.147277576370654695e-03
-4.841581209309940142e-05 9.094600437962213255e-06 3.932121165545149160e-05 1.682531764214499322e-03 3.361765527634573685e-03 1.375751089878131123e-03
-5.736184931857607537e-05 1.089135018204936799e-05 4.647049913698168605e-05 1.966124521301659041e-03 3.920385903797164034e-03 1.603546020249550048e-03
-6.665661124177592388e-05 1.283270938422416825e-05 5.382390185796503995e-05 2.251201473983486558e-03 4.478491390168605132e-03 1.830371644817873050e-03
-7.636869122603536495e-05 1.496985219791391271e-05 6.139883902866690758e-05 2.538209590472216733e-03 5.036074733371712076e-03 2.055788248746789459e-03
-8.660090711612848679e-05 1.738333411092969779e-05 6.921757300591002563e-05 2.827845438523933150e-03 5.593134785451837725e-03 2.279100412236499326e-03
