0.000000000000000000e+00 0.000000000000000000e+00 0.000000000000000000e+00 0.000000000000000000e+00 0.000000000000000000e+00 0.000000000000000000e+00
2.052733633804228839e-05 -4.639795542899550847e-06 -1.588754079518076763e-05 3.018067537571023106e-04 2.536356207996505571e-04 3.977051075289687898e-04
4.098115679063817079e-05 -9.313743566343238222e-06 -3.166741322435106545e-05 6.035710435802415326e-04 5.072695634322084120e-04 7.954543571565007897e-04
6.136140895311876229e-05 -1.402197664329596331e-05 -4.733943230981190614e-05 9.052926790576725381e-04 7.609018625325861783e-04 1.193247904662196861e-03
8.166804054212147685e-05 -1.876462806181971351e-05 -6.290341248029211393e-05 1.206971468398746698e-03 1.014532553007646250e-03 1.591085906929890458e-03
1.019009994376863485e-04 -2.354183178389091714e-05 -7.835916765380881782e-05 1.508607218691318877e-03 1.268161669857311834e-03 1.988968521871334154e-03
1.220602336847763028e-04 -2.835372244962996012e-05 -9.370651123523502702e-05 1.810199735891227044e-03 1.521789248173237991e-03 2.386895908438793797e-03
1.421456914950135003e-04 -3.320043538120655844e-05 -1.089452561137411036e-04 2.111748824816437470e-03 1.775415323141462179e-03 2.784868226629126295e-03
1.621573212487133805e-04 -3.808210658804784865e-05 -1.240752146605271944e-04 2.413254289136660888e-03 2.029039930043212859e-03 3.182885637490805251e-03
1.820950714967627853e-04 -4.299887277097349093e-05 -1.390961987256335080e-04 2.714715931365637748e-03 2.282663104254451739e-03 3.580948303133746867e-03
2.019588909622989674e-04 -4.795087132642144191e-05 -1.540080196356449099e-04 3.016133552853356246e-03 2.536284881249037913e-03 3.979056386735207139e-03
