0.000000000000000000e+00 0.000000000000000000e+00 0.000000000000000000e+00 0.000000000000000000e+00 0.000000000000000000e+00 0.000000000000000000e+00
1.073318469507795928e-05 3.062964452514176477e-07 -1.103948114032530863e-05 3.213131230748181234e-04 2.305637075082651172e-04 3.499049701666858141e-04
2.139874193079469483e-05 6.062622846643148154e-07 -2.200500421531178516e-05 6.426048513443517480e-04 4.611371598907329505e-04 6.998215902643111636e-04
3.199662775386606385e-05 8.998525832592353869e-07 -3.289648033707363530e-05 9.638751012025845036e-04 6.917204068940282884e-04 1.049749894151793617e-03
4.252679823925233202e-05 1.187022156295699344e-06 -4.371382039543168969e-05 1.285123788660288329e-03 9.223134983440786942e-04 1.399689915993552461e-03
5.298920952874415806e-05 1.467725577014267712e-06 -5.445693510561180775e-05 1.606350829395823384e-03 1.152916484064849542e-03 1.749641690285983885e-03
6.338381783209081277e-05 1.741917175214512304e-06 -6.512573500725327320e-05 1.927556138752568003e-03 1.383529413879786658e-03 2.099605251863632862e-03
7.371057942823307956e-05 2.009551036025684624e-06 -7.572013046396307854e-05 2.248739631737179528e-03 1.614152337610442632e-03 2.449580635897622566e-03
8.396945066438773380e-05 2.270580998004864313e-06 -8.624003166235226579e-05 2.569901223016129738e-03 1.844785305076706563e-03 2.799567877901680372e-03
9.416038795897753140e-05 2.524960652496683559e-06 -9.668534861140939322e-05 2.891040826915108539e-03 2.075428366096167525e-03 3.149567013732515811e-03
1.042833478007578163e-04 2.772643341467826382e-06 -1.070559911420918453e-04 3.212158357416443778e-03 2.306081570482910667e-03 3.499578079593670780e-03
