0.000000000000000000e+00 0.000000000000000000e+00 0.000000000000000000e+00 0.000000000000000000e+00 0.000000000000000000e+00 0.000000000000000000e+00
-6.364894658483157476e-06 9.545046738496022510e-07 5.410389984723714259e-06 2.382039977283913158e-04 5.239051548188754584e-04 1.972973138779127069e-04
-1.285340286202756335e-05 1.932076232735831779e-06 1.092132662935096120e-05 4.768063953213623712e-04 1.047489226567335178e-03 3.945173109570750212e-04
-1.947475525485530589e-05 2.935970640970740988e-06 1.653878461414047389e-05 7.158539413062948650e-04 1.570740675100348611e-03 5.916247828613610364e-04
-2.623957147628405733e-05 3.970241231232957645e-06 2.226933024524234279e-05 9.554037640859159176e-04 2.093648117153860434e-03 7.885739844519068075e-04
-3.316025147650958658e-05 5.040017023179855214e-06 2.812023445362568468e-05 1.195527007777396396e-03 2.616200460313290906e-03 9.853048640285242896e-04
-4.025154113141748491e-05 6.151909669918719621e-06 3.409963146192430787e-05 1.436314159272876305e-03 3.138387074930170870e-03 1.181737564349829650e-03
-4.753137757877471336e-05 7.314624498261044496e-06 4.021675308089581625e-05 1.677883059602239615e-03 3.660198018228053105e-03 1.377764187168891569e-03
-5.502220111763342770e-05 8.539906538439117939e-06 4.648229457971443543e-05 1.920391318424152956e-03 4.181624333616127884e-03 1.573236079309064082e-03
-6.275307741335326176e-05 9.844056026177657381e-06 5.290902138765830474e-05 2.164056226462433147e-03 4.702658467660528543e-03 1.767943503645140468e-03
-7.076330746773254866e-05 1.125046269033109256e-05 5.951284477787153907e-05 2.409188034207895672e-03 5.223294881261983380e-03 1.961581748716640771e-03
