0.000000000000000000e+00 0.000000000000000000e+00 0.000000000000000000e+00 0.000000000000000000e+00 0.000000000000000000e+00 0.000000000000000000e+00
-7.349754198121060067e-06 -1.720605949050193871e-06 9.070360146839139096e-06 2.726469947202952602e-04 4.068026024227339838e-04 2.885098955699989093e-04
-1.488273820803751884e-05 -3.473696185365658526e-06 1.835643439315562690e-05 5.453989350278097342e-04 8.131446782892487891e-04 5.773753720855096276e-04
-2.260785455747682640e-05 -5.265661427446268822e-06 2.787351598445643767e-05 8.182415349555282680e-04 1.219006740854360407e-03 8.666302022892717746e-04
-3.053446616519126303e-05 -7.104781787579435163e-06 3.763924795296829404e-05 1.091153577274197499e-03 1.624370269099161554e-03 1.156314124323270945e-03
-3.867224293247644752e-05 -9.001963216460372500e-06 4.767420614909787825e-05 1.364104241077076368e-03 2.029218243086635190e-03 1.446474979207289582e-03
-4.703087871964228579e-05 -1.097183999177194056e-05 5.800271871172464698e-05 1.637049181883369923e-03 2.433535828439485973e-03 1.737171945722006377e-03
-5.561958894935801611e-05 -1.303446778475752816e-05 6.865405673447949738e-05 1.909924623417860214e-03 2.837311256037779866e-03 2.028480569263603310e-03
-6.444623164136900866e-05 -1.521801032524932489e-05 7.966424196708231788e-05 2.182638151064526973e-03 3.240536953194380655e-03 2.320500837134698881e-03
-7.351576106109525158e-05 -1.756316381320308182e-05 9.107892487494491092e-05 2.455053796305335049e-03 3.643211010225193454e-03 2.613370627536905095e-03
-8.282745285006781354e-05 -2.013077512029822673e-05 1.029582279709745487e-04 2.726966717108831022e-03 4.045339109168860810e-03 2.907289100463740159e-03
