0.000000000000000000e+00 0.000000000000000000e+00 0.000000000000000000e+00 0.000000000000000000e+00 0.000000000000000000e+00 0.000000000000000000e+00 0.000000000000000000e+00 0.000000000000000000e+00 0.000000000000000000e+00 0.000000000000000000e+00
4.356309776827493596e-06 2.811355721607506267e-05 9.482800460452746363e-06 -6.843833952298150451e-05 2.648567206966572190e-05 2.303968909643693203e-04 2.461838685861396153e-04 1.608286783692209980e-04 2.222658750941977352e-04 1.401839716216482057e-04
8.713628033756889410e-06 5.623109930987892134e-05 1.895322837157279477e-05 -1.368852089944851851e-04 5.298725327926935612e-05 4.606909798920180948e-04 4.924312904262377350e-04 3.216754793113508625e-04 4.445116897333678866e-04 2.804091299070570809e-04
1.307202087237080377e-05 8.435263279292535361e-05 2.841121786248520311e-05 -2.053406450404165161e-04 7.950477351259013748e-05 6.908818372575979564e-04 7.387424302155092904e-04 4.825404385470701300e-04 6.667372780579305588e-04 4.206758698261879852e-04
1.743155481578181754e-05 1.124781640890993803e-04 3.785670259115932201e-05 -2.738046844964127260e-04 1.060382630002745569e-04 9.209690299399181639e-04 9.851174538346803202e-04 6.434235920930206180e-04 8.889424730577991920e-04 5.609845896136277186e-04
2.179229679989144760e-05 1.406076995236253625e-04 4.728961574935324641e-05 -3.422773643960945055e-04 1.325877523230936433e-04 1.150952121314410782e-03 1.231556528283285143e-03 8.043249762552083255e-04 1.111127106566530071e-03 7.013356907539926126e-04
2.615431417781067714e-05 1.687412453209391841e-04 5.670989005816639276e-05 -4.107587219727909587e-04 1.591532724158158292e-04 1.380830671215200599e-03 1.478059821692966807e-03 9.652446276327116209e-04 1.333291009248652745e-03 8.417295780183491581e-04
3.051767472323612394e-05 1.968788076036794281e-04 6.611745776173607301e-05 -4.792487946605578867e-04 1.857348545718547756e-04 1.610604235895416987e-03 1.724627503337915028e-03 1.126182583124293304e-03 1.555434010586671367e-03 9.821666594980675135e-04
3.488244663543562209e-05 2.250203923907333604e-04 7.551225062272574310e-05 -5.477476200956668843e-04 2.123325304468908110e-04 1.840272367987199741e-03 1.971259743648048467e-03 1.287138879932365424e-03 1.777555938867112200e-03 1.122647346641320086e-03
3.924869854351177931e-05 2.531660055951836944e-04 8.489419991638340562e-05 -6.162552361183475449e-04 2.389463320633347274e-04 2.069834616461620896e-03 2.217956714223027603e-03 1.448113555566902600e-03 1.999656621168593388e-03 1.263172054290762113e-03
4.361649951040440405e-05 2.813156530231314726e-04 9.426323642511347039e-05 -6.847716807736453897e-04 2.655762918149369130e-04 2.299290526586867268e-03 2.464718587842244357e-03 1.609106647852764612e-03 2.221735883345108287e-03 1.403741200718459665e-03
