0.000000000000000000e+00 0.000000000000000000e+00 0.000000000000000000e+00 0.000000000000000000e+00 0.000000000000000000e+00 0.000000000000000000e+00 0.000000000000000000e+00 0.000000000000000000e+00 0.000000000000000000e+00 0.000000000000000000e+00
5.212582786479894876e-06 2.687810958369496505e-05 9.368204276936980426e-06 -6.778896301586453043e-05 2.633006636882708753e-05 2.078132487195809524e-04 2.370782141130011421e-04 1.583537569132083733e-04 2.162076964572976477e-04 1.423202279748855034e-04
1.042524662456782493e-05 5.375963831000921030e-05 1.872406634639292049e-05 -1.355834663605013160e-04 5.267451507947510883e-05 4.155376514181732578e-04 4.742203677905141050e-04 3.167275165487563426e-04 4.323835269742820793e-04 2.846772256228432153e-04
1.563804357807776983e-05 8.064459457075211181e-05 2.806752634727772110e-05 -2.033835328489686032e-04 7.903336835285445800e-05 6.231728650842409661e-04 7.114266205305357299e-04 4.751213076089428277e-04 6.485273061336285175e-04 4.270713331746082411e-04
2.085102602662677060e-05 1.075329866982678361e-04 3.739852400895631984e-05 -2.711891854069335890e-04 1.054066486730936196e-04 8.307185440264650824e-04 9.486971329177676946e-04 6.335351589621247793e-04 8.646388473239304592e-04 5.695028934786414924e-04
2.606424666008650716e-05 1.344248229585193503e-04 4.671699865648220093e-05 -3.390004470667820321e-04 1.317943787914531656e-04 1.038174339918990089e-03 1.186032066566613608e-03 7.919690996422863987e-04 1.080717962768629930e-03 7.119722519888866319e-04
3.127775848107527523e-05 1.613201115505601645e-04 5.602288920614274565e-05 -4.068173409677175120e-04 1.581965817300098269e-04 1.245539901773964897e-03 1.423431584131228589e-03 9.504231588525343614e-04 1.296764463516301459e-03 8.544797567883843491e-04
3.649161480807205379e-05 1.882188606044185185e-04 6.531613416069708767e-05 -4.746398903567671619e-04 1.846132807835613348e-04 1.452814875912994451e-03 1.660895849314876797e-03 1.108897365966425314e-03 1.512778159425434655e-03 9.970257586191931965e-04
4.170586927854679670e-05 2.151210781804431332e-04 7.459667160563821094e-05 -5.424681185885700052e-04 2.110444995240077636e-04 1.659998905939318774e-03 1.898425026883100589e-03 1.267391750533094531e-03 1.728758859153493952e-03 1.139610610907683050e-03
4.692057585189330797e-05 2.420267722679053353e-04 8.386443920409604751e-05 -6.103020491261682608e-04 2.374902618022593738e-04 1.867091632708803729e-03 2.136019282672479893e-03 1.425906342278474015e-03 1.944706370141778811e-03 1.282234669791562642e-03
5.213578881299901806e-05 2.689359507836651636e-04 9.311937419235787256e-05 -6.781417055411153834e-04 2.639505917522358002e-04 2.074092694301362966e-03 2.373678783603316075e-03 1.584441171110814121e-03 2.160620498605435834e-03 1.424898294148717066e-03
