0.000000000000000000e+00 0.000000000000000000e+00 0.000000000000000000e+00 0.000000000000000000e+00 0.000000000000000000e+00 0.000000000000000000e+00
3.854314545440324215e-05 -5.474856824593291480e-06 -3.306828863000565424e-05 3.398982999757642711e-04 3.038890587933908952e-04 4.508314860868093202e-04
7.698724727936331327e-05 -1.099906352987144826e-05 -6.598818374948920871e-05 6.797359716910161657e-04 6.077719555999448828e-04 9.017297624174607472e-04
1.153322450133522037e-04 -1.657284616961744047e-05 -9.875939884381430638e-05 1.019512715741431380e-03 9.116487464280862612e-04 1.352695072391304652e-03
1.535780786778661688e-04 -2.219643219574099691e-05 -1.313816464822080117e-04 1.359228230136269935e-03 1.215519487785571024e-03 1.803727661490824551e-03
1.917246887764638386e-04 -2.787005033712831103e-05 -1.638546384393923974e-04 1.698882211045211338e-03 1.519384236422126810e-03 2.254827776797540834e-03
2.297720162997441014e-04 -3.359393060835245168e-05 -1.961780856913553019e-04 2.038474352785236109e-03 1.823243049332643872e-03 2.705995666999364262e-03
2.677200027306276728e-04 -3.936830431919466740e-05 -2.283516984114810559e-04 2.378004347805062930e-03 2.127095983758599609e-03 3.157231582406004426e-03
3.055685900487229746e-04 -4.519340408275559085e-05 -2.603751859659128890e-04 2.717471886673282488e-03 2.430943097191625053e-03 3.608535774956941888e-03
3.433177207354207736e-04 -5.106946382562018642e-05 -2.922482569097567583e-04 3.056876658061853311e-03 2.734784447375209447e-03 4.059908498237377664e-03
3.809673377788145351e-04 -5.699671879624571084e-05 -3.239706189823779166e-04 3.396218348733027158e-03 3.038620092306557052e-03 4.511350007486793212e-03
