0.000000000000000000e+00 0.000000000000000000e+00 0.000000000000000000e+00 0.000000000000000000e+00 0.000000000000000000e+00 0.000000000000000000e+00
2.798911872884556800e-06 -7.124838173173016898e-06 4.325926300430615943e-06 3.562871864164934605e-04 6.771427850542204594e-04 2.314019534350840598e-04
5.295328098169339680e-06 -1.415532426386965746e-05 8.859996166105419757e-06 7.142341182088267392e-04 1.353912279994486448e-03 4.615174516058493347e-04
7.431687289350754103e-06 -2.106322138422466771e-05 1.363153409510280562e-05 1.074185433345980047e-03 2.030280619889950327e-03 6.900297212987244059e-04
9.127375963704710451e-06 -2.780855914522499604e-05 1.868118318175088184e-05 1.436609585462757417e-03 2.706219306550343862e-03 9.164988073662382832e-04
1.026564537446504149e-05 -3.433336239366295496e-05 2.406771701958316777e-05 1.802163264375390359e-03 3.381700374728794072e-03 1.140295985120052310e-03
1.067034921329226686e-05 -4.055090209006963176e-05 2.988055287721988202e-05 2.171801499841502503e-03 4.056698791762665054e-03 1.360491257465086708e-03
1.006189182645931797e-05 -4.632621336997570327e-05 3.626432154403814404e-05 2.546976568998754204e-03 4.731197546577689712e-03 1.575649358337732897e-03
7.967081168112582329e-06 -5.143829767029397669e-05 4.347121650275729545e-05 2.930022676695719867e-03 5.405199146560486258e-03 1.783433575502676614e-03
3.515416720058196168e-06 -5.550013472983198034e-05 5.198471801051783147e-05 3.324967267490525243e-03 6.078754130613577694e-03 1.979765925505657005e-03
-5.086292531285014750e-06 -5.776880093666539936e-05 6.285509346882117753e-05 3.739450012452802310e-03 6.752041841919419023e-03 2.156827394076447305e-03
