0.000000000000000000e+00 0.000000000000000000e+00 0.000000000000000000e+00 0.000000000000000000e+00 0.000000000000000000e+00 0.000000000000000000e+00 0.000000000000000000e+00 0.000000000000000000e+00 0.000000000000000000e+00 0.000000000000000000e+00
5.785779381670785087e-06 3.231384178462480756e-05 9.535005587309751710e-06 -7.555061673802537542e-05 2.791598998444981444e-05 2.676476836795518084e-04 2.878517051292625887e-04 1.860726298384288244e-04 2.429672198131548131e-04 1.523197239416247087e-04
1.157497594379344266e-05 6.463250350407448040e-05 1.905346754266357999e-05 -1.511122428292842540e-04 5.585129583872427712e-05 5.351436512773465829e-04 5.757894178439086153e-04 3.721779146051834835e-04 4.859090079065530427e-04 3.046979331692134378e-04
1.736770422158265080e-05 9.695599094517647022e-05 2.855529003672128399e-05 -2.266849572960232678e-04 8.380597209259930231e-05 8.024870846075811978e-04 8.638133646071938882e-04 5.583159584060648885e-04 7.288251870863679928e-04 4.571352924948367887e-04
2.316407963825182787e-05 1.292843096992387654e-04 3.804037649744537058e-05 -3.022688398913077746e-04 1.117800740564103677e-04 1.069677157136992001e-03 1.151923773589698385e-03 7.444868662855741318e-04 9.717155792342254197e-04 6.096324733548516605e-04
2.896421848533705013e-05 1.616174651435055753e-04 4.750862961240947662e-05 -3.778639710662726778e-04 1.397736578250775505e-04 1.336713034198144107e-03 1.440120874577199318e-03 9.306907442044764405e-04 1.214580005231989798e-03 7.621901537891350104e-04
3.476823793290757824e-05 1.939554624372377494e-04 5.695995131912428032e-05 -4.534704319773101306e-04 1.677867802880631215e-04 1.603593872883319390e-03 1.728404898990822114e-03 1.116927699052045831e-03 1.457418284952177344e-03 9.148090185224650719e-04
4.057625603956202846e-05 2.262983065176615339e-04 6.639424279578421176e-05 -5.290883044946577190e-04 1.958194991417941573e-04 1.870318821937826982e-03 2.016776079905336760e-03 1.303197838663257627e-03 1.700230237245171049e-03 1.067489759048843335e-03
4.638839176348741778e-05 2.586460020960766387e-04 7.581140445131543922e-05 -6.047176712105760020e-04 2.238718728998368292e-04 2.136887021647821197e-03 2.305234652070932595e-03 1.489501271831349376e-03 1.943015679931128521e-03 1.220233073719233447e-03
5.220476497280075859e-05 2.909985536539010402e-04 8.521133591630019569e-05 -6.803586154477445731e-04 2.519439609049219531e-04 2.403297603729569361e-03 2.593780851931423367e-03 1.675838108324734189e-03 2.185774429786565415e-03 1.373039667827647943e-03
5.802549645630654651e-05 3.233559654381830623e-04 9.459393603245755129e-05 -7.560112212679625122e-04 2.800358233408610227e-04 2.669549691217301939e-03 2.882414917646762206e-03 1.862208458900478994e-03 2.428506302533646553e-03 1.525910253701590448e-03
