0.000000000000000000e+00 0.000000000000000000e+00 0.000000000000000000e+00 0.000000000000000000e+00 0.000000000000000000e+00 0.000000000000000000e+00
-5.343392206833334148e-06 -8.776915910147288117e-07 6.221083797927378278e-06 2.568480345710730055e-04 5.448216350084429845e-04 2.318791689352126006e-04
-1.083205876127050826e-05 -1.733346348964114904e-06 1.256540511025432684e-05 5.141680621882443146e-04 1.089245518442971466e-03 4.636840963924481287e-04
-1.647750667331197426e-05 -2.561834277649542466e-06 1.903934095099853207e-05 7.720170557966682346e-04 1.633255238019055977e-03 6.953742217190218454e-04
-2.229316685625686053e-05 -3.356476632253826877e-06 2.564964348858468759e-05 1.030465893260393111e-03 2.176834376849730562e-03 9.268950839388881294e-04
-2.829498330243847669e-05 -4.108430869160319176e-06 3.240341417181391174e-05 1.289604741776035745e-03 2.719966693905200537e-03 1.158172756889317128e-03
-3.450229239199091168e-05 -4.805756812281259240e-06 3.930804920459579849e-05 1.549551242822791745e-03 3.262636365454467651e-03 1.389105422828133037e-03
-4.093919022423212709e-05 -5.431952648030925182e-06 4.637114287267986702e-05 1.810463357668176546e-03 3.804828313807526521e-03 1.619550198058550012e-03
-4.763675786923733327e-05 -5.963574633755974101e-06 5.360033250352604366e-05 2.072560283898679506e-03 4.346528671083232064e-03 1.849301753057053374e-03
-5.463688678356852968e-05 -6.366188071968683563e-06 6.100307485604549400e-05 2.336158047701437923e-03 4.887725464036292780e-03 2.078056034806272448e-03
-6.199927178769185370e-05 -6.587113092672498057e-06 6.858638488090134354e-05 2.601733323762894269e-03 5.428409713670871890e-03 2.305345347614866890e-03
