0.000000000000000000e+00 0.000000000000000000e+00 0.000000000000000000e+00 0.000000000000000000e+00 0.000000000000000000e+00 0.000000000000000000e+00
1.685356202930388079e-05 2.027254187598449099e-06 -1.888081621704752489e-05 3.711284833137400781e-04 2.508816771164645680e-04 3.252975444619944775e-04
3.361024734749807274e-05 4.071695988021581310e-06 -3.768194333537715939e-05 7.422805627110474645e-04 5.017594647714909923e-04 6.505753823003942744e-04
5.026991619675846412e-05 6.133388924153474389e-06 -5.640330512095054118e-05 1.113456309720136338e-03 7.526333852614009627e-04 9.758334196922838081e-04
6.683242849720940791e-05 8.212396850376669344e-06 -7.504482534754439984e-05 1.484655796394417516e-03 1.003503461030575035e-03 1.301071562140047617e-03
8.329764390375405910e-05 1.030878393166506288e-05 -9.360642783529235164e-05 1.855879095291867228e-03 1.254369714528489731e-03 1.626289714635600859e-03
9.966542180518014166e-05 1.242261464554495469e-05 -1.120880364507445917e-04 2.227126279479319741e-03 1.505232168211155519e-03 1.951487781656702702e-03
1.159356213237200742e-04 1.455395378477291669e-05 -1.304895751083285987e-04 2.598397422535540964e-03 1.756090844539871928e-03 2.276665667162820848e-03
1.321081013137033607e-04 1.670286645834888003e-05 -1.488109677719732431e-04 2.969692598554615932e-03 2.006945765982197372e-03 2.601823274592744446e-03
1.481827203608206210e-04 1.886941809452269208e-05 -1.670521384552937244e-04 3.341011882150502019e-03 2.257796955011123850e-03 2.926960506858403491e-03
1.641593367815121678e-04 2.105367444216305718e-05 -1.852130112234714695e-04 3.712355348460379990e-03 2.508644434106926165e-03 3.252077266343563009e-03
