0.000000000000000000e+00 0.000000000000000000e+00 0.000000000000000000e+00 0.000000000000000000e+00 0.000000000000000000e+00 0.000000000000000000e+00
4.450437526925758979e-05 -1.765923859076044486e-05 -2.684513667874544079e-05 1.789111550723640975e-04 2.755897659210190657e-04 5.273663375798071313e-04
8.895505564969545488e-05 -3.545763342505354814e-05 -5.349742222482821333e-05 3.576391162457061854e-04 5.512010541604469302e-04 1.054894346722887177e-03
1.333520629856803580e-04 -5.339575253888082619e-05 -7.995631044692950735e-05 5.361830943177788196e-04 8.268341383657040180e-04 1.582584543001418946e-03
1.776954194550356859e-04 -7.147416715226806081e-05 -1.062212523030300426e-04 7.145422934091776816e-04 1.102489294750378735e-03 2.110437446082134502e-03
2.219851476660800844e-04 -8.969345135836624705e-05 -1.322916963077098258e-04 8.927159128584372582e-04 1.378166801342449975e-03 2.638453578596765790e-03
2.662212706596251625e-04 -1.080541821425131955e-04 -1.581670885171499548e-04 1.070703147188283369e-03 1.653866938000486675e-03 3.166633466165616820e-03
3.104038119114756081e-04 -1.265569393992207645e-04 -1.838468725123442631e-04 1.248503186069114959e-03 1.929589986426350542e-03 3.694977637414896803e-03
3.545327953349129593e-04 -1.452023059518691285e-04 -2.093304893830592265e-04 1.426115214285304713e-03 2.205336230181953808e-03 4.223486623999448721e-03
3.986082452822749082e-04 -1.639908675701957311e-04 -2.346173777121243341e-04 1.603538411698035527e-03 2.481105954703204455e-03 4.752160960622031638e-03
4.426301865474570698e-04 -1.829232129892734181e-04 -2.597069735582975742e-04 1.780771953210328815e-03 2.756899447314743994e-03 5.281001185054581479e-03
