0.000000000000000000e+00 0.000000000000000000e+00 0.000000000000000000e+00 0.000000000000000000e+00 0.000000000000000000e+00 0.000000000000000000e+00
1.267554363877929077e-05 1.810094953961233961e-05 -3.077649317795317903e-05 5.657781351412970953e-04 2.769627411220545229e-04 1.913846862038141308e-04
2.514192012248596370e-05 3.634797030166184921e-05 -6.148989042346181787e-05 1.131735926959776982e-03 5.539499504212819095e-04 3.825652475332618125e-04
3.739850434264097034e-05 5.474168206352546744e-05 -9.214018640554629447e-05 1.697874020651553208e-03 8.309619664438447264e-04 5.735407002662538251e-04
4.944466756946616019e-05 7.328270829447544675e-05 -1.227273758635507521e-04 2.264193066389042115e-03 1.107999131267363652e-03 7.643100521525337350e-04
6.127977800266556745e-05 9.197167586220140047e-05 -1.532514538644725623e-04 2.830693718649926905e-03 1.385061789473105093e-03 9.548723041332750436e-04
7.290320075046313113e-05 1.108092150548692736e-04 -1.837124158047551213e-04 3.397376636250358951e-03 1.662150288168276393e-03 1.145226450284475561e-03
8.431429780621791108e-05 1.297959596060614554e-04 -2.141102574118151382e-04 3.964242482379512836e-03 1.939264977010322476e-03 1.335371477760923398e-03
9.551242802838552464e-05 1.489325467181815805e-04 -2.444449747460155308e-04 4.531291924633681044e-03 2.216406208229464245e-03 1.525306366735324978e-03
1.064969471168982466e-04 1.682196170866519561e-04 -2.747165642030443005e-04 5.098525635050981004e-03 2.493574336653000319e-03 1.715030090341479289e-03
1.172672075914930141e-04 1.876578149244194588e-04 -3.049250225154248530e-04 5.665944290147353207e-03 2.770769719730557020e-03 1.904541614614557428e-03
