0.000000000000000000e+00 0.000000000000000000e+00 0.000000000000000000e+00 0.000000000000000000e+00 0.000000000000000000e+00 0.000000000000000000e+00
-8.265629596117207657e-06 2.301052657312731742e-05 -1.474489697702159892e-05 -1.874049720306250816e-05 6.567415197054119174e-04 3.612258510062713772e-04
-1.773577196671672184e-05 4.642631601064315544e-05 -2.869054404393317598e-05 -4.066626883540740622e-05 1.313254658071991675e-03 7.258653577811767727e-04
-2.866987801892855164e-05 7.032085206385861511e-05 -4.165097404473856626e-05 -6.629991442810937450e-05 1.969530868519253630e-03 1.094449666435594153e-03
-4.140777092718947564e-05 9.478574176989130030e-05 -5.337797084255093761e-05 -9.630853907313416764e-05 2.625562292822649496e-03 1.467653740286242866e-03
-5.640321342998780318e-05 1.199372770017495955e-04 -6.353406357166399728e-05 -1.315587465790814779e-04 3.281343159114345764e-03 1.846349955008906758e-03
-7.427579789916294935e-05 1.459261759962227208e-04 -7.165037809687652777e-05 -1.731991457212588102e-04 3.936872286070890181e-03 2.231688100703789826e-03
-9.589399882236675991e-05 1.729524971951878869e-04 -7.705849837262148468e-05 -2.227881004904047569e-04 4.592157632864737535e-03 2.625218582187790941e-03
-1.225136801165286986e-04 2.012893141430358880e-04 -7.877563402628368116e-05 -2.824990430827649694e-04 5.247224799678714725e-03 3.029089231475511068e-03
-1.560207977565261357e-04 2.313219728333186119e-04 -7.530117507642727622e-05 -3.554655720797549458e-04 5.902133586066208963e-03 3.446373847601089981e-03
-1.993833747127799546e-04 2.636167876681290087e-04 -6.423341295521304097e-05 -4.463944556837302468e-04 6.557012169422006889e-03 3.881651021419129776e-03
