0.000000000000000000e+00 0.000000000000000000e+00 0.000000000000000000e+00 0.000000000000000000e+00 0.000000000000000000e+00 0.000000000000000000e+00
1.764625359728957775e-05 4.691078657613196633e-06 -2.233733225472454679e-05 3.971655313900684459e-04 2.504594058529622624e-04 2.842227406208141789e-04
3.518537775507258664e-05 9.421199490005843845e-06 -4.460657724498604291e-05 7.943844155562569155e-04 5.009182691155530205e-04 5.683926710533893176e-04
5.261717977934709080e-05 1.419051874512114312e-05 -6.680769852437859751e-05 1.191656834900502605e-03 7.513766306291486162e-04 8.525095680571463446e-04
6.994146632338101932e-05 1.899919349567975066e-05 -8.894065981894077591e-05 1.588982973092482962e-03 1.001834531568917847e-03 1.136573206786660592e-03
8.715804347354540974e-05 2.384738159115116444e-05 -1.110054250646136463e-04 1.986363014940776585e-03 1.252292013255438749e-03 1.420583361113401119e-03
1.042667167477433313e-04 2.873524166201726286e-05 -1.330019584096033848e-04 2.383797146400380533e-03 1.502749117155392214e-03 1.704539803615347801e-03
1.212672910911655519e-04 3.366293312476897919e-05 -1.549302242157649416e-04 2.781285554580500540e-03 1.753205884883644091e-03 1.988442305568107697e-03
1.381595708745183421e-04 3.863061618695164996e-05 -1.767901870614005692e-04 3.178828427753077612e-03 2.003662358204330585e-03 2.272290636936641611e-03
1.549433598902357737e-04 4.363845185226239822e-05 -1.985818117422602979e-04 3.576425955358739431e-03 2.254118579032748232e-03 2.556084566363807115e-03
1.716184613499674612e-04 4.868660192472714439e-05 -2.203050632745038131e-04 3.974078328018725709e-03 2.504574589435372336e-03 2.839823861163106103e-03
