0.000000000000000000e+00 0.000000000000000000e+00 0.000000000000000000e+00 0.000000000000000000e+00 0.000000000000000000e+00 0.000000000000000000e+00 0.000000000000000000e+00 0.000000000000000000e+00 0.000000000000000000e+00 0.000000000000000000e+00
1.102316858108405365e-05 3.064868994003839143e-05 8.253250447784188777e-06 -7.164790840114701530e-05 2.172279943215025205e-05 1.745479616792834014e-04 2.750952594956392722e-04 1.930560134176538317e-04 2.127922971251069127e-04 1.396071662268027829e-04
2.205075098387227752e-05 6.130140581136694715e-05 1.649298309748689856e-05 -1.433065306351755293e-04 4.346139074236357786e-05 3.489308471732947945e-04 5.502727105869209892e-04 3.861597633408698571e-04 4.255587311391390666e-04 2.792753436469137666e-04
3.308283241318438808e-05 9.195816468170444681e-05 2.471913788903486124e-05 -2.149759587561154951e-04 6.521582377225505875e-05 5.231478531454893241e-04 8.255325354852778878e-04 5.793113575292677987e-04 6.382992714370903020e-04 4.190050762324690312e-04
4.411949870648177981e-05 1.226189835697750075e-04 3.293165441167579597e-05 -2.866562856878758503e-04 8.698614900005190403e-05 6.971981689300550591e-04 1.100874917591882201e-03 7.725109044943108448e-04 8.510138879792151882e-04 5.587969127767523697e-04
5.516083630881556869e-05 1.532838794397628100e-04 4.113047189695936224e-05 -3.583476051961349221e-04 1.087724175507612956e-04 8.710809767082099576e-04 1.376300041403054602e-03 9.657585134527446689e-04 1.063702551309459376e-03 6.986514068406913473e-04
6.620693227892914098e-05 1.839528691992840033e-04 4.931552921447430391e-05 -4.300500118978425922e-04 1.305746812051216353e-04 1.044795451423435146e-03 1.651808092524238540e-03 1.159054294337257332e-03 1.276365232562866542e-03 8.385691168089251090e-04
7.725787429583236895e-05 2.146259696984779812e-04 5.748676486836318988e-05 -5.017636012703596870e-04 1.523929924076503344e-04 1.218340760697473593e-03 1.927399257678146394e-03 1.352398357806096048e-03 1.489001903476504544e-03 9.785506059409097672e-04
8.831375066490628574e-05 2.453031977278956268e-04 6.564411699282594642e-05 -5.734884696603935114e-04 1.742274042747564639e-04 1.391716064742800837e-03 2.203073724717432604e-03 1.545790815255347183e-03 1.701612536397884359e-03 1.118596442428379219e-03
9.937465032435311254e-05 2.759845700177076828e-04 7.378752334840441159e-05 -6.452247142943856985e-04 1.960779706038769609e-04 1.564920516276483396e-03 2.478831682635796330e-03 1.739231778828925984e-03 1.914197104292269126e-03 1.258707199450504691e-03
1.104406628521663639e-04 3.066701032351506150e-04 8.191692131817917080e-05 -7.169724332871316164e-04 2.179447458816976321e-04 1.737953260430392943e-03 2.754673321579845235e-03 1.932721361430434935e-03 2.126755580756286516e-03 1.398883455229638561e-03
