0.000000000000000000e+00 0.000000000000000000e+00 0.000000000000000000e+00 0.000000000000000000e+00 0.000000000000000000e+00 0.000000000000000000e+00
-4.868487240064335052e-07 9.012306724890099835e-06 -8.525458000984843568e-06 -1.108599439856551778e-05 6.331475668730529756e-04 2.183394891365399311e-04
-1.478016721028700083e-06 1.841355563301932556e-05 -1.693553891204467888e-05 -2.354819974362354302e-05 1.266201567145218594e-03 4.381487558181605202e-04
-3.058557747370211809e-06 2.826434812568378316e-05 -2.520579037827576742e-05 -3.757182247504036143e-05 1.899155840599043741e-03 6.596191667119897682e-04
-5.333691958086201815e-06 3.863843438386040249e-05 -3.330474242571322446e-05 -5.338202302102888828e-05 2.532003571992538955e-03 8.829826974978271115e-04
-8.435139260669500389e-06 4.962655482315752556e-05 -4.119141556241244951e-05 -7.125560681405998650e-05 3.164737193351071631e-03 1.108523721603208757e-03
-1.252999512067118338e-05 6.134172116239147612e-05 -4.881172604150476691e-05 -9.153712012184416771e-05 3.797348266926820794e-03 1.336595222803752762e-03
-1.783342221512109439e-05 7.392661346533912538e-05 -5.609319124999979125e-05 -1.146614155513226059e-04 4.429827346626927578e-03 1.567641500134952593e-03
-2.462722125547889041e-05 8.756415451473115977e-05 -6.293693325891725767e-05 -1.411859892115339455e-04 5.062163812106711472e-03 1.802230669916716653e-03
-3.328771669245899592e-05 1.024929932398298813e-04 -6.920527654703121842e-05 -1.718383994425856198e-04 5.694345679397750694e-03 2.041102274458374364e-03
-4.432890598747209622e-05 1.190307940655060070e-04 -7.470188807780049557e-05 -2.075877612406566816e-04 6.326359396071435347e-03 2.285238981184350981e-03
