0.000000000000000000e+00 0.000000000000000000e+00 0.000000000000000000e+00 0.000000000000000000e+00 0.000000000000000000e+00 0.000000000000000000e+00
2.408932517229303544e-05 -1.880909390411199380e-06 -2.220841578187778725e-05 3.396981087470458591e-04 2.688365512496354560e-04 3.888069238713146871e-04
4.809081092458717999e-05 -3.779857798497999918e-06 -4.431095312618443739e-05 6.793742018273310566e-04 5.376715927525857128e-04 7.776373731553358091e-04
7.200437174675509370e-05 -5.696922256024214011e-06 -6.630744949073742386e-05 1.019028179421308054e-03 8.065051464905784607e-04 1.166491425689742756e-03
9.582992216139476463e-05 -7.632180211519608827e-06 -8.819774194981119635e-05 1.358659940937744946e-03 1.075337234579432479e-03 1.555369159951271217e-03
1.195673767656615320e-04 -9.585709512316956514e-06 -1.099816672532795013e-04 1.698269385218105975e-03 1.344167879109271768e-03 1.944270655007530098e-03
1.432166502324050210e-04 -1.155758840620215095e-05 -1.316590618260523151e-04 2.037856410534112130e-03 1.612997102146685770e-03 2.333195990521275392e-03
1.667776573122365746e-04 -1.354789554504548033e-05 -1.532297617669922110e-04 2.377420914582273510e-03 1.881824925732384452e-03 2.722145246753779769e-03
1.902503128347969835e-04 -1.555670998693605873e-05 -1.746936028476770407e-04 2.716962794480569290e-03 2.150651371883183921e-03 3.111118504571611012e-03
2.136345317101244240e-04 -1.758411119891688191e-05 -1.960504205111461356e-04 3.056481946762267324e-03 2.419476462591125393e-03 3.500115845448669230e-03
2.369302289305277973e-04 -1.963017905933624673e-05 -2.173000498710306956e-04 3.395978267373706526e-03 2.688300219823531144e-03 3.889137351471564936e-03
