0.000000000000000000e+00 0.000000000000000000e+00 0.000000000000000000e+00 0.000000000000000000e+00 0.000000000000000000e+00 0.000000000000000000e+00 0.000000000000000000e+00 0.000000000000000000e+00 0.000000000000000000e+00 0.000000000000000000e+00
1.127176357190173297e-05 2.416964865259405861e-05 2.221559979582139131e-05 -1.053841034092200765e-04 4.772709138900858297e-05 3.599534439220112122e-05 1.769085028760584023e-04 1.702770318639191193e-04 3.580129657847886770e-04 2.289682848631803742e-04
2.255395296743215847e-05 4.833953667220588097e-05 4.443763770466572718e-05 -2.108384311018616500e-04 9.550730375768345427e-05 7.168300262671901707e-05 3.538297082043305236e-04 3.405843236232855087e-04 7.162131308912683594e-04 4.580140942080154895e-04
3.384666493326207753e-05 7.250967732912263250e-05 6.666613409227126468e-05 -3.163632970313688545e-04 1.433408206768244238e-04 1.070610982827799421e-04 5.307637539261995333e-04 5.109221736544529305e-04 1.074601265423032626e-03 6.871380980405115881e-04
4.514999723347174160e-05 9.668008406676426763e-05 8.890110979382661292e-05 -4.219590183494776616e-04 1.912278272554426459e-04 1.421277338449599000e-04 7.077107793667681288e-04 6.812908849063043512e-04 1.433178149245757909e-03 9.163409717366846879e-04
5.646404849021260491e-05 1.208507704541126552e-04 1.111425858661305936e-04 -5.276259148544353624e-04 2.391685100441182121e-04 1.768809931475107914e-04 8.846709257677709808e-04 8.516907644489661502e-04 1.791944569484151852e-03 1.145623396025515894e-03
6.778891819452894968e-05 1.450217501884951523e-04 1.333905835904286899e-04 -6.333643090230856336e-04 2.871630570497465474e-04 2.113189411291128451e-04 1.061644336320513148e-03 1.022122123537783827e-03 2.150901320612036254e-03 1.374986057047485792e-03
7.912470671794974203e-05 1.691930370982677810e-04 1.556451244760025760e-04 -7.391745260434069622e-04 3.352116577514027956e-04 2.454396235867846595e-04 1.238631156193938446e-03 1.192585277677360184e-03 2.510049204547960475e-03 1.604429646414526388e-03
9.047151532345631953e-05 1.933646451457515596e-04 1.779062302625347616e-04 -8.450568938473551357e-04 3.833145031156682094e-04 2.792410669209489309e-04 1.415631532567712464e-03 1.363080546685059222e-03 2.869389030748412464e-03 1.833954861272186218e-03
1.018294461778689063e-04 2.175365884299600573e-04 2.001739229242276521e-04 -9.510117431442483742e-04 4.314717856123655290e-04 3.127212778807276681e-04 1.592645614662277845e-03 1.533608254758733747e-03 3.228921616306516286e-03 2.063562404359554209e-03
1.131986023626768511e-04 2.417088811898550089e-04 2.224482246723056167e-04 -1.057039407455198339e-03 4.796836992305712386e-04 3.458782433018824771e-04 1.769673553773451393e-03 1.704168730544469582e-03 3.588647786048376059e-03 2.293252984073045671e-03
