0.000000000000000000e+00 0.000000000000000000e+00 0.000000000000000000e+00 0.000000000000000000e+00 0.000000000000000000e+00 0.000000000000000000e+00
3.400595552324679987e-05 8.131545902522068601e-06 -4.213750142557165041e-05 5.426349068947153124e-04 3.551884944750486771e-04 3.992533194605515662e-04
6.779746255801303927e-05 1.633761084095598892e-05 -8.413507339858559671e-05 1.085367625800203384e-03 7.103630661003464304e-04 7.984227497523018217e-04
1.013740144155381216e-04 2.461858081511117608e-05 -1.259925952302810349e-04 1.628198615194741041e-03 1.065523796179552486e-03 1.197507751100614646e-03
1.347351023477803735e-04 3.297484465740276364e-05 -1.677099470047080669e-04 2.171128337864802142e-03 1.420670767062480553e-03 1.596507778370055957e-03
1.678802158067290936e-04 4.140679385533266961e-05 -2.092870096616935140e-04 2.714157260460784479e-03 1.775804061618475697e-03 1.995422282040515676e-03
2.008088424326813590e-04 4.991482257475560777e-05 -2.507236650070660748e-04 3.257285853534603627e-03 2.130923763241515841e-03 2.394250708166042411e-03
2.335204680413852172e-04 5.849932768385818720e-05 -2.920197957246994805e-04 3.800514591575071977e-03 2.486029955858521517e-03 2.792992498330960915e-03
2.660145766124206437e-04 6.716070877605004547e-05 -3.331752853880984148e-04 4.343843953045167967e-03 2.841122723935617361e-03 3.191647089605921354e-03
2.982906502773911167e-04 7.589936819507768430e-05 -3.741900184719620720e-04 4.887274420417936187e-03 3.196202152485789604e-03 3.590213914505628861e-03
3.303481693063655333e-04 8.471571105830716917e-05 -4.150638803641563783e-04 5.430806480215909400e-03 3.551268327075101164e-03 3.988692400940521514e-03
