0.000000000000000000e+00 0.000000000000000000e+00 0.000000000000000000e+00 0.000000000000000000e+00 0.000000000000000000e+00 0.000000000000000000e+00
-5.210725870410965954e-06 -2.012653842080304944e-06 7.223379712369911405e-06 2.053063074541119904e-04 5.472650401791656714e-04 2.611497266961892430e-04
-1.054037926920899775e-05 -4.073324167950627330e-06 1.461370343704077280e-05 4.102834807097632298e-04 1.094161141323729807e-03 5.229975266161482382e-04
-1.599759718564308541e-05 -6.190359065363210383e-06 2.218795625088064015e-05 6.148443148489969416e-04 1.640674369803611947e-03 7.856445383235871518e-04
-2.159237344374137369e-05 -8.374395314376453174e-06 2.996676875785550415e-05 8.188752560106853573e-04 2.186791170906593126e-03 1.049217870397452755e-03
-2.733651127126463749e-05 -1.063923700597791734e-05 3.797574827754488121e-05 1.022226215829895399e-03 2.732498644622024034e-03 1.313880511099778728e-03
-3.324433032402820346e-05 -1.300317614366772352e-05 4.624750646801105034e-05 1.224695282153817708e-03 3.277784931997434256e-03 1.579846231711272983e-03
-3.933382447930141136e-05 -1.549104356623508326e-05 5.482486804593740548e-05 1.426005051257482137e-03 3.822639772387171654e-03 1.847402696528245613e-03
-4.562865361107592492e-05 -1.813750162900175703e-05 6.376615524045394076e-05 1.625764677995098894e-03 4.367055355991625830e-03 2.116948560496021130e-03
-5.216177043094002335e-05 -2.099256066288052061e-05 7.315433109427631544e-05 1.823406416613021280e-03 4.911027713160304349e-03 2.389055539020361937e-03
-5.898246351067783623e-05 -2.413128927463971353e-05 8.311375278587037089e-05 2.018074055375906461e-03 5.454559180725491313e-03 2.664577507002248782e-03
