0.000000000000000000e+00 0.000000000000000000e+00 0.000000000000000000e+00 0.000000000000000000e+00 0.000000000000000000e+00 0.000000000000000000e+00 0.000000000000000000e+00 0.000000000000000000e+00 0.000000000000000000e+00 0.000000000000000000e+00
6.278331611264540346e-06 2.947529778262437285e-05 7.744902231335089093e-06 -6.544165679945714649e-05 2.194312517414397535e-05 2.178691080309451216e-04 2.618369530490563318e-04 1.726282534597446488e-04 2.030653462785465217e-04 1.289679668323284311e-04
1.255767773303332786e-05 5.895524805198676800e-05 1.547552804943882394e-05 -1.308868234675832456e-04 4.389836963296026565e-05 4.356321084405540955e-04 5.237495540408883656e-04 3.452849787820651186e-04 4.060916600928824523e-04 2.579769539428450028e-04
1.883810534031655950e-05 8.843986256146620702e-05 2.319180800431418172e-05 -1.963355327797653295e-04 6.586575687376293041e-05 6.532885475297973499e-04 7.857379874065471533e-04 5.179702290206994074e-04 6.090787605839296983e-04 3.870273584077208937e-04
2.511968183916973450e-05 1.179291530017921596e-04 3.089367218327056935e-05 -2.617878177576633760e-04 8.784531073339952483e-05 8.708379678414215463e-04 1.047802438803389696e-03 6.906840575192303754e-04 8.120264657993791916e-04 5.161195806347459005e-04
3.140247506029762725e-05 1.474231309919873999e-04 3.858105021636154802e-05 -3.272437116634525174e-04 1.098370553946237556e-04 1.088279908215173362e-03 1.309943095045246891e-03 8.634265179140853536e-04 1.014934592728704765e-03 6.452540243435389566e-04
3.768655326253903844e-05 1.769218080780817393e-04 4.625387127174040920e-05 -3.927032480020146467e-04 1.318410153897288796e-04 1.305613903746125634e-03 1.572160144113682323e-03 1.036197664139294110e-03 1.217802957294518646e-03 7.744310966028631997e-04
4.397198513680874071e-05 2.064251957310923207e-04 5.391206404997746118e-05 -4.581664605231637968e-04 1.538572156051451749e-04 1.522839485744055445e-03 1.834453775168918633e-03 1.208997550431038705e-03 1.420631374338392639e-03 9.036512078629109100e-04
5.025883981150870461e-05 2.359333053461341119e-04 6.155555677967825977e-05 -5.236333832232343069e-04 1.758856812857806395e-04 1.739956181691676212e-03 2.096824178563379097e-03 1.381826231332474722e-03 1.623419657611206452e-03 1.032914771995798462e-03
5.654718685545018605e-05 2.654461482406402146e-04 6.918427721175793668e-05 -5.891040503473516298e-04 1.979264380394467717e-04 1.956963515202218059e-03 2.359271545852005113e-03 1.554683761698526798e-03 1.826167619761700361e-03 1.162222206329232210e-03
6.283709628298692214e-05 2.949637356526354083e-04 7.679815261473823542e-05 -6.545784963918429471e-04 2.199795118411801463e-04 2.173861005975334399e-03 2.621796069806774532e-03 1.727570196700809173e-03 2.028875072323792217e-03 1.291573931686069944e-03
