0.000000000000000000e+00 0.000000000000000000e+00 0.000000000000000000e+00 0.000000000000000000e+00 0.000000000000000000e+00 0.000000000000000000e+00
-3.860915834029856437e-06 7.153809462780954035e-07 3.145534887838652214e-06 1.693672791200560271e-04 5.333942366372823292e-04 2.823707874780666911e-04
-7.855343941961205403e-06 1.368593984139920632e-06 6.486749957728152651e-06 3.380873495916522750e-04 1.066482880499981627e-03 5.656943763721223196e-04
-1.199893787027825790e-05 1.948328061393489669e-06 1.005060980884384976e-05 5.060303678714966977e-04 1.599250628047186283e-03 8.501159137817446360e-04
-1.631138199523629533e-05 2.440131151369539901e-06 1.387125084367596125e-05 6.730300303916426788e-04 2.131682097973630272e-03 1.135817084588938838e-03
-2.081798859220079816e-05 2.825250157475803193e-06 1.799273843497598439e-05 8.388700189310987912e-04 2.663762121324349513e-03 1.423029375835085193e-03
-2.555215281452950576e-05 3.078911812119298173e-06 2.247324100264538798e-05 1.003263909942468061e-03 3.195476205802763765e-03 1.712053703563503086e-03
-3.055925893423650273e-05 3.167695311471124603e-06 2.739156362320077678e-05 1.165824526450777703e-03 3.726811290439801562e-03 2.003290305636323994e-03
-3.590314020795356263e-05 3.045390498304043894e-06 3.285774971002288408e-05 1.326015632751232536e-03 4.257757025242512976e-03 2.297285767751304410e-03
-4.167726178620653711e-05 2.646204011925084925e-06 3.903105777476674107e-05 1.483072783870814171e-03 4.788308032949856186e-03 2.594809912142022508e-03
-4.802515115683839744e-05 1.873094859597526684e-06 4.615205629781134406e-05 1.635867523034812343e-03 5.318468144426119308e-03 2.896987364720040800e-03
