0.000000000000000000e+00 0.000000000000000000e+00 0.000000000000000000e+00 0.000000000000000000e+00 0.000000000000000000e+00 0.000000000000000000e+00
2.122496505048124106e-05 -5.944018861647653132e-07 -2.063056316440766604e-05 3.239900200400356776e-04 2.447449615329237303e-04 3.434363136178235202e-04
4.236945171325307257e-05 -1.195980593638016000e-06 -4.117347111955501634e-05 6.479765286477895837e-04 4.894807253928035867e-04 6.868853363396387919e-04
6.343337671309340526e-05 -1.804762689173991297e-06 -6.162861402384464129e-05 9.719594857961151363e-04 7.342073047530999928e-04 1.030347095020147600e-03
8.441665674235846622e-05 -2.420774875352830932e-06 -8.199588186696290756e-05 1.295938851159371885e-03 9.789247129028779467e-04 1.373821616696905461e-03
1.053192084886352229e-04 -3.044043980432197579e-06 -1.022751645078751964e-04 1.619914584223445956e-03 1.223632963130499721e-03 1.717308928595060510e-03
1.261409486347435209e-04 -3.674596959743392559e-06 -1.224663516749240207e-04 1.943886644284741581e-03 1.468332068724599940e-03 2.060809058128473207e-03
1.468817938611116051e-04 -4.312460895804538921e-06 -1.425693329653527144e-04 2.267854990449772248e-03 1.713022042974558616e-03 2.404322032903174512e-03
1.675416608447211498e-04 -4.957662999103785377e-06 -1.625839978453345977e-04 2.591819581632787053e-03 1.957702899168437156e-03 2.747847880716154829e-03
1.881204662601859321e-04 -5.610230609689509016e-06 -1.825102356503675860e-04 2.915780376555355234e-03 2.202374650594812831e-03 3.091386629556783228e-03
2.086181267813296979e-04 -6.270191197009802560e-06 -2.023479355841883477e-04 3.239737333743537492e-03 2.447037310543521450e-03 3.434938307609490191e-03
