0.000000000000000000e+00 0.000000000000000000e+00 0.000000000000000000e+00 0.000000000000000000e+00 0.000000000000000000e+00 0.000000000000000000e+00
3.394827724313538002e-06 2.267317072238767546e-06 -1.118969746330255890e-05 3.762837303927455275e-05 3.499573857767718796e-04 1.181602427327282657e-04
6.787451456817549326e-06 4.567952452317968577e-06 -2.238645232214771274e-05 7.526187088292935292e-05 6.999652643382214346e-04 2.362323893475807982e-04
1.017764607094551261e-05 6.902250779760208929e-06 -3.359054342531889940e-05 1.129022048364016357e-04 1.050023633367590768e-03 3.542146749654005136e-04
1.356517176393440811e-05 9.270552225528693016e-06 -4.480226485943432054e-05 1.505511696953662818e-04 1.400132492744240271e-03 4.721052488151574497e-04
1.694977315454134186e-05 1.167319127501390416e-05 -5.602192671157200026e-05 1.882106475124412505e-04 1.750291842392041062e-03 5.899021753707600190e-04
2.033117831347294407e-05 1.411049583533608242e-05 -6.724985605291877060e-05 2.258826123538797105e-04 2.100501682260766823e-03 7.076034298299025815e-04
2.370909772651608123e-05 1.658278626607767527e-05 -7.848639798987232089e-05 2.635691353552361443e-04 2.450762012309811149e-03 8.252068933077539269e-04
2.708322318924852063e-05 1.909037432887693178e-05 -8.973191678538722867e-05 3.012723900991869466e-04 2.801072832488032439e-03 9.427103477309592937e-04
3.045322662463210013e-05 2.163356204836506128e-05 -1.009867970581136416e-04 3.389946583343547096e-04 3.151434142712823596e-03 1.060111470404738465e-03
3.381875881981291393e-05 2.421264047636824157e-05 -1.122514450630701042e-04 3.767383360647712232e-04 3.501845942849342395e-03 1.177407828232585486e-03
