0.000000000000000000e+00 0.000000000000000000e+00 0.000000000000000000e+00 0.000000000000000000e+00 0.000000000000000000e+00 0.000000000000000000e+00 0.000000000000000000e+00 0.000000000000000000e+00 0.000000000000000000e+00 0.000000000000000000e+00
6.586078925647543164e-06 2.882996193301396162e-07 6.216812285540904140e-07 3.959607722111889260e-07 -1.504143869155954526e-05 7.885492326614183041e-05 8.277007202874019955e-05 1.244429625824203191e-04 1.506522572389638881e-04 1.874558235039489246e-04
1.317064601890362704e-05 5.773626488096237373e-07 1.244537043037533214e-06 7.941882415344726727e-07 -3.007647761206797910e-05 1.576915279848593702e-04 1.655402075824021044e-04 2.488896460046347361e-04 3.013159518802865314e-04 3.749194664568295215e-04
1.975370213326644382e-05 8.671950648619532453e-07 1.868574081612808528e-06 1.194689929887377940e-06 -4.510511247269665227e-05 2.365097491905299078e-04 2.483104092168701466e-04 3.733400509479977195e-04 4.519910866395365854e-04 5.623909837809733117e-04
2.633524812546179458e-05 1.157802881454560575e-06 2.493799023666144938e-06 1.597473402188518435e-06 -6.012733896940316024e-05 3.153095214956186604e-04 3.310806795078943777e-04 4.977941780984292044e-04 6.026776642165816147e-04 7.498704307839328597e-04
3.291528485582941423e-05 1.449192150832098630e-06 3.120218590722825827e-06 2.002546267717099899e-06 -7.514315278240874928e-05 3.940907790889083395e-04 4.138510210504136558e-04 6.222520281448077782e-04 7.533756872955941651e-04 9.373578631709252431e-04
3.949381318803640839e-05 1.741368963906814976e-06 3.747839546735494824e-06 2.409916179411931530e-06 -9.015254957682605091e-05 4.728534557283537300e-04 4.966214364586806537e-04 7.467136017787779365e-04 9.040851585426717225e-04 1.124853337043361413e-03
4.607083398922766446e-05 2.034339450150865787e-06 4.376668697629997073e-06 2.819590835009391024e-06 -1.051555250018287185e-04 5.515974847400224521e-04 5.793919283664463902e-04 8.711788996965173868e-04 1.054806080607374871e-03 1.312356908905335526e-03
5.264634813035943010e-05 2.328109778459824007e-06 5.006712893162565035e-06 3.231577977047180321e-06 -1.201520746911567672e-04 6.303227990138227706e-04 6.621624994280946854e-04 9.956479225967759979e-04 1.205538456122063869e-03 1.499868635666220303e-03
5.922035648546508137e-05 2.622686157091634536e-06 5.637979025695745764e-06 3.645885393305174068e-06 -1.351421942625606967e-04 7.090293310004458201e-04 7.449331523168358253e-04 1.120120671180968499e-03 1.356282287700150265e-03 1.687388574643059001e-03
6.579285993238382854e-05 2.918074834136112308e-06 6.270474031505050876e-06 4.062520916700755147e-06 -1.501258793180632175e-04 7.877170127053708878e-04 8.277038897268328447e-04 1.244597146155434824e-03 1.507037577938980010e-03 1.874916783565498636e-03
