0.000000000000000000e+00 0.000000000000000000e+00 0.000000000000000000e+00 0.000000000000000000e+00 0.000000000000000000e+00 0.000000000000000000e+00 0.000000000000000000e+00 0.000000000000000000e+00 0.000000000000000000e+00 0.000000000000000000e+00
9.326917277287440105e-06 3.961665689038836524e-07 4.882006392402282112e-07 2.998274678174239332e-07 -1.315828450845258072e-05 1.123579404996981221e-04 1.365615837810784056e-04 9.145445937431143980e-05 1.236679628572314121e-04 1.635937446295382771e-04
1.865029788406275278e-05 7.926839988858404222e-07 9.773849745090363859e-07 6.011881382736655662e-07 -2.631245329175432618e-05 2.246916459426054281e-04 2.731352215847322588e-04 1.829057349180108582e-04 2.473428926150636280e-04 3.271999032818534176e-04
2.797014127399155391e-05 1.189557037033692765e-06 1.467557718244949515e-06 9.040875098133539193e-07 -3.946250504721994284e-05 3.370010461939277192e-04 4.097209169782699278e-04 2.743538248209716353e-04 3.710247924550893052e-04 4.908185383046850770e-04
3.728644689965630074e-05 1.586790464283229949e-06 1.958723615567713023e-06 1.208531116364959559e-06 -5.260843846786135886e-05 4.492860706755231266e-04 5.463186735464002500e-04 3.657987272691101384e-04 4.947136655552119948e-04 6.544497124632415964e-04
4.659921421200425342e-05 1.984389095987951221e-06 2.450887443548181076e-06 1.514524527181705715e-06 -6.575025224309992802e-05 5.615466483618600842e-04 6.829284948899329256e-04 4.572404404444202269e-04 6.184095150863387017e-04 8.180934889486510871e-04
5.590844266109136983e-05 2.382357782689881873e-06 2.944054012437207011e-06 1.822073347661020993e-06 -7.888794505805236913e-05 6.737827077798751218e-04 8.195503846233055884e-04 5.486789625264925719e-04 7.421123442134104457e-04 9.817499313802024227e-04
6.521413169572065638e-05 2.780701409408428104e-06 3.438228165206349890e-06 2.131183219260932132e-06 -9.202151559417451104e-05 7.859941770018411726e-04 9.561843463783829041e-04 6.401142916904618277e-04 8.658221560930040063e-04 1.145419103809649196e-03
7.451628076305640209e-05 3.179424897119768342e-06 3.933414778642267321e-06 2.441859819497382307e-06 -1.051509625290621044e-04 8.981809836458243485e-04 1.092830383801724923e-03 7.315464261094661988e-04 9.895389538746629434e-04 1.309101070725331205e-03
8.381488930967938517e-05 3.578533202216251400e-06 4.429618762527592251e-06 2.754108863102456352e-06 -1.182762845359093101e-04 1.010343054867106436e-03 1.229488500556168065e-03 8.229753639523882877e-04 1.113262740700593370e-03 1.472795897054182289e-03
9.310995678021602808e-05 3.978031316958823889e-06 4.926845061252545281e-06 3.067936101458422992e-06 -1.313974802842748642e-04 1.122480317357426498e-03 1.366158700321133896e-03 9.144011033844482621e-04 1.236993519704834106e-03 1.636503648167848693e-03
