0.000000000000000000e+00 0.000000000000000000e+00 0.000000000000000000e+00 0.000000000000000000e+00 0.000000000000000000e+00 0.000000000000000000e+00 0.000000000000000000e+00 0.000000000000000000e+00
5.819010168649430470e-06 -8.640137666928749312e-07 1.107547171494555958e-06 -6.373900342253711616e-06 8.418142127567170843e-05 2.708302264138468798e-04 2.258336327274174614e-04 9.153739320336433307e-05
1.163201270061025048e-05 -1.732276730422493676e-06 2.220795108934124051e-06 -1.274240733517937299e-05 1.682928032294429268e-04 5.417039431743872653e-04 4.517049864683520292e-04 1.830415298680837066e-04
1.743901029532953732e-05 -2.604804013133965967e-06 3.339785428325634043e-06 -1.910551683868818776e-05 2.523338695646273736e-04 8.126212084957606116e-04 6.776141215366171359e-04 2.745124793418519406e-04
2.324000575372501558e-05 -3.481610690045468167e-06 4.464560317573422182e-06 -2.546322461788424590e-05 3.363043404763660111e-04 1.083582081218547113e-03 9.035610982543013873e-04 3.659503131790846396e-04
2.903500198906900710e-05 -4.362711781560851037e-06 5.595162544569126406e-06 -3.181552634551037536e-05 4.202039327045901723e-04 1.354586620725097045e-03 1.129545976914681123e-03 4.573551052800751862e-04
3.482400203074540823e-05 -5.248122247626948070e-06 6.731635468708396070e-06 -3.816241759917526964e-05 5.040323594646686041e-04 1.625634886953573020e-03 1.355568817775453828e-03 5.487269319467360683e-04
4.060700902686683879e-05 -6.137856982823211994e-06 7.874023052267132693e-06 -4.450389385894690621e-05 5.877893303823662329e-04 1.896726940401063932e-03 1.581629681053199708e-03 6.400658719434083096e-04
4.638402624800563574e-05 -7.031930809820623114e-06 9.022369872447945946e-06 -5.083995050402560442e-05 6.714745514190043453e-04 2.167862842136529782e-03 1.807728626917911446e-03 7.313720065590932108e-04
5.215505709028359570e-05 -7.930358473678150613e-06 1.017672113347503960e-05 -5.717058280962473516e-05 7.550877248048195592e-04 2.439042653808042201e-03 2.033865715487437244e-03 8.226454196695852112e-04
5.792010507931845723e-05 -8.833154635793534617e-06 1.133712267948218033e-05 -6.349578594412884401e-05 8.386285489610467670e-04 2.710266437653189968e-03 2.260041006820950014e-03 9.138861978022107388e-04
