0.000000000000000000e+00 0.000000000000000000e+00 0.000000000000000000e+00 0.000000000000000000e+00 0.000000000000000000e+00 0.000000000000000000e+00 0.000000000000000000e+00 0.000000000000000000e+00
6.913108091821755531e-06 -2.693678892455848166e-07 1.748481591679603860e-07 -1.546932514099633816e-05 8.830508969938336721e-05 1.068884065124568993e-04 2.497278246425874409e-04 2.063727661913982727e-04
1.382594337837807619e-05 -5.370576900167472751e-07 3.497665164968022960e-07 -3.092485849993276164e-05 1.766061264249378432e-04 2.137703401259412274e-04 4.994970919123981621e-04 4.127268378887260993e-04
2.073852427050142561e-05 -8.030498373576122533e-07 5.247519862894825507e-07 -4.636656523251886711e-05 2.649031800996041563e-04 3.206457685500198936e-04 7.493078312531079596e-04 6.190622009501285834e-04
2.765086939188771283e-05 -1.067324583382657993e-06 6.998014490002677897e-07 -6.179441015736064234e-05 3.531963218099367827e-04 4.275146591844536446e-04 9.991600724953860185e-04 8.253788402232077256e-04
3.456299757962822306e-05 -1.329861993966659677e-06 8.749117547226249308e-07 -7.720835777468440053e-05 4.414856237637845263e-04 5.343769791247653502e-04 1.249053845696283587e-03 1.031676739796568657e-03
4.147492788636352503e-05 -1.590641946720069458e-06 1.050079722186272115e-06 -9.260837226317141142e-05 5.297711593154555290e-04 6.412326951609897963e-04 1.498989181145133449e-03 1.237955882982369081e-03
4.838667958384069263e-05 -1.849644129728072603e-06 1.225302137753659810e-06 -1.079944174761766581e-04 6.180530029871003942e-04 7.480817737696741432e-04 1.748966109364182009e-03 1.444216252295540915e-03
5.529827216486362870e-05 -2.106848040179812899e-06 1.400575755159723327e-06 -1.233664569383640156e-04 7.063312304925452268e-04 8.549241811128946086e-04 1.998984661113780564e-03 1.650457829433297358e-03
6.220972534677931718e-05 -2.362232982223224113e-06 1.575897294090836820e-06 -1.387244538417491569e-04 7.946059187626155606e-04 9.617598830308637806e-04 2.249044867395038998e-03 1.856680595254512657e-03
6.912105907423641963e-05 -2.615778065888071650e-06 1.751263439668999017e-06 -1.540683710419085044e-04 8.828771459688456369e-04 1.068588845039301644e-03 2.499146759454760197e-03 2.062884529758693582e-03
