0.000000000000000000e+00 0.000000000000000000e+00 0.000000000000000000e+00 0.000000000000000000e+00 0.000000000000000000e+00 0.000000000000000000e+00 0.000000000000000000e+00 0.000000000000000000e+00
-7.935621524418224880e-07 -1.208041246056648534e-06 3.217158762382456127e-07 -1.050685389749231004e-05 -6.551526265181086075e-06 6.643550497054473230e-05 3.879527290641702022e-04 1.522853465869713585e-04
-1.585847646669223116e-06 -2.414526915021230710e-06 6.441789437708068301e-07 -2.100175072887071538e-05 -1.312051495716939636e-05 1.328511500466801512e-04 7.759826707193205088e-04 3.045338841898951351e-04
-2.376836798656022067e-06 -3.619436962157581223e-06 9.673800920062032858e-07 -3.148467331669189002e-05 -1.970687746856507024e-05 1.992468986196547988e-04 1.164089777403252762e-03 4.567456934283205608e-04
-3.166509703869283052e-06 -4.822751150611714329e-06 1.291309948360043117e-06 -4.195560416163546149e-05 -2.631052376358795165e-05 2.656227134848952146e-04 1.552274001935549132e-03 6.089208541281291090e-04
-3.954846237210306987e-06 -6.024449047883706100e-06 1.615958877141225884e-06 -5.241452546777723779e-05 -3.293136240913635180e-05 3.319785568207134240e-04 1.940535297329044808e-03 7.610594456508632368e-04
-4.741826049587280141e-06 -7.224510022815677658e-06 1.941316972343314838e-06 -6.286141913860829485e-05 -3.956930055026779245e-05 3.983143901833854743e-04 2.328873616796693982e-03 9.131615468771199853e-04
-5.527428565480610703e-06 -8.422913244708664653e-06 2.267374051478095555e-06 -7.329626677260946653e-05 -4.622424387445612815e-05 4.646301744930711984e-04 2.717288913753126978e-03 1.065227236188473698e-03
-6.311632979223270412e-06 -9.619637681397188973e-06 2.594119648334543694e-06 -8.371904965975997650e-05 -5.289609658333704792e-05 5.309258700274781381e-04 3.105781141819777009e-03 1.217256591451840956e-03
-7.094418252850865699e-06 -1.081466209717286590e-05 2.921543006449654474e-06 -9.412974877714854036e-05 -5.958476136004817880e-05 5.972014364106223785e-04 3.494350254830400505e-03 1.369249689999725442e-03
-7.875763112177796519e-06 -1.200796505114606196e-05 3.249633071556415505e-06 -1.045283447847954129e-04 -6.629013933641519896e-05 6.634568326024562574e-04 3.882996206832649635e-03 1.521206608612712518e-03
