0.000000000000000000e+00 0.000000000000000000e+00 0.000000000000000000e+00 0.000000000000000000e+00 0.000000000000000000e+00 0.000000000000000000e+00
1.226116194534886994e-05 -7.499234797242906221e-07 -1.177347620398733060e-05 1.278167702111547533e-04 3.513993902781357786e-04 1.230262197660303631e-04
2.452586392879560503e-05 -1.521850429344241661e-06 -2.355509596859655492e-05 2.556103542166630275e-04 7.028684412230062038e-04 2.459387862647965592e-04
3.679390596128904588e-05 -2.316507574765757088e-06 -3.534517859761426509e-05 3.833821295141826729e-04 1.054407141974382381e-03 3.687361248380631603e-04
4.906507270500108940e-05 -3.134652579575992422e-06 -4.714405951450597525e-05 5.111335434312968022e-04 1.406015483568242349e-03 4.914165852009653220e-04
6.133913238812744163e-05 -3.977075604385927292e-06 -5.895209121264774639e-05 6.388661193135916454e-04 1.757693457093195168e-03 6.139784392847635625e-04
7.361583572348758442e-05 -4.844601084854707355e-06 -7.076964434326191915e-05 7.665814611065666778e-04 2.109441053694104812e-03 7.364198766058288170e-04
8.589491474671155234e-05 -5.738089627609972059e-06 -8.259710888315636567e-05 8.942812582588048837e-04 2.461258264578507129e-03 8.587389993030147438e-04
9.817608156891637885e-05 -6.658440036456250515e-06 -9.443489538835412927e-05 1.021967290976359037e-03 2.813145081021694530e-03 9.809338168248486669e-04
1.104590270361183467e-04 -7.606591478068280116e-06 -1.062834363419122130e-04 1.149641435856461240e-03 3.165101494372292695e-03 1.103002240230750285e-03
1.227434192872036713e-04 -8.583525797905132995e-06 -1.181431876025112679e-04 1.277305671928653406e-03 3.517127496059358188e-03 1.224942076079865196e-03
