0.000000000000000000e+00 0.000000000000000000e+00 0.000000000000000000e+00 0.000000000000000000e+00 0.000000000000000000e+00 0.000000000000000000e+00
-1.018090151295086118e-05 2.047530900538064964e-05 -3.971493378665963560e-05 -9.108233331871276584e-05 3.902033449755630263e-04 3.816855494075570895e-04
-2.036124853871632101e-05 4.135879854402159015e-05 -7.952272770405379658e-05 -1.823980746527730965e-04 7.808532045551013455e-04 7.625630277141434363e-04
-3.054201653958452806e-05 6.265699124216082632e-05 -1.194264780350246012e-04 -2.739319800077943609e-04 1.171953335156177868e-03 1.142606645029941356e-03
-4.072434072089179292e-05 8.437638578835160213e-05 -1.594294758440366669e-04 -3.656674806356741852e-04 1.563507484484953245e-03 1.521789403935951699e-03
-5.090953233126836361e-05 1.065234407111367160e-04 -1.995352234236984397e-04 -4.575865826543023076e-04 1.955519389301987095e-03 1.900083022178472060e-03
-6.109909653020573661e-05 1.291045562166784040e-04 -2.397474522650820271e-04 -5.496697583042743250e-04 2.347992773069064194e-03 2.277457849185830253e-03
-7.129475198023616249e-05 1.521260538747153037e-04 -2.800701427064008890e-04 -6.418958280587565117e-04 2.740931343470571265e-03 2.653882775826043369e-03
-8.149845234133470224e-05 1.755941539139214838e-04 -3.205075454306204139e-04 -7.342418327074184872e-04 3.134338789797815224e-03 3.029325136756720778e-03
-9.171240986525777347e-05 1.995149498606039909e-04 -3.610642050061818684e-04 -8.266828944450521199e-04 3.528218780190103994e-03 3.403750604649844608e-03
-1.019391213072195872e-04 2.238943802281121061e-04 -4.017449856824643548e-04 -9.191920658826966415e-04 3.922574958720976591e-03 3.777123075492778547e-03
