0.000000000000000000e+00 0.000000000000000000e+00 0.000000000000000000e+00 0.000000000000000000e+00 0.000000000000000000e+00 0.000000000000000000e+00 0.000000000000000000e+00 0.000000000000000000e+00 0.000000000000000000e+00 0.000000000000000000e+00
-2.670288929276820581e-06 -4.355365542406375483e-07 5.574061408129379522e-07 7.398066834484403023e-07 -9.546413547128605753e-06 -2.781003493052806405e-05 1.203291535438684252e-05 2.087185213644311905e-04 2.587632628423328757e-04 1.221578197004384288e-04
-5.341298305534083175e-06 -8.701356382536694675e-07 1.114117495209882580e-06 1.484168829341031157e-06 -1.908217193760765315e-05 -5.564281380051196401e-05 2.404840070756796453e-05 4.174750559192987563e-04 5.175830447116090433e-04 2.442445958649755943e-04
-8.013027041007151843e-06 -1.303795380079105768e-06 1.670136699203254597e-06 2.233094503843434668e-06 -2.860726198256264676e-05 -8.349833550803666918e-05 3.604645375925494256e-05 6.262696801189292098e-04 7.764593947110120988e-04 3.662601603004723115e-04
-1.068547402544862732e-05 -1.736513909911771644e-06 2.225466399643623804e-06 2.986591783505213510e-06 -3.812167041883032402e-05 -1.113765986498962285e-04 4.802707215275320654e-05 8.351024707000631294e-04 1.035392362222227036e-03 4.882043438165026153e-04
-1.335863812625430969e-05 -2.168289359796809505e-06 2.780109256318998940e-06 3.744668755192399475e-06 -4.762538391434216283e-05 -1.392776015109263425e-04 5.999025352256878973e-05 1.043973504667656746e-03 1.294381996823385384e-03 6.100769762862239334e-04
-1.603251818681846160e-05 -2.599119863666736878e-06 3.334067939669971547e-06 4.507333516018092681e-06 -5.711838906801560903e-05 -1.672013420580092371e-04 7.193599549523928326e-05 1.252882859294282515e-03 1.553428348288752149e-03 7.318778866382857125e-04
-1.870711302672886469e-05 -3.029003557103417869e-06 3.887345132526241938e-06 5.274594173229288650e-06 -6.660067240828778778e-05 -1.951478179373122889e-04 8.386429568732114016e-05 1.461830612123355810e-03 1.812531466590980734e-03 8.536069028495836411e-04
-2.138242144166733384e-05 -3.457938577783574118e-06 4.439943529791477196e-06 6.046458844035862358e-06 -7.607222039357933543e-05 -2.231170264668759983e-04 9.577515170770206177e-05 1.670816840967751047e-03 2.071691401903386943e-03 9.752638519394326048e-04
-2.405844220293779285e-05 -3.885923065583411365e-06 4.991865837449948207e-06 6.822935655258665006e-06 -8.553301941166300084e-05 -2.511089646354624323e-04 1.076685611546420270e-04 1.879841623911538036e-03 2.330908204598778049e-03 1.096848559960073846e-03
-2.673517405696278272e-05 -4.312955162653478105e-06 5.543114773921701058e-06 7.604032743827960559e-06 -9.498305577868383154e-05 -2.791236290945321003e-04 1.195445216185509710e-04 2.088905039311525231e-03 2.590181925252719054e-03 1.218360851990982468e-03
