0.000000000000000000e+00 0.000000000000000000e+00 0.000000000000000000e+00 0.000000000000000000e+00 0.000000000000000000e+00 0.000000000000000000e+00 0.000000000000000000e+00 0.000000000000000000e+00
8.076796537825156567e-06 -1.369450755581464782e-07 2.969053579139404193e-07 -1.657627198728608213e-05 1.039602043297680449e-04 1.479810854952615779e-04 2.419852501121334050e-04 2.208106132614279628e-04
1.615194690952900268e-05 -2.712701908884722549e-07 5.948881710123357490e-07 -3.313759580830056222e-05 2.079006364966349239e-04 2.959625246376063989e-04 4.840097412656988677e-04 4.416162623495800839e-04
2.422547236917812130e-05 -4.029370658386584130e-07 8.939601432156073482e-07 -4.968392597585251190e-05 3.118212221298584472e-04 4.439443029601549458e-04 7.260734971546387853e-04 6.624170719396649427e-04
3.229739449518111616e-05 -5.319068778983150782e-07 1.194133264583939109e-06 -6.621521647764610022e-05 4.157218856276162456e-04 5.919264059835831204e-04 9.681765416626389583e-04 8.832131679734300756e-04
4.036773519467265275e-05 -6.581402496944470482e-07 1.495419823317997053e-06 -8.273142079339899056e-05 5.196025500741386673e-04 7.399088192318848626e-04 1.210318898676683141e-03 1.104004677979291207e-03
4.843651670946959916e-05 -7.815972403316443200e-07 1.797832412651782761e-06 -9.923249188726376412e-05 6.234631372110932806e-04 8.878915282329804962e-04 1.452500592087811737e-03 1.324791731099638154e-03
5.650376162181230011e-05 -9.022373345255836543e-07 2.101383938487399571e-06 -1.157183821995352505e-04 7.273035674101457774e-04 1.035874518522106108e-03 1.694721645789190080e-03 1.545574458119635189e-03
6.456949286143913165e-05 -1.020019432727569699e-06 2.406087627448681653e-06 -1.321890436381789851e-04 8.311237596412586600e-04 1.183857775641138955e-03 1.936982083672537719e-03 1.766352991496937183e-03
7.263373371125907401e-05 -1.134901840369968568e-06 2.711957033654692018e-06 -1.486444275706687800e-04 9.349236314454041500e-04 1.331841285141729296e-03 2.179281929629474888e-03 1.987127465391525221e-03
8.069650781419797402e-05 -1.246842257537548226e-06 3.019006048015952321e-06 -1.650844848154883672e-04 1.038703098903452464e-03 1.479825032588536621e-03 2.421621207547420759e-03 2.207898015696715000e-03
