0.000000000000000000e+00 0.000000000000000000e+00 0.000000000000000000e+00 0.000000000000000000e+00 0.000000000000000000e+00 0.000000000000000000e+00 0.000000000000000000e+00 0.000000000000000000e+00 0.000000000000000000e+00 0.000000000000000000e+00
1.354518259566960241e-05 1.226900203169975428e-07 4.200408510924107233e-07 2.153385277258127634e-07 -1.245203805556930783e-05 1.673415393270061735e-04 1.559779982469296851e-04 1.692746377368578895e-04 1.393038463643692321e-04 1.537273202849556892e-04
2.708446372218210017e-05 2.438835718419208065e-07 8.400573152543073163e-07 4.316906895738513032e-07 -2.489928393702941603e-05 3.346735307666356247e-04 3.119649386357775797e-04 3.385595569715973106e-04 2.786133494790765750e-04 3.074455735135384667e-04
4.061784179147372669e-05 3.635787480587457469e-07 1.260048633227083949e-06 6.490562487640355355e-07 -3.734173762921117747e-05 5.019959716720269992e-04 4.679608239204630636e-04 5.078547587451104350e-04 4.179285126933926509e-04 4.611547541589642511e-04
5.414531521087751821e-05 4.817736355866757280e-07 1.680014040570219309e-06 8.674349639278274327e-07 -4.977939912065767873e-05 6.693088593999141573e-04 6.239656568566238687e-04 6.771602440986487391e-04 5.572493393627488438e-04 6.148548566769977512e-04
6.766688238288186199e-05 5.984663130459874874e-07 2.099952767317923321e-06 1.086826588849556903e-06 -6.221226840330167974e-05 8.366121913170901326e-04 7.799794402001975629e-04 8.464760140723787650e-04 6.965758328459522013e-04 7.685458755059537943e-04
8.118254170554556955e-05 7.136548512718936146e-07 2.519864038231659696e-06 1.307230872422887260e-06 -7.464034547344662032e-05 1.003905964799277394e-03 9.360021767075719836e-04 1.015802069707015661e-03 8.359079965075406470e-04 9.222278050681419984e-04
9.469229157208042496e-05 8.273373134930882023e-07 2.939747072657185404e-06 1.528647558911586178e-06 -8.706363033110622917e-05 1.171190177231519729e-03 1.092033869134111101e-03 1.185138412043417475e-03 9.752458337155145039e-04 1.075900639768536836e-03
1.081961303712457057e-04 9.395117549751807041e-07 3.359601084572428362e-06 1.751076387350769106e-06 -9.948212297996499118e-05 1.338464826008822686e-03 1.248074520236934536e-03 1.354485042119811435e-03 1.114589347843425969e-03 1.229564373994718055e-03
1.216940564868593158e-04 1.050176223130848334e-06 3.779425282176779793e-06 1.974517092004328406e-06 -1.118958234280634310e-04 1.505729908535547281e-03 1.404124132772630647e-03 1.523841960976716342e-03 1.253938542268736439e-03 1.383219002117036999e-03
1.351860682984809688e-04 1.159328757675983203e-06 4.199218868716856484e-06 2.198969401872974920e-06 -1.243047316869798249e-04 1.672985422225756191e-03 1.560182709496657624e-03 1.693209169653520172e-03 1.393293420373812024e-03 1.536864518489103847e-03
