0.000000000000000000e+00 0.000000000000000000e+00 0.000000000000000000e+00 0.000000000000000000e+00 0.000000000000000000e+00 0.000000000000000000e+00
1.732763822668517711e-05 -5.196302789299327013e-07 -1.711110581919511446e-05 1.792038213397764224e-04 3.104995274589343276e-04 1.834386939483231089e-04
3.467022779694464262e-05 -1.044925274824901600e-06 -3.423108759519715279e-05 3.582803093391746015e-04 6.210894692503176554e-04 3.667894923751443604e-04
5.202806077712029254e-05 -1.575854765583860386e-06 -5.135999000160054891e-05 5.372283140932626296e-04 9.317699290669849551e-04 5.500526687285529860e-04
6.940143845466262718e-05 -2.112380807189105858e-06 -6.849785170082675915e-05 7.160466396186265315e-04 1.242541014281065698e-03 7.332285283683341592e-04
8.679067166417024637e-05 -2.654456834064222532e-06 -8.564470470106722998e-05 8.947340469576240980e-04 1.553402832686881204e-03 9.163174129373654426e-04
1.041960813743514743e-04 -3.202026913315339049e-06 -1.028005737931563722e-04 1.073289251635559018e-03 1.864355492501913215e-03 1.099319702847034773e-03
1.216179993214042707e-04 -3.755024939707477056e-06 -1.199654759436637197e-04 1.251710920930436790e-03 2.175399102371371098e-03 1.282235819947985652e-03
1.390567686925794834e-04 -4.313373759392463678e-06 -1.371394196347847550e-04 1.429997670935391355e-03 2.486533771368078325e-03 1.465066230414203453e-03
1.565127448639796136e-04 -4.876984219501466895e-06 -1.543224041523706452e-04 1.608148063396541488e-03 2.797759608997764033e-03 1.647811447843756114e-03
1.739862961997035965e-04 -5.445754135392736760e-06 -1.715144188116675275e-04 1.786160602308334028e-03 3.109076725197959957e-03 1.830472036605651975e-03
