0.000000000000000000e+00 0.000000000000000000e+00 0.000000000000000000e+00 0.000000000000000000e+00 0.000000000000000000e+00 0.000000000000000000e+00 0.000000000000000000e+00 0.000000000000000000e+00 0.000000000000000000e+00 0.000000000000000000e+00
6.433722634413169610e-06 -1.262595636831040372e-07 6.199070883552177405e-07 5.730901848811302959e-07 -6.433599382414843908e-06 8.267882035913493586e-05 1.537985179545705574e-04 2.200085394692082356e-04 1.326886908852296693e-04 8.362836524145720219e-05
1.286331367155638236e-05 -2.543016750808599707e-07 1.240257888325823431e-06 1.148095698797630944e-06 -1.286375222911222320e-05 1.653279693522705692e-04 3.076075058547893693e-04 4.400511362456780481e-04 2.653761246002312303e-04 1.672380167244803351e-04
1.928877292322597400e-05 -3.841261197915017216e-07 1.861053683781052970e-06 1.725018593611428618e-06 -1.929045868110984126e-05 2.479474192008804321e-04 4.614269783732487598e-04 6.601278022457761482e-04 3.980622934132504813e-04 2.508289596187514097e-04
2.571010019808093463e-05 -5.157326729805413585e-07 2.482295767282773833e-06 2.303860933557212717e-06 -2.571371887750303312e-05 3.305371419733149911e-04 6.152569502235656369e-04 8.802385494102601092e-04 5.307471895722358718e-04 3.344011991852489821e-04
3.212729530347862981e-05 -6.491210996552831586e-07 3.103985441331753446e-06 2.884624793930302137e-06 -3.213353295640615867e-05 4.130971095988124125e-04 7.690974361660198044e-04 1.100383389691290655e-03 6.634308053037095768e-04 4.179547407762146242e-04
3.854035804446309004e-05 -7.842911541302289278e-07 3.726124017628223138e-06 3.467312261806502566e-06 -3.854990105449390979e-05 4.956272938642919531e-04 9.229484510058322223e-04 1.320562335052868214e-03 7.961131328146568275e-04 5.014895898370994465e-04
4.494928822477630711e-05 -9.212425807759266997e-07 4.348712817440046093e-06 4.051925436071700129e-06 -4.496282330689038969e-05 5.781276664144647387e-04 1.076810009594648086e-03 1.540775397469585761e-03 9.287941642897426563e-04 5.850057519060430575e-04
5.135408564560717997e-05 -1.059975112583335017e-06 4.971753172165169253e-06 4.638466427022902089e-06 -5.137229984741000568e-05 6.605981987507891350e-04 1.230682126831402672e-03 1.761022588929477993e-03 1.061473891893476235e-03 6.685032326177256252e-04
5.775475010723806548e-05 -1.200488472500396030e-06 5.595246422040219946e-06 5.226937357233977366e-06 -5.777833080847814622e-05 7.430388622285698024e-04 1.384564817660680937e-03 1.981303921431106993e-03 1.194152307768747093e-03 7.519820377006136789e-04
6.415128140743910209e-05 -1.342782372206355952e-06 6.219193917927386258e-06 5.817340361386878444e-06 -6.418091632093121343e-05 8.254496280572421905e-04 1.538458097073478956e-03 2.201619406984297971e-03 1.326829404037177052e-03 8.354421729816294967e-04
