0.000000000000000000e+00 0.000000000000000000e+00 0.000000000000000000e+00 0.000000000000000000e+00 0.000000000000000000e+00 0.000000000000000000e+00
2.106866881850711666e-05 6.308480840141423787e-08 -1.763462413458393116e-05 2.304407479798385445e-04 2.876592195700493760e-04 1.810102921975761156e-04
4.214895871666171287e-05 1.211816111987330914e-07 -3.528865603821761777e-05 4.607640576217908652e-04 5.754116821819324273e-04 3.618913733983067762e-04
6.324100509303534113e-05 1.740660751532011807e-07 -5.296245730668358841e-05 6.909695587499383980e-04 8.632575787269007985e-04 5.426422016956357515e-04
8.434493988191574894e-05 2.215042550235976973e-07 -7.065639849763587265e-05 9.210568905667406445e-04 1.151197104061683820e-03 7.232617055787128602e-04
1.054608910636759938e-04 2.632520897828979805e-07 -8.837085932970850210e-05 1.151025706400001826e-03 1.439230453768118242e-03 9.037487865341246223e-04
1.265889823103935781e-04 2.990548689512463731e-07 -1.061062290926489889e-04 1.380875674844565804e-03 1.727357824157442490e-03 1.084102317738602122e-03
1.477293326060706775e-04 3.286466664151937371e-07 -1.238629070808048378e-04 1.610606480990531579e-03 2.015579412276863238e-03 1.264321142659045058e-03
1.688820558392866182e-04 3.517497353902315213e-07 -1.416413030569590255e-04 1.840217827738358652e-03 2.303895415914822362e-03 1.444404073558534524e-03
1.900472603659332320e-04 3.680738628407879520e-07 -1.594418377450250370e-04 2.069709437214727835e-03 2.592306033608643596e-03 1.624349889900702799e-03
2.112250485397832475e-04 3.773156792393998754e-07 -1.772649433559737972e-04 2.299081052296491484e-03 2.880811464647299851e-03 1.804157336639196146e-03
