0.000000000000000000e+00 0.000000000000000000e+00 0.000000000000000000e+00 0.000000000000000000e+00 0.000000000000000000e+00 0.000000000000000000e+00 0.000000000000000000e+00 0.000000000000000000e+00 0.000000000000000000e+00 0.000000000000000000e+00
4.828994243752361164e-06 -1.066613667825457967e-07 6.553865876150368185e-07 5.893473081488839295e-07 -6.392377137375894118e-06 6.230892246249521127e-05 1.338589655307393365e-04 2.087494761275303498e-04 1.236616319514982187e-04 8.343346447259290008e-05
9.654951960650867850e-06 -2.145032752107921330e-07 1.311481258125346105e-06 1.180646199000353375e-06 -1.278179327417683435e-05 1.245898962976164849e-04 2.677227225479956877e-04 4.175285236166680547e-04 2.473238721791360187e-04 1.668561122611123557e-04
1.447787296553712814e-05 -3.235238792041026110e-07 1.968287017369886672e-06 1.773899837042735155e-06 -1.916824915765571959e-05 1.868428813792912175e-04 4.015912770702991831e-04 6.263371484676500973e-04 3.709867169048957063e-04 2.502679749348157476e-04
1.929775706934734887e-05 -4.337213142257594770e-07 2.625806892114108395e-06 2.369111406377442098e-06 -2.555174553670905180e-05 2.490678373253259431e-04 5.354646351420829517e-04 8.351753566877824584e-04 4.946501623298435934e-04 3.336690843008445506e-04
2.411460407935915593e-05 -5.450936973521365670e-07 3.284043931025444483e-06 2.966284109729334899e-06 -3.193228316154615015e-05 3.112647234995181153e-04 6.693428028364395432e-04 1.044043154285239456e-03 6.183142046336613778e-04 4.170594724090319837e-04
2.892841379973178952e-05 -6.576391267086685377e-07 3.943001203611821645e-06 3.565421169248191472e-06 -3.830986278431318647e-05 3.734334990087989636e-04 8.032257862551633746e-04 1.252940547268718103e-03 7.419788399768614123e-04 5.004391715518405337e-04
3.373918603091028426e-05 -7.713556818548972208e-07 4.602681801397489209e-06 4.166525826913315949e-06 -4.468448515882922264e-05 4.355741227025565986e-04 9.371135915283452383e-04 1.461867541647819853e-03 8.656440644975404953e-04 5.838082142678058684e-04
3.854692056992629803e-05 -8.862414225080882633e-07 5.263088837838730870e-06 4.769601344206099043e-06 -5.105615104067563357e-05 4.976865531688371303e-04 1.071006224815236304e-03 1.670824143434121792e-03 9.893098743132355908e-04 6.671666333442295618e-04
4.335161721014700392e-05 -1.002294390021400182e-06 5.924225448076873271e-06 5.374651002430998637e-06 -5.742486118702969236e-05 5.597707487326054453e-04 1.204903692304710094e-03 1.879810358638882685e-03 1.112976265519911292e-03 7.505144618179593937e-04
4.815327574146723461e-05 -1.119512605809837107e-06 6.586094790099415708e-06 5.981678103300259335e-06 -6.379061635690702495e-05 6.218266674540617661e-04 1.338806000214155410e-03 2.088826193274656920e-03 1.236643234192046775e-03 8.338517329784892471e-04
