0.000000000000000000e+00 0.000000000000000000e+00 0.000000000000000000e+00 0.000000000000000000e+00 0.000000000000000000e+00 0.000000000000000000e+00 0.000000000000000000e+00 0.000000000000000000e+00
7.231388070008550001e-06 -1.162407417194966012e-07 1.903800262613029705e-07 -1.320830025905300437e-05 9.383386678398109189e-05 1.251108899648430313e-04 2.003947587914584646e-04 1.760664330996336623e-04
1.446085930584960283e-05 -2.308046106753126567e-07 3.810659137428169329e-07 -2.640710874776556663e-05 1.876533112676430088e-04 2.502236361910349584e-04 4.008154412909544656e-04 3.521300705426802361e-04
2.168842282736598140e-05 -3.436714347245571911e-07 5.720608415183241653e-07 -3.959640335437376445e-05 2.814582906401542515e-04 3.753382313898216542e-04 6.012620566372601800e-04 5.281909912488037383e-04
2.891408787876927547e-05 -4.548208066377477864e-07 7.633680907286739025e-07 -5.277616175259800083e-05 3.752487614639779816e-04 5.004546682867084184e-04 8.017346140434481599e-04 7.042492747935436047e-04
3.613786383090744961e-05 -5.642320792473112155e-07 9.549910482921610330e-07 -6.594636141003848808e-05 4.690246796463963595e-04 6.255729396245079954e-04 1.002233122708933669e-03 8.803050015584457100e-04
4.335976018234850924e-05 -6.718843621871833750e-07 1.146933210082190953e-06 -7.910697958629433492e-05 5.627860004281216378e-04 7.506930381631354973e-04 1.202757591819291101e-03 1.056358252743662884e-03
5.057978656218972772e-05 -7.777565180534168815e-07 1.339198183436541829e-06 -9.225799332968735180e-05 6.565326783708307903e-04 8.758149566811545845e-04 1.403308030543486172e-03 1.232409110379633450e-03
5.779795273183525341e-05 -8.818271592795341274e-07 1.531789688872047697e-06 -1.053993794747106589e-04 7.502646673459438574e-04 1.000938687976090638e-03 1.603884448033867250e-03 1.408457657339386810e-03
6.501426858717670792e-05 -9.840746436593830195e-07 1.724711564149237675e-06 -1.185311146389819085e-04 8.439819205205269324e-04 1.126064224866679718e-03 1.804486853425474931e-03 1.584503977352083072e-03
7.222874416071810039e-05 -1.084477070884478996e-06 1.917967765409637793e-06 -1.316531752209474737e-04 9.376843903466980422e-04 1.251191560191035291e-03 2.005115255835962246e-03 1.760548155014846896e-03
