0.000000000000000000e+00 0.000000000000000000e+00 0.000000000000000000e+00 0.000000000000000000e+00 0.000000000000000000e+00 0.000000000000000000e+00
3.963450484954516975e-06 4.366011610203314775e-06 -2.306025751006766811e-05 3.539545010155845084e-05 3.659609904556235770e-04 2.419309329041588810e-04
7.926903505439706428e-06 8.803282423303704021e-06 -4.614502529532359484e-05 7.083539924991797917e-05 7.320410375625582139e-04 4.835519210619480444e-04
1.188970757508344282e-05 1.331225670936226412e-05 -6.925539621401819194e-05 1.063257763845650591e-04 1.098240420551873818e-03 7.248558171120880050e-04
1.585115126047582899e-05 1.789332993893927084e-05 -9.239252961074384291e-05 1.418728789203743332e-04 1.464559436417405078e-03 9.658350831411861674e-04
1.981045828443912663e-05 2.254684003144870205e-05 -1.155576545035785503e-04 1.774833917746135184e-04 1.830998383709739243e-03 1.206481811629955651e-03
2.376678231880168158e-05 2.727306099522809908e-05 -1.387520748524420232e-04 2.131644137022964674e-04 2.197557562476924135e-03 1.446787701739926961e-03
2.771920133592742564e-05 3.207219597948825359e-05 -1.619771752736901178e-04 2.489234856798167462e-04 2.564237274193721574e-03 1.686744033775564380e-03
3.166671135799068549e-05 3.694437295078829820e-05 -1.852344296977106769e-04 2.847686307848969938e-04 2.931037840901909788e-03 1.926341587153672288e-03
3.560822023280409555e-05 4.188962333860014246e-05 -2.085253983977695404e-04 3.207083508875876554e-04 3.297959528697332488e-03 2.165570826949424644e-03
3.954253980287103764e-05 4.690789247770540987e-05 -2.318517496782308027e-04 3.567517159760326797e-04 3.665002661604853471e-03 2.404421550101228360e-03
