0.000000000000000000e+00 0.000000000000000000e+00 0.000000000000000000e+00 0.000000000000000000e+00 0.000000000000000000e+00 0.000000000000000000e+00 0.000000000000000000e+00 0.000000000000000000e+00
1.431022543064555593e-05 8.278602397702125874e-08 1.795948146940555955e-07 -1.744889570958709074e-05 1.825958942349933142e-04 1.806095430389109897e-04 1.740184349608729696e-04 2.252795058399276933e-04
2.861371839028426357e-05 1.679102070023432993e-07 3.595187692913140203e-07 -3.488621436686612046e-05 3.651790085510084067e-04 3.612317840035575477e-04 3.480538291959406664e-04 4.505646831830633758e-04
4.291048012210653547e-05 2.554023496604096406e-07 5.397793766002452854e-07 -5.231192478224822387e-05 5.477492580656708734e-04 5.418667378788917825e-04 5.221062005684274721e-04 6.758556491747953537e-04
5.720051200758130582e-05 3.452926860692092021e-07 7.203843969476778861e-07 -6.972599544357186503e-05 7.303065562510076139e-04 7.225144198423029060e-04 6.961755669101240369e-04 9.011525228237351592e-04
7.148381557240762957e-05 4.376118928455008698e-07 9.013418467715781100e-07 -8.712839451653421098e-05 9.128508149101881471e-04 9.031748452530668353e-04 8.702619459701244932e-04 1.126455425109416150e-03
8.576039249065296689e-05 5.323910973136660151e-07 1.082660005023700299e-06 -1.045190898393591304e-04 1.095381944139747375e-03 1.083848029656882955e-03 1.044365355411244929e-03 1.351764479022087061e-03
1.000302445883232848e-04 6.296618868256115904e-07 1.264347420786257037e-06 -1.218980489169725005e-04 1.277899852290133526e-03 1.264533988788959758e-03 1.218485812807420816e-03 1.577079809604404461e-03
1.142933738480931736e-04 7.294563176783889016e-07 1.446412920576187913e-06 -1.392652389160485820e-04 1.460404445923281372e-03 1.445232738579164044e-03 1.392623335639396002e-03 1.802401543995849151e-03
1.285497824131487745e-04 8.318069244244172343e-07 1.628865615401098134e-06 -1.566206266581673891e-04 1.642895629773362919e-03 1.625944295156588667e-03 1.566777941291986080e-03 2.027729811474626893e-03
1.427994725918776725e-04 9.367467290932043954e-07 1.811714909229646442e-06 -1.739641786146823741e-04 1.825373306701342851e-03 1.806668674850688558e-03 1.740949647048478915e-03 2.253064743502735008e-03
