0.000000000000000000e+00 0.000000000000000000e+00 0.000000000000000000e+00 0.000000000000000000e+00 0.000000000000000000e+00 0.000000000000000000e+00
1.735064026653234634e-05 4.227884146514389645e-07 -1.791950269229203763e-05 1.889748901531398484e-04 2.941696861466203106e-04 1.908615287983418533e-04
3.471034798222571494e-05 8.498648719854735497e-07 -3.585285116837418117e-05 3.778726363869385515e-04 5.884168202226128372e-04 3.816066821864804197e-04
5.207918911413676565e-05 1.281174886883838507e-06 -5.380033340970156699e-05 5.666934535125643657e-04 8.827415524357107128e-04 5.722342238042630149e-04
6.945722429485667719e-05 1.716655679551510633e-06 -7.176224642778955966e-05 7.554375871442433514e-04 1.177144036261234443e-03 7.627428722056661540e-04
8.684450821866594662e-05 2.156235307993293580e-06 -8.973889659661101544e-05 9.441053175531483694e-04 1.471624426041290290e-03 9.531313026766774152e-04
1.042410891061019122e-04 2.599831917439850365e-06 -1.077306002219617599e-04 1.132696962088220165e-03 1.766182876991301883e-03 1.143398144740201058e-03
1.216470081212936319e-04 3.047352926242121357e-06 -1.257376841558914505e-04 1.321212877786308694e-03 2.060819545203565646e-03 1.333541979476341550e-03
1.390622987430582770e-04 3.498694145522672161e-06 -1.437604864596315753e-04 1.509653464180310198e-03 2.355534587655454953e-03 1.523561336639420866e-03
1.564869860820883578e-04 3.953738823879267479e-06 -1.617993571202600001e-04 1.698019166324739185e-03 2.650328162213389828e-03 1.713454691560060408e-03
1.739210861399891886e-04 4.412356611398286473e-06 -1.798546588242994396e-04 1.886310478059195729e-03 2.945200427639086717e-03 1.903220461807514060e-03
