0.000000000000000000e+00 0.000000000000000000e+00 0.000000000000000000e+00 0.000000000000000000e+00 0.000000000000000000e+00 0.000000000000000000e+00 0.000000000000000000e+00 0.000000000000000000e+00
5.193625859665482042e-06 -2.172210560922649180e-07 5.512853331259173435e-07 -1.171363166138119991e-05 6.579847724436409999e-05 1.153382572496953269e-04 1.626626789389520650e-04 1.542785146693026075e-04
1.038630479636764281e-05 -4.338167965250718335e-07 1.105425849479640132e-06 -2.342011954348693201e-05 1.315746288231871492e-04 2.306873756731996701e-04 3.253435586953202239e-04 3.085473654227447425e-04
1.557804597455426774e-05 -6.497755300765307736e-07 1.662440966904154003e-06 -3.511945031100834459e-05 1.973283856005833700e-04 3.460473743839487986e-04 4.880426434105666878e-04 4.628065821108538367e-04
2.076885865604269327e-05 -8.650854183375814089e-07 2.222350296420485161e-06 -4.681161051699935790e-05 2.630596777723960447e-04 4.614182725720107040e-04 6.507599372074870676e-04 6.170561950788825680e-04
2.595875220300315002e-05 -1.079734473199394118e-06 2.785173645085400441e-06 -5.849658660182681591e-05 3.287684348744557348e-04 5.768000895080288440e-04 8.134954441651261366e-04 7.712962351933803787e-04
3.114773607850551240e-05 -1.293710554351942143e-06 3.350931018152660791e-06 -7.017436489262247467e-05 3.944545857723236876e-04 6.921928445413518937e-04 9.762491683213824368e-04 9.255267338479169787e-04
3.633581984906039577e-05 -1.507001367778840565e-06 3.919642621577785787e-06 -8.184493160114407126e-05 4.601180586501621753e-04 8.075965571020924825e-04 1.139021113669909466e-03 1.079747722972874101e-03
4.152301318455525628e-05 -1.719594462420195305e-06 4.491328865033161852e-06 -9.350827282242841273e-05 5.257587810052138195e-04 9.230112467023128238e-04 1.301811284159946165e-03 1.233959235043045975e-03
4.670932586063007431e-05 -1.931477229265683254e-06 5.066010364154017036e-06 -1.051643745338290246e-04 5.913766796332717637e-04 1.038436932936861665e-03 1.464619683696295012e-03 1.388161303086066396e-03
5.189476775955010338e-05 -2.142636897832742596e-06 5.643707943164905853e-06 -1.168132225923859376e-04 6.569716806231338168e-04 1.153873635483862502e-03 1.627446316136902955e-03 1.542353960691070962e-03
