0.000000000000000000e+00 0.000000000000000000e+00 0.000000000000000000e+00 0.000000000000000000e+00 0.000000000000000000e+00 0.000000000000000000e+00
-5.643343391570144011e-06 1.429089079789626273e-05 -3.381711721811794824e-05 -5.425459344525375286e-05 3.947176812087365501e-04 3.337880566300387218e-04
-1.128832239608065142e-05 2.886078449699799748e-05 -6.770066278671130265e-05 -1.085916056723351523e-04 7.897283898749056464e-04 6.669680762388915983e-04
-1.693593070457850944e-05 4.371399701894387190e-05 -1.016530325849535722e-04 -1.629996347019699798e-04 1.185034161561860202e-03 9.995225352309152281e-04
-2.258728456670627116e-05 5.885482206342257909e-05 -1.356767677112526084e-04 -2.174663895268961794e-04 1.580637037294691828e-03 1.331433071172099820e-03
-2.824363429835892745e-05 7.428751983906821019e-05 -1.697745662843532627e-04 -2.719786239226997773e-04 1.976539062851328556e-03 1.662680428294757012e-03
-3.390637686290631639e-05 9.001630446782410812e-05 -2.039492963164172938e-04 -3.265220647519556847e-04 2.372742287988966175e-03 1.993244398641785733e-03
-3.957706963438775797e-05 1.060453299206554572e-04 -2.382040097674451517e-04 -3.810813342391522170e-04 2.769248765610308853e-03 2.323103758436227857e-03
-4.525744546307975069e-05 1.223786743245273956e-04 -2.725419579005445344e-04 -4.356398656424613925e-04 3.166060550852401942e-03 2.652236199228376508e-03
-5.094942917589935765e-05 1.390203224581002136e-04 -3.069666080702605814e-04 -4.901798116804520012e-04 3.563179700101199755e-03 2.980618253309449354e-03
-5.665515566090370092e-05 1.559741462406448865e-04 -3.414816620959097607e-04 -5.446819450061145783e-04 3.960608269917613444e-03 3.308225212841476789e-03
