0.000000000000000000e+00 0.000000000000000000e+00 0.000000000000000000e+00 0.000000000000000000e+00 0.000000000000000000e+00 0.000000000000000000e+00
2.033722330912289731e-05 -4.373332251133742597e-07 -2.071659090040619086e-05 2.123177606385674113e-04 2.885932660636248196e-04 2.267056629371897683e-04
4.069639314981360578e-05 -8.738354467930909700e-07 -4.144353987628943532e-05 4.244569977121132064e-04 5.772877810336442305e-04 4.533253363918949988e-04
6.107809323781793870e-05 -1.309137351423050560e-06 -6.218082260985250006e-05 6.364152076216801407e-04 8.660837659461522288e-04 6.798599315720110434e-04
8.148293051491500220e-05 -1.742842092473396840e-06 -8.292839811256081067e-05 8.481897791594329977e-04 1.154981446636297194e-03 9.063104433507349371e-04
1.019115363344304476e-04 -2.174522969642892808e-06 -1.036862071476435442e-04 1.059777994473768987e-03 1.443981049937358499e-03 1.132677958118657882e-03
1.223645680654848657e-04 -2.603721198985456953e-06 -1.244541706923276206e-04 1.271177022361050799e-03 1.733082803682451691e-03 1.358963660292436754e-03
1.428427108290652179e-04 -3.029943497260343324e-06 -1.452321882684473760e-04 1.482383911035086007e-03 2.022286936712262319e-03 1.585168839343875299e-03
1.633466793775866898e-04 -3.452659462828740962e-06 -1.660201361318054940e-04 1.693395580318829115e-03 2.311593678875921865e-03 1.811294897395099171e-03
1.838772201313537528e-04 -3.871298736884214482e-06 -1.868178653024609337e-04 1.904208813212570316e-03 2.601003261036716283e-03 2.037343357430841488e-03
2.044351133882948643e-04 -4.285247919226457583e-06 -2.076251994242190192e-04 2.114820246775464974e-03 2.890515915074145549e-03 2.263315872195467877e-03
