0.000000000000000000e+00 0.000000000000000000e+00 0.000000000000000000e+00 0.000000000000000000e+00 0.000000000000000000e+00 0.000000000000000000e+00
1.912473460927337703e-05 1.269441020882709986e-06 -1.755733086295574449e-05 2.084795527854128698e-04 2.611627433903909159e-04 1.795677439804314033e-04
3.826266380303153811e-05 2.564300174842741616e-06 -3.512842360416874366e-05 4.168034701678452903e-04 5.224111853340626275e-04 3.590694308820403346e-04
5.741423806061371894e-05 3.885295074680338148e-06 -5.271322854869643577e-05 6.249697073821520532e-04 7.837454853679907789e-04 5.385059977285858342e-04
7.657992576303655589e-05 5.233173332276050967e-06 -7.031168229027730720e-05 8.329761401137206764e-04 1.045165806403042892e-03 7.178784468273338411e-04
9.576021411094578833e-05 6.608713948262346562e-06 -8.792370648578407759e-05 1.040820563146290694e-03 1.306672312058181854e-03 8.971878534432810260e-04
1.149556102563483161e-04 8.012729064117730734e-06 -1.055492067669462045e-04 1.248500685737407656e-03 1.568265166673298320e-03 1.076435370384745162e-03
1.341666425171129083e-04 9.446065834943080146e-06 -1.231880715704280647e-04 1.456014126676531076e-03 1.829944535324690407e-03 1.255622232916755836e-03
1.533938616802086718e-04 1.090960843215955031e-05 -1.408401708806813633e-04 1.663358408988358352e-03 2.091710583836267623e-03 1.434749764025092461e-03
1.726378424014084569e-04 1.240428018725311567e-05 -1.585053548749783628e-04 1.870530954262520805e-03 2.353563478795813683e-03 1.613819380060334610e-03
1.918991847112096118e-04 1.393104588872490067e-05 -1.761834524675768914e-04 2.077529076570668477e-03 2.615503387572548633e-03 1.792832596794163846e-03
