0.000000000000000000e+00 0.000000000000000000e+00 0.000000000000000000e+00 0.000000000000000000e+00 0.000000000000000000e+00 0.000000000000000000e+00 0.000000000000000000e+00 0.000000000000000000e+00 0.000000000000000000e+00 0.000000000000000000e+00
1.445791590154977528e-05 4.427229781183253539e-07 3.595160260478408606e-07 4.414363108820843577e-08 -1.581223591330289065e-05 1.748331661556114301e-04 1.311537444533935259e-04 9.240159983751545841e-05 1.143564117877487709e-04 1.935350091947223722e-04
2.891124618667678260e-05 8.855002922956933077e-07 7.194828043493900148e-07 8.902317651227506333e-08 -3.161931228585964379e-05 3.496620995207726321e-04 2.623158162678790794e-04 1.848002757376539208e-04 2.287161433207922834e-04 3.870763118121144639e-04
4.335999011172840019e-05 1.328333826872872686e-06 1.079902345623447548e-06 1.346411288279777323e-07 -4.742122621735102972e-05 5.244867768808644413e-04 3.934862200583942701e-04 2.771960271948760782e-04 3.430791996356227975e-04 5.806239193337990297e-04
5.780414693675896802e-05 1.771225480313116927e-06 1.440776675299991988e-06 1.809999962895802672e-07 -6.321797480075597208e-05 6.993071748730438119e-04 5.246649604531646895e-04 3.695888537002968281e-04 4.574455857742924163e-04 7.741778433599936279e-04
7.224371592609619031e-05 2.214177165770731350e-06 1.802107832706770755e-06 2.281023043296604363e-07 -7.900955512119971517e-05 8.741232699862559871e-04 6.558520420909966578e-04 4.619787547448572567e-04 5.718153067828096996e-04 9.677380956154335362e-04
8.667869634825462464e-05 2.657190810949247020e-06 2.163897872200386453e-06 2.759505944422254364e-07 -9.479596425670944854e-05 1.048935038560343041e-03 7.870474696193373700e-04 5.543657298151470321e-04 6.861883677125226594e-04 1.161304687947370884e-03
1.011090874754031252e-04 3.100268358199559672e-06 2.526148862379246985e-06 3.245474247593829346e-07 -1.105771992779033645e-04 1.223742456783695823e-03 9.182512476993395832e-04 6.467497783973748336e-04 8.005647736178440757e-04 1.354877632328314050e-03
1.155348885846559109e-04 3.543411765283262257e-06 2.888862886730774111e-06 3.738953705371034523e-07 -1.263532572480192202e-04 1.398545500692342791e-03 1.049463381001269641e-03 7.391308999750818235e-04 9.149445295595882380e-04 1.548456940857170522e-03
1.299560989566958384e-04 3.986623004013805887e-06 3.252042043660560862e-06 4.239970240412749519e-07 -1.421241352227754513e-04 1.573344146168780596e-03 1.180683874206131610e-03 8.315090940289660611e-04 1.029327640601199060e-03 1.742042625761195318e-03
1.443727178769092366e-04 4.429904062361569831e-06 3.615688446972859454e-06 4.748549944422353764e-07 -1.578898302504765289e-04 1.748138368939831152e-03 1.311912732007150572e-03 9.238843600384639195e-04 1.143714111811385339e-03 1.935634699395370924e-03
