0.000000000000000000e+00 0.000000000000000000e+00 0.000000000000000000e+00 0.000000000000000000e+00 0.000000000000000000e+00 0.000000000000000000e+00 0.000000000000000000e+00 0.000000000000000000e+00
3.071650198524505389e-06 -2.738191029342657713e-07 9.125600214817476432e-07 -8.930211024768838922e-06 4.089293245212754943e-05 1.528615498261553206e-04 1.377991013147953389e-04 1.191652820181338232e-04
6.142259850907425003e-06 -5.476958092244135492e-07 1.829296054562919126e-06 -1.785502729023525815e-05 8.175205671527819792e-05 3.057438511696591453e-04 2.756135537596498077e-04 2.383166800747131510e-04
9.211837317923506676e-06 -8.216225561252558197e-07 2.750232550245196626e-06 -2.677443805148389542e-05 1.225772733097462157e-04 4.586469277897043295e-04 4.134433757738364642e-04 3.574542130845090185e-04
1.228039104752586559e-05 -1.095591667201756992e-06 3.675394168854012515e-06 -3.568843246664639136e-05 1.633684819919015217e-04 6.115708035727439101e-04 5.512885858066448761e-04 4.765779003870807039e-04
1.534792957960165246e-05 -1.369595350133753969e-06 4.604805781915273363e-06 -4.459699959902402864e-05 2.041255817832440453e-04 7.645155024965222647e-04 6.891492022975303014e-04 5.956877618064063866e-04
1.841446154651453238e-05 -1.643625694722663158e-06 5.538492473861873503e-06 -5.350012841608881752e-05 2.448484709611522224e-04 9.174810486304096424e-04 8.270252436739639317e-04 7.147838176587017903e-04
2.147999567438662008e-05 -1.917674670728398457e-06 6.476479544779068793e-06 -6.239780778832703842e-05 2.855370470493650962e-04 1.070467466137130490e-03 9.649167283527900971e-04 8.338660887589817742e-04
2.454454078429462425e-05 -2.191734126406818950e-06 7.418792513094909477e-06 -7.129002648757765126e-05 3.261912068105608993e-04 1.223474779274067803e-03 1.102823674737729402e-03 9.529345964304647030e-04
2.760810579345161271e-05 -2.465795787033851918e-06 8.365457117209748199e-06 -8.017677318617067318e-05 3.668108462356065654e-04 1.376503012391412607e-03 1.240746101220304093e-03 1.071989362509314422e-03
3.067069971601675890e-05 -2.739851251969716456e-06 9.316499319169594038e-06 -8.905803645597834583e-05 4.073958605348311762e-04 1.529552189937311750e-03 1.378684026177684398e-03 1.191030409355879095e-03
