0.000000000000000000e+00 0.000000000000000000e+00 0.000000000000000000e+00 0.000000000000000000e+00 0.000000000000000000e+00 0.000000000000000000e+00
6.207074877909653739e-06 6.273425666723080345e-06 -2.682619843982395709e-05 5.868471827039508867e-05 2.825729597687875886e-04 2.781270889966132765e-04
1.242612304513865757e-05 1.265809910173957412e-05 -5.367888086538478065e-05 1.172954165408659892e-04 5.652739475956479248e-04 5.559954304446913841e-04
1.865735768940930201e-05 1.915576906140641482e-05 -8.055859905386513115e-05 1.758334814738901305e-04 8.481035081000609481e-04 8.336007991761669629e-04
2.490098390380505723e-05 2.576820472114634751e-05 -1.074659263458763240e-04 2.343004172390602267e-04 1.131062208496622264e-03 1.110938780154049552e-03
3.115719736091955187e-05 3.249719500878709691e-05 -1.344014595209221303e-04 2.926978550519582396e-04 1.414150640625784711e-03 1.388004754216163239e-03
3.742618376698820946e-05 3.934452655942277476e-05 -1.613658080334952143e-04 3.510275502475349398e-04 1.697369339656005366e-03 1.664794098486027099e-03
4.370811620645333005e-05 4.631201316780874852e-05 -1.883596138125269600e-04 4.092914087492767711e-04 1.980718905435325909e-03 1.941301866695670404e-03
5.000315428284682210e-05 5.340147359364521597e-05 -2.153835409881549973e-04 4.674914861655140425e-04 2.264199922038777520e-03 2.217522985572789162e-03
5.631144215794883491e-05 6.061473479345021956e-05 -2.424382807687951071e-04 5.256300014089242134e-04 2.547812977793669810e-03 2.493452193585701891e-03
6.263310660792406213e-05 6.795362982310551201e-05 -2.695245535051652482e-04 5.837093484783676539e-04 2.831558665289693640e-03 2.769084030075777587e-03
