0.000000000000000000e+00 0.000000000000000000e+00 0.000000000000000000e+00 0.000000000000000000e+00 0.000000000000000000e+00 0.000000000000000000e+00
1.855658310223994096e-05 -8.674763770369396588e-08 -1.840425624141848012e-05 2.057198796484909701e-04 2.114073748918830710e-04 2.054745228963415467e-04
3.712415709766901960e-05 -1.736524050871888721e-07 -3.681787342591999208e-05 4.113511096404257115e-04 4.228719080845412754e-04 4.108759286311811738e-04
5.570294644926061442e-05 -2.606737015282157771e-07 -5.524100131908218800e-05 6.168929063200864326e-04 6.343937575139087194e-04 6.162038931766369897e-04
7.429317978764764826e-05 -3.477681234176392996e-07 -7.367378977049112245e-05 8.223444695653329322e-04 8.459730829305274350e-04 8.214580965128423767e-04
9.289508999470663057e-05 -4.348892618102011666e-07 -9.211638855615050835e-05 1.027704983593461831e-03 1.057610044906130958e-03 1.026638224086827292e-03
1.115089143608873290e-04 -5.219875108375690990e-07 -1.105689472682664200e-04 1.232973616329725375e-03 1.269304804840423002e-03 1.231743967340936941e-03
1.301348947544513958e-04 -6.090098622924457493e-07 -1.290316151961264546e-04 1.438149518736891227e-03 1.481057524966511267e-03 1.436775024274402962e-03
1.487732777988515426e-04 -6.958996855221187319e-07 -1.475045411961200528e-04 1.643231824101130424e-03 1.692868368360714694e-03 1.641731100047166521e-03
1.674243150630063120e-04 -7.825964921943579698e-07 -1.659878735526269171e-04 1.848219647277385457e-03 1.904737498944833679e-03 1.846611907623938419e-03
1.860882632629332610e-04 -8.690356842021138326e-07 -1.844817598271934170e-04 2.053112083884554850e-03 2.116665081496189350e-03 2.051417168467920427e-03
