0.000000000000000000e+00 0.000000000000000000e+00 0.000000000000000000e+00 0.000000000000000000e+00 0.000000000000000000e+00 0.000000000000000000e+00
3.039867812337011227e-05 -4.360174168814229569e-06 -2.076090332747516985e-05 2.978603977636449358e-04 3.568389941810986665e-04 2.100563409839390514e-04
6.084046028239515209e-05 -8.818477328444354607e-06 -4.154412624470920625e-05 5.953692618466824640e-04 7.139028215214580485e-04 4.199084495643401601e-04
9.132606337633396537e-05 -1.337696396933965772e-05 -6.235012526180048217e-05 8.925222209406933433e-04 1.071192096254537868e-03 6.295572208543075967e-04
1.218562247321598767e-04 -1.803771755553697860e-05 -8.317935117722024933e-05 1.189314730298710520e-03 1.428707435665744780e-03 8.390036899591530196e-04
1.524317042601113469e-04 -2.280284867010842802e-05 -1.040322470835341301e-04 1.485742058470977808e-03 1.786449460126520719e-03 1.048249045295128554e-03
1.830532868854996200e-04 -2.767449278683551392e-05 -1.249092460923954644e-04 1.781799272715192369e-03 2.144418793122036728e-03 1.257294643295852731e-03
2.137217852941374389e-04 -3.265480761879407538e-05 -1.458107687460670357e-04 2.077481222928150278e-03 2.502616061277089347e-03 1.466142024675695871e-03
2.444380430324906905e-04 -3.774596998188691741e-05 -1.667372200666895074e-04 2.372782523918202154e-03 2.861041894378634452e-03 1.674792932435407783e-03
2.752029380115627363e-04 -4.295017210756727974e-05 -1.876889862016405705e-04 2.667697535827989307e-03 3.219696925393768314e-03 1.883249331817396293e-03
3.060173864681770212e-04 -4.826961732342342640e-05 -2.086664306038698733e-04 2.962220342473898416e-03 3.578581790480797522e-03 2.091513432449086662e-03
