0.000000000000000000e+00 0.000000000000000000e+00 0.000000000000000000e+00 0.000000000000000000e+00 0.000000000000000000e+00 0.000000000000000000e+00 0.000000000000000000e+00 0.000000000000000000e+00
1.543430621390957718e-06 -1.075041521218846667e-06 1.647278359698503438e-07 -1.144840855954548813e-05 2.345772720229917383e-05 6.993972771927803517e-05 3.782333858804687548e-04 1.626793049079372153e-04
3.088304539870891947e-06 -2.149070896019453151e-06 3.283781768003459013e-07 -2.288408307401508079e-05 4.691348955272215494e-05 1.398574374578611540e-04 7.565415489379013255e-04 3.253147691891832092e-04
4.634643073564685028e-06 -3.222078160364258902e-06 4.909199269896151688e-07 -3.430700512833697967e-05 7.036751736196643142e-05 2.097530563360320535e-04 1.134924467643582541e-03 4.879063604849392900e-04
6.182467750663223200e-06 -4.294053368913680393e-06 6.523213677683154123e-07 -4.571715600643671477e-05 9.382004480132776088e-05 2.796265104670357703e-04 1.513382121197310616e-03 6.504540434919905707e-04
7.731800307394276662e-06 -5.364986595028120710e-06 8.125501494408636732e-07 -5.711451672714839710e-05 1.172713098907370228e-04 3.494777249299226788e-04 1.891914489281802973e-03 8.129577803664765189e-04
9.282662690238233997e-06 -6.434867934555746726e-06 9.715732758773726937e-07 -6.849906804253487274e-05 1.407215545804655721e-04 4.193066237536412265e-04 2.270521552071024917e-03 9.754175306619484271e-04
1.083507705749605037e-05 -7.503687510021707390e-06 1.129357090583779053e-06 -7.987079043537568743e-05 1.641710248348283779e-04 4.891131298999412853e-04 2.649203290240821542e-03 1.137833251266361003e-03
1.238906578158494143e-05 -8.571435473920893411e-06 1.285867260976641772e-06 -9.122966411619406189e-05 1.876199707203125432e-04 5.588971652446939444e-04 3.027959684977518055e-03 1.300204896336665597e-03
1.394465145078238606e-05 -9.638102013320110363e-06 1.441068763420174861e-06 -1.025756690215081821e-04 2.110686464915439119e-04 6.286586505579656089e-04 3.406790717989561287e-03 1.462532417230920498e-03
1.550185687139555053e-05 -1.070367735438159630e-05 1.594925866620457763e-06 -1.139087848114010281e-04 2.345173106843874010e-04 6.983975054887815986e-04 3.785696371517121607e-03 1.624815762439651935e-03
