0.000000000000000000e+00 0.000000000000000000e+00 0.000000000000000000e+00 0.000000000000000000e+00 0.000000000000000000e+00 0.000000000000000000e+00 0.000000000000000000e+00 0.000000000000000000e+00
1.074423609351543896e-05 -9.095708584895245867e-08 -2.012755489451679710e-08 -1.517831175095480822e-05 1.379320274829139278e-04 1.262190470518489678e-04 2.091678704792164706e-04 1.994805911608374394e-04
2.148447109603229742e-05 -1.803630741968103177e-07 -4.146279548324646066e-08 -3.034559392616467997e-05 2.758567458959797431e-04 2.524390937367315116e-04 4.183647957003016086e-04 3.989559240681195404e-04
3.222070834273286442e-05 -2.682012490873299544e-07 -6.401560082565763458e-08 -4.550182077519943725e-05 4.137741637243529222e-04 3.786601288305141378e-04 6.275908018904367835e-04 5.984260369606462333e-04
4.295295125428314598e-05 -3.544547263100861014e-07 -8.779589846904489297e-08 -6.064696631597347510e-05 5.516842895961622485e-04 5.048821410347689416e-04 8.368459155206466136e-04 7.978909680559057201e-04
5.368120333797585480e-05 -4.391064500679727587e-07 -1.128136619078731084e-07 -7.578100434971032820e-05 6.895871322624606099e-04 6.311051189790656095e-04 1.046130163174112393e-03 9.973507557485654373e-04
6.440546818972383788e-05 -5.221391912571346578e-07 -1.390789092562466422e-07 -9.090390845820091163e-05 8.274827005987253452e-04 7.573290512217792586e-04 1.255443571549937120e-03 1.196805438607357903e-03
7.512574949518048767e-05 -6.035355448869218452e-07 -1.666017041464584123e-07 -1.060156520016778748e-04 9.653710036067822148e-04 8.835539262485966232e-04 1.464786167461817022e-03 1.396255055377189922e-03
8.584205103175446077e-05 -6.832779282598420366e-07 -1.953921548179763122e-07 -1.211162081160105738e-04 1.103252050417734970e-03 1.009779732472018948e-03 1.674157977840801505e-03 1.595699644977890009e-03
9.655437666985761493e-05 -7.613485784945991095e-07 -2.254604144664758422e-07 -1.362055497100395877e-04 1.241125850294248247e-03 1.136006458228499801e-03 1.883559029735121845e-03 1.795139246503785115e-03
1.072627303749127889e-04 -8.377295503713022725e-07 -2.568166805567015718e-07 -1.512836494632633288e-04 1.378992412632417926e-03 1.262234091782270468e-03 2.092989350310802462e-03 1.994573899223217074e-03
