0.000000000000000000e+00 0.000000000000000000e+00 0.000000000000000000e+00 0.000000000000000000e+00 0.000000000000000000e+00 0.000000000000000000e+00
1.985786535945074973e-05 -5.599596155829874452e-07 -1.619296210298913857e-05 2.185855370260398570e-04 2.846769092214623169e-04 1.724032896554399694e-04
3.972540740706962471e-05 -1.134016462255296858e-06 -3.239974951367465531e-05 4.370755965552148800e-04 5.694291084742337042e-04 3.447079683225953706e-04
5.960273589672371514e-05 -1.722513073859724373e-06 -4.862064358911463111e-05 6.554697210782906057e-04 8.542567654549355080e-04 5.169133292323034503e-04
7.948995856945309947e-05 -2.325801914965799449e-06 -6.485593211156604788e-05 8.737674521395104137e-04 1.139160051079885719e-03 6.890186501377724027e-04
9.938718080570024805e-05 -2.944245558859916316e-06 -8.110590940441054445e-05 1.091968334133037880e-03 1.424139137336768090e-03 8.610231945505330588e-04
1.192945054378457653e-04 -3.578217046349784056e-06 -9.737087656462666788e-05 1.310071914672160387e-03 1.709194197298148773e-03 1.032926211229129440e-03
1.392120325521521034e-04 -4.228100260724726371e-06 -1.136511417074631059e-04 1.528077744983219509e-03 1.994325405129644159e-03 1.204726933646782863e-03
1.591398592791325845e-04 -4.894290318614042681e-06 -1.299470202224452405e-04 1.745985380320999114e-03 2.279532936102557361e-03 1.376424579426642090e-03
1.790780795718960783e-04 -5.577193980367156932e-06 -1.462588350422617590e-04 1.963794380417084161e-03 2.564816966603805388e-03 1.548018349750588480e-03
1.990267839713755172e-04 -6.277230078007291114e-06 -1.625869169250085411e-04 2.181504309948638278e-03 2.850177674148068711e-03 1.719507428735960906e-03
