0.000000000000000000e+00 0.000000000000000000e+00 0.000000000000000000e+00 0.000000000000000000e+00 0.000000000000000000e+00 0.000000000000000000e+00 0.000000000000000000e+00 0.000000000000000000e+00 0.000000000000000000e+00 0.000000000000000000e+00
1.878130954911353363e-05 -1.802051806940911256e-07 -2.018267420943968871e-07 -2.369223019984321611e-07 -3.992707842339374103e-06 2.357870079643905920e-04 1.841415145234717048e-04 1.417140162308707925e-04 7.824326109646479116e-05 4.533517008156923606e-05
3.755253753725490369e-05 -3.644599917420049808e-07 -4.061002636550038196e-07 -4.758420417792924369e-07 -7.984273578144444127e-06 4.715942446131366427e-04 3.682998162031594675e-04 2.834335263886698301e-04 1.564851579678792188e-04 9.063481331394739905e-05
5.631367415423530588e-05 -5.527811768753165768e-07 -6.128355842112972348e-07 -7.167726080547202503e-07 -1.197469761048878746e-05 7.074218374180345085e-04 5.524749070108445331e-04 4.251585339258759214e-04 2.347256974589585613e-04 1.358987803491206272e-04
7.506470954676807284e-05 -7.451855885686613934e-07 -8.220478276029772230e-07 -9.597274833149676730e-07 -1.596398033894901952e-05 9.432699148332662677e-04 7.366667888765496665e-04 5.668890423143405077e-04 3.129648864695547109e-04 1.811269207507531078e-04
9.380563381879553065e-05 -9.416901897839752696e-07 -1.033752223408037125e-06 -1.204720243359659863e-06 -1.995212215923530106e-05 1.179138606311623452e-03 9.208754636839533566e-04 7.086250550446739505e-04 3.912027319555077057e-04 2.263190829807957096e-04
1.125364370314497608e-04 -1.142312054852813897e-06 -1.247964106780470323e-06 -1.451764559927718015e-06 -2.393912346356831351e-05 1.415028042315568182e-03 1.105100933269965351e-03 8.503665756254301031e-04 4.694392409277063226e-04 2.714751143911663242e-04
1.312571092021800072e-04 -1.347068369738645041e-06 -1.464698920848078219e-06 -1.700874199843808499e-06 -2.792498464047817006e-05 1.650938354322618136e-03 1.289343199424762164e-03 9.921136075854491629e-04 5.476744204545911212e-04 3.165948612118925560e-04
1.499676403046860723e-04 -1.555976434144529095e-06 -1.683972216358011500e-06 -1.952063026906990005e-06 -3.190970607441275940e-05 1.886869674839272790e-03 1.473602263890707318e-03 1.133866154471696586e-03 6.259082776601311050e-04 3.616781685415158018e-04
1.686680202687024796e-04 -1.769053661723762622e-06 -1.905799652973767328e-06 -2.205345003062210087e-06 -3.589328814647352263e-05 2.122822137408127748e-03 1.657878128362272850e-03 1.275624219852307742e-03 7.041408197272878023e-04 4.067248803359992115e-04
1.873582389792123322e-04 -1.986317581143933001e-06 -2.130197001138118017e-06 -2.460734187837860037e-06 -3.987573123327183000e-05 2.358795876617915746e-03 1.842170794485492331e-03 1.417387807313126059e-03 7.823720538959708396e-04 4.517348393988446166e-04
