0.000000000000000000e+00 0.000000000000000000e+00 0.000000000000000000e+00 0.000000000000000000e+00 0.000000000000000000e+00 0.000000000000000000e+00 0.000000000000000000e+00 0.000000000000000000e+00 0.000000000000000000e+00 0.000000000000000000e+00
1.408804358105425845e-05 -6.213646410421039436e-08 1.765226509174676802e-07 5.177026538555044667e-08 -7.162272758291363753e-06 1.761061451029082698e-04 1.590698164495695909e-04 1.592982225939666610e-04 1.002979394845689626e-04 8.739928304301348711e-05
2.816962002267971730e-05 -1.268503808601132565e-07 3.520756327026037686e-07 1.031502222729480873e-07 -1.432239778984667529e-05 3.522137990561503319e-04 3.181501422460057270e-04 3.186074747699442185e-04 2.005966153371242875e-04 1.747784361142177092e-04
4.224472573553601562e-05 -1.941497390586312841e-07 5.266522401592497581e-07 1.541337423194370218e-07 -2.148037631313535432e-05 5.283230146366502122e-04 4.772409775565606338e-04 4.779277578477758603e-04 3.008960328050499502e-04 2.621373973474215276e-04
5.631335711455295699e-05 -2.640425762134919027e-07 7.002457214317358989e-07 2.047146542861894895e-07 -2.863620955214188932e-05 7.044338450333028495e-04 6.363423225292744742e-04 6.372590731527356511e-04 4.011961971630073143e-04 3.494761044341588977e-04
7.037551053952201122e-05 -3.365369787104100971e-07 8.728492772713227139e-07 2.548867437295509255e-07 -3.578989873676515686e-05 8.805463438551936221e-04 7.954541772903082116e-04 7.966014220123927760e-04 5.014971137146938566e-04 4.367944946186615727e-04
8.443118237506188923e-05 -4.116410825150783591e-07 1.044456060387295834e-06 3.046437522545832814e-07 -4.294144510220940404e-05 1.056660565136884836e-03 9.545765419433150430e-04 9.559548057584946103e-04 6.017987877911650527e-04 5.240925046959564503e-04
9.848036897034253905e-05 -4.893630738618942589e-07 1.215059175449023442e-06 3.539793778953701138e-07 -5.009084988964561521e-05 1.232776563341095658e-03 1.113709416570775107e-03 1.115319225725054132e-03 7.021012247529461858e-04 6.113700710055590404e-04
1.125230666589501220e-04 -5.697111887081925531e-07 1.384651678288317204e-06 4.028872738945107163e-07 -5.723811434581251202e-05 1.408894393363151892e-03 1.272852801231343306e-03 1.274694683250540824e-03 8.024044299888925249e-04 6.986271294283060221e-04
1.265592717586008580e-04 -6.526937145910049332e-07 1.553226575651737811e-06 4.513610488053137982e-07 -6.438323972347876234e-05 1.585014110535694571e-03 1.432006695961782769e-03 1.434081179675971178e-03 9.027084089176091964e-04 7.858636153815040356e-04
1.405889805717602402e-04 -7.383189899604027437e-07 1.720776824760269987e-06 4.993942658584997485e-07 -7.152622728083037897e-05 1.761135770631676138e-03 1.591171100776402145e-03 1.593478716346191735e-03 1.003013166986811830e-03 8.730794638154385509e-04
