0.000000000000000000e+00 0.000000000000000000e+00 0.000000000000000000e+00 0.000000000000000000e+00 0.000000000000000000e+00 0.000000000000000000e+00 0.000000000000000000e+00 0.000000000000000000e+00 0.000000000000000000e+00 0.000000000000000000e+00
1.465555446625838456e-05 -5.832073695605008960e-08 1.732122016047929501e-07 -2.219098995006370872e-08 -7.808167648829023765e-06 1.825899899960485551e-04 1.345319432105221273e-04 1.633751487021676586e-04 8.198092387575081597e-05 9.461312263095744181e-05
2.930510229250092794e-05 -1.188318145013897465e-07 3.454618854782170472e-07 -4.492022190716144932e-08 -1.561432388881430782e-05 3.651858156629260574e-04 2.690686725261308334e-04 3.267642424777445387e-04 1.639600871128688616e-04 1.892083132482856632e-04
4.394863980693722782e-05 -1.815400193182373581e-07 5.167428279274207065e-07 -6.819316264137590127e-08 -2.341846986792528055e-05 5.477875257266438510e-04 4.036101882491366496e-04 4.901672819135183658e-04 2.459374949501665726e-04 2.837855150012072556e-04
5.858616332403577810e-05 -2.464521787211808443e-07 6.870487639739603189e-07 -9.201531501732002207e-08 -3.122060673916573440e-05 7.303951692804179193e-04 5.381564906661007695e-04 6.535842676004881236e-04 3.279131526481591846e-04 3.783446706421387954e-04
7.321766914389621751e-05 -3.135751609318806067e-07 8.563733860700112820e-07 -1.163922181510850527e-07 -3.902073566011166094e-05 9.130087957909660936e-04 6.727075800448769662e-04 8.170152001333014615e-04 4.098870654941693336e-04 4.728857225249347759e-04
8.784315355277869304e-05 -3.829158752306354867e-07 1.024710344583588706e-06 -1.413294482375426791e-07 -4.681885779303458566e-05 1.095628455101440007e-03 8.072634566377902016e-04 9.804600801063417543e-04 4.918592388005973330e-04 5.674086126008076863e-04
1.024626128231554849e-04 -4.544812725034944750e-07 1.192053246866217402e-06 -1.668326182221659289e-07 -5.461497430528917366e-05 1.278254197433997905e-03 9.418241206776661704e-04 1.143918908119248047e-03 5.738296779068950996e-04 6.619132824151134067e-04
1.170760432128277950e-04 -5.282783452979338814e-07 1.358395657111863627e-06 -1.929073782657681971e-07 -6.240908636863745315e-05 1.460886073395364438e-03 1.076389572379926086e-03 1.307391684773424791e-03 6.557983881767418064e-04 7.563996731029260911e-04
1.316834409653782050e-04 -6.043141287239072671e-07 1.523731096013649570e-06 -2.195594166908397950e-07 -7.020119516003701693e-05 1.643524133978389304e-03 1.210959811942332546e-03 1.470878410672546432e-03 7.377653750015276957e-04 8.508677253863405638e-04
1.462848023101966295e-04 -6.825956999946705781e-07 1.688053040405477101e-06 -2.467944595172976623e-07 -7.799130186118278434e-05 1.826168430566229564e-03 1.345534839543271067e-03 1.634379086422367566e-03 8.197306437985736561e-04 9.453173795706569038e-04
