0.000000000000000000e+00 0.000000000000000000e+00 0.000000000000000000e+00 0.000000000000000000e+00 0.000000000000000000e+00 0.000000000000000000e+00
6.343078947558603257e-06 3.819760039072577842e-06 -2.691968271617487454e-05 5.848473189525724082e-05 3.688997672331159670e-04 2.835691221290733018e-04
1.268583545242541723e-05 7.694927825051744649e-06 -5.387278561579757669e-05 1.170721113607136666e-04 7.379485804967612179e-04 5.666912483683144396e-04
1.902715727616806758e-05 1.162502168731136177e-05 -8.086109141701397051e-05 1.757716241008127451e-04 1.107146856976316341e-03 8.493551513204782716e-04
2.536582737380123088e-05 1.560943690429699097e-05 -1.078864949851029986e-04 2.345933656688179336e-04 1.476495016024292548e-03 1.131549025058691807e-03
3.170051497833348015e-05 1.964743375575729475e-05 -1.349510122957039949e-04 2.935480856456687548e-04 1.845993479104070635e-03 1.413260445397700009e-03
3.802976587742706838e-05 2.373812445059915739e-05 -1.620567902080015399e-04 3.526472355051241776e-04 2.215642669723031245e-03 1.694476326888661420e-03
4.435199180275846762e-05 2.788045882010437419e-05 -1.892061171273530138e-04 4.119030205218910745e-04 2.585443013353386742e-03 1.975182876214250701e-03
5.066545883960665343e-05 3.207320864822779411e-05 -2.164014346508346559e-04 4.713284561073915178e-04 2.955394937340522984e-03 2.255365541648409345e-03
5.696827476084827686e-05 3.631495049719508938e-05 -2.436453502947741876e-04 5.309374290186263858e-04 3.325498870795926334e-03 2.535008958177531295e-03
6.325837516762393301e-05 4.060404687303063002e-05 -2.709406514173528439e-04 5.907447639124802910e-04 3.695755244474698952e-03 2.814096887866953441e-03
