0.000000000000000000e+00 0.000000000000000000e+00 0.000000000000000000e+00 0.000000000000000000e+00 0.000000000000000000e+00 0.000000000000000000e+00
2.061862520265512406e-05 2.263655965131871869e-07 -1.882236576893709108e-05 2.143531478010191440e-04 2.819624499016217304e-04 1.909074560592168739e-04
4.125595832898924114e-05 4.598423247706403493e-07 -3.766122827387899732e-05 4.285223741008073266e-04 5.640412366434032669e-04 3.817039529366698415e-04
6.191244371030749571e-05 7.007720431721349294e-07 -5.651666014520890228e-05 6.425058122033585261e-04 8.462365220706100435e-04 5.723900164512819464e-04
8.258854076003619891e-05 9.495166096698687828e-07 -7.538872431823674051e-05 8.563015222292274858e-04 1.128548473083067346e-03 7.629662248867478003e-04
1.032847245923323656e-04 1.206459265725593144e-06 -9.427747290939325088e-05 1.069907494215330485e-03 1.410977256869920407e-03 9.534332170463563150e-04
1.240014870121287254e-04 1.472006095972199250e-06 -1.131829462732515846e-04 1.283321643884213119e-03 1.693523040917193842e-03 1.143791696429656904e-03
1.447393375831490818e-04 1.746587601786003116e-06 -1.321051719819356200e-04 1.496541808098708062e-03 1.976185993014254252e-03 1.334042435735059489e-03
1.654988047825271932e-04 2.030660400367626932e-06 -1.510441637185851833e-04 1.709565739969156175e-03 2.258966281261899894e-03 1.524186281708227349e-03
1.862804372491559484e-04 2.324709058153756372e-06 -1.699999200775035484e-04 1.922391103583167725e-03 2.541864074079706794e-03 1.714224160373099002e-03
2.070848051343464390e-04 2.629248074167990208e-06 -1.889724232634229061e-04 2.135015468325078460e-03 2.824879540214986651e-03 1.904157082673892977e-03
