0.000000000000000000e+00 0.000000000000000000e+00 0.000000000000000000e+00 0.000000000000000000e+00 0.000000000000000000e+00 0.000000000000000000e+00 0.000000000000000000e+00 0.000000000000000000e+00 0.000000000000000000e+00 0.000000000000000000e+00
1.165723285683408237e-05 1.247810612100218924e-07 2.596592370781689339e-07 1.148986358020679665e-07 -1.006226477658495281e-05 1.438658607727490233e-04 1.301621485731917455e-04 1.194621591208321271e-04 1.141122148625669283e-04 1.235853451052327514e-04
2.331026485691936430e-05 2.485597820810212957e-07 5.191490760844860009e-07 2.302433586849873726e-07 -2.012144350947601761e-05 2.877268947167230489e-04 2.603312984742650908e-04 2.389279925139935158e-04 2.282300893421863473e-04 2.471632617958024352e-04
3.495909470434999556e-05 3.713345587139949293e-07 7.784684521909938113e-07 3.460334080805280675e-07 -3.017753639160807721e-05 4.315831049305810202e-04 3.905074513820892650e-04 3.583975005235739129e-04 3.423536258266737884e-04 3.707337417129970541e-04
4.660372109981791307e-05 4.931037802641016326e-07 1.037616293817225589e-06 4.622680173561673249e-07 -4.023054361863391277e-05 5.754344945501327184e-04 5.206906089746479206e-04 4.778706834939478853e-04 4.564828267081260261e-04 4.942967764561502150e-04
5.824414274058961865e-05 6.138658285797325207e-07 1.296591523369053378e-06 5.789464143554070782e-07 -5.028046538891729707e-05 7.192810667483168349e-04 6.508807729303511813e-04 5.973475417686393077e-04 5.706176943817406260e-04 6.178523575831813873e-04
6.988035832049210806e-05 7.336190780318188105e-07 1.555393056922597367e-06 6.960678204622569468e-07 -6.032730190379388913e-05 8.631228247368547858e-04 7.810779449253597764e-04 7.168280756916620058e-04 6.847582312462043063e-04 7.414004766079209047e-04
8.151236652975418111e-05 8.523618957225106692e-07 1.814019803953737778e-06 8.136314514436021492e-07 -7.037105336736923381e-05 1.006959771766291478e-03 9.112821266355899475e-04 8.363122856063923485e-04 7.989044397039659663e-04 8.649411250036205577e-04
9.314016605508944411e-05 9.700926414440639293e-07 2.072470667835617973e-06 9.316365167474909166e-07 -8.041171998712231682e-05 1.150791911126610107e-03 1.041493319735348113e-03 9.558001718555359091e-04 9.130563221599528835e-04 9.884742941990906900e-04
1.047637555797881621e-04 1.086809667335585916e-06 2.330744545169712045e-06 1.050082219737398395e-06 -9.044930197281470148e-05 1.294619246146226123e-03 1.171711525898698914e-03 1.075291734782759948e-03 1.027213881023799182e-03 1.111999975580509406e-03
1.163831337834552750e-04 1.202511318209123649e-06 2.588840326380274228e-06 1.168967757480260039e-06 -1.004837995377190924e-04 1.438441780193849134e-03 1.301936746798235079e-03 1.194786974730443260e-03 1.141377118707676127e-03 1.235518160490546753e-03
