0.000000000000000000e+00 0.000000000000000000e+00 0.000000000000000000e+00 0.000000000000000000e+00 0.000000000000000000e+00 0.000000000000000000e+00 0.000000000000000000e+00 0.000000000000000000e+00
-6.813771674199337602e-06 -1.608481940682463826e-06 7.119312012844492399e-07 -7.042405911750530125e-06 -8.084534582609948991e-05 6.130873678367414063e-05 4.344264733480664360e-04 1.121890577989908736e-04
-1.362615809679002140e-05 -3.215448334137392928e-06 1.428771234335440537e-06 -1.407279903981289898e-05 -1.617052342114514460e-04 1.226138572231153130e-04 8.689403870971028647e-04 2.242982082015748495e-04
-2.043713382875168060e-05 -4.820893176759910207e-06 2.150547321751745996e-06 -2.109116116365204979e-05 -2.425793974453195037e-04 1.839153772728958566e-04 1.303541694159274624e-03 3.363272275147496959e-04
-2.724667318711919086e-05 -6.424810574572889372e-06 2.877286797260453135e-06 -2.809747384170929035e-05 -3.234675637469526825e-04 2.452133121722850769e-04 1.738230348108117315e-03 4.482758879035674427e-04
-3.405475024156698761e-05 -8.027194749879125647e-06 3.609017104640434713e-06 -3.509171840827435702e-05 -4.043694571679418127e-04 3.065076764686418156e-04 2.173006303155495395e-03 5.601439572979796363e-04
-4.086133881111766460e-05 -9.628040044445490171e-06 4.345765794547224126e-06 -4.207387597295986041e-05 -4.852847975086588272e-04 3.677984840024222518e-04 2.607869514160541472e-03 6.719311993127900827e-04
-4.766641246217522102e-05 -1.122734092614910202e-05 5.087560522704969373e-06 -4.904392741896844915e-05 -5.662133002310838987e-04 4.290857478922896050e-04 3.042819936643036561e-03 7.836373731660174063e-04
-5.446994450573538555e-05 -1.282509199414170671e-05 5.834429047197603056e-06 -5.600185340184168117e-05 -6.471546763700368465e-04 4.903694805211751984e-04 3.477857526794481732e-03 8.952622335939774620e-04
-6.127190799432438511e-05 -1.442128798467170298e-05 6.586399225397092643e-06 -6.294763434845254246e-05 -7.281086324404431034e-04 5.516496935201433078e-04 3.912982241489535579e-03 1.006805530766399955e-03
-6.807227571991987199e-05 -1.601592377675957013e-05 7.343499011436556531e-06 -6.988125045583154743e-05 -8.090748703484092414e-04 6.129263977531858223e-04 4.348194038299745857e-03 1.118267010195535000e-03
