0.000000000000000000e+00 0.000000000000000000e+00 0.000000000000000000e+00 0.000000000000000000e+00 0.000000000000000000e+00 0.000000000000000000e+00 0.000000000000000000e+00 0.000000000000000000e+00
7.882150810560725404e-06 -7.134947827270110794e-07 7.287369658956332110e-07 -1.269012407926427899e-05 1.066650276241967764e-04 2.212506489731467174e-04 2.844513429980880122e-04 1.730292848762011602e-04
1.575998092695360953e-05 -1.428432192233157304e-06 1.461681333849840717e-06 -2.536819036469809729e-05 2.132873119753764062e-04 4.425241690755105572e-04 5.689532204889850061e-04 3.460224127669719440e-04
2.363350819715248367e-05 -2.144798507975876795e-06 2.198866786809908165e-06 -3.803417633418211454e-05 3.198667503058201089e-04 6.638205920369569723e-04 8.535056464178896558e-04 5.189794243519364357e-04
3.150275076404734985e-05 -2.862579653568791213e-06 2.940327520110673665e-06 -5.068805914397914956e-05 4.264032384808969260e-04 8.851399497475443464e-04 1.138108634791627771e-03 6.919003612178028064e-04
3.936772707375069087e-05 -3.581761186619639091e-06 3.686098253079410684e-06 -6.332981563108018878e-05 5.328966709712068062e-04 1.106482274274515421e-03 1.422762199571233612e-03 8.647852659916945668e-04
4.722845588246932323e-05 -4.302328289588837717e-06 4.436214239027166532e-06 -7.595942230650214156e-05 6.393469408221473483e-04 1.327847597864507088e-03 1.707466354674145887e-03 1.037634182369954593e-03
5.508495626174101230e-05 -5.024265760824269574e-06 5.190711276277609914e-06 -8.857685534978047934e-05 7.457539396239035731e-04 1.549235952947121105e-03 1.992221113968815471e-03 1.210447155143223050e-03
6.293724760567627539e-05 -5.747558006398265743e-06 5.949625719100394138e-06 -1.011820906009089040e-04 8.521175574789416991e-04 1.770647372136450754e-03 2.277026491274828680e-03 1.383224230223735864e-03
7.078534963686265540e-05 -6.472189029015132627e-06 6.712994489276518728e-06 -1.137751035548565580e-04 9.584376829700991208e-04 1.992081888234289219e-03 2.561882500360201757e-03 1.555965454674768621e-03
7.862928241357777554e-05 -7.198142419819709769e-06 7.480855087707837534e-06 -1.263558693536545542e-04 1.064714203125366595e-03 2.213539534234281857e-03 2.846789154940452139e-03 1.728670876739690256e-03
