0.000000000000000000e+00 0.000000000000000000e+00 0.000000000000000000e+00 0.000000000000000000e+00 0.000000000000000000e+00 0.000000000000000000e+00 0.000000000000000000e+00 0.000000000000000000e+00
8.815025844000556958e-06 6.193551300755458343e-07 -3.468681252880254106e-09 -1.372705839738968937e-05 1.166063439537216254e-04 1.642454297610733915e-04 1.292126322409532714e-04 1.822325274315587679e-04
1.762636712623638052e-05 1.243970370754248277e-06 -7.942011734978951493e-09 -2.744395797903012926e-05 2.332045176419647321e-04 3.285045508558607336e-04 2.584367105287563456e-04 3.644677528263964286e-04
2.643402602875528706e-05 1.873886314247801265e-06 -1.342040179470531229e-08 -4.115066554946473311e-05 3.497944665650111864e-04 4.927773827417401180e-04 3.876722747188820128e-04 5.467057152119165781e-04
3.523800481815744638e-05 2.509143949308956444e-06 -1.990414365853455944e-08 -5.484714765519477117e-05 4.663761352073558450e-04 6.570639451249020001e-04 5.169193648222277816e-04 7.289464543765958749e-04
4.403830585991739768e-05 3.149784660092270417e-06 -2.739340114694416040e-08 -6.853337059336575782e-05 5.829494670945456914e-04 8.213642578741663482e-04 6.461780209502383625e-04 9.111900109748879723e-04
5.283493161948227859e-05 3.795850230975756154e-06 -3.588820693356640519e-08 -8.220930040908847264e-05 6.995144047758808208e-04 9.856783410220584969e-04 7.754482833175398724e-04 1.093436426541183381e-03
6.162788466508177564e-05 4.447382852566737066e-06 -4.538845892096354752e-08 -9.587490289166036004e-05 8.160708898074265369e-04 1.150006214766237638e-03 9.047301922385668277e-04 1.275685743506086919e-03
7.041716766962690787e-05 5.104425126015302156e-06 -5.589391696618181330e-08 -1.095301435722560295e-04 9.326188627378182187e-04 1.314347899471221678e-03 1.034023788128898315e-03 1.457938005215161622e-03
7.920278341327136637e-05 5.767020069797771913e-06 -6.740419944794412942e-08 -1.231749877203833579e-04 1.049158263087400945e-03 1.478703415669843429e-03 1.163329111503141845e-03 1.640193255942780717e-03
8.798473478529854103e-05 6.435211124152828393e-06 -7.991877975342003872e-08 -1.368094003406517944e-04 1.165689029334009098e-03 1.643072784066309903e-03 1.292646202974807911e-03 1.822451540911331240e-03
