0.000000000000000000e+00 0.000000000000000000e+00 0.000000000000000000e+00 0.000000000000000000e+00 0.000000000000000000e+00 0.000000000000000000e+00
2.556042613001064786e-05 5.168348417281928890e-07 -2.238257706137936352e-05 2.616434044975474247e-04 2.904040699143279822e-04 2.198465729141481926e-04
5.115140778213059133e-05 1.049434434775496606e-06 -4.478943053596487180e-05 5.229874306620609569e-04 5.809746154051554897e-04 4.395593358945731259e-04
7.677387120824761147e-05 1.598643956010941578e-06 -6.722052668878690019e-05 7.840278578450516874e-04 8.717119955655701444e-04 6.591400814777998839e-04
1.024287834548234799e-04 2.165364540310897686e-06 -8.967580255690499108e-05 1.044760266009071804e-03 1.162616581410564872e-03 8.785907559079008918e-04
1.281171543475654565e-04 2.750557601806459448e-06 -1.121551624327467636e-04 1.305180041947165111e-03 1.453688745178393022e-03 1.097913479516837753e-03
1.538400396122256947e-04 3.355249468623777886e-06 -1.346584748557784884e-04 1.565282366062765041e-03 1.744928860354630828e-03 1.317110559932062330e-03
1.795985442752922321e-04 3.980536424252952241e-06 -1.571855693278372142e-04 1.825062198035425423e-03 2.036337301710022894e-03 1.536184506413495240e-03
2.053938263731090784e-04 4.627590199931080726e-06 -1.797362327213903644e-04 2.084514261258538226e-03 2.327914445328694432e-03 1.755138045434678860e-03
2.312271010013611922e-04 5.297663959586923032e-06 -2.023102053491288206e-04 2.343633025930259590e-03 2.619660668646740190e-03 1.973974137633759725e-03
2.570996447395434373e-04 5.992098832239677058e-06 -2.249071766607671171e-04 2.602412690657306214e-03 2.911576350486359474e-03 2.192695996269161500e-03
