0.000000000000000000e+00 0.000000000000000000e+00 0.000000000000000000e+00 0.000000000000000000e+00 0.000000000000000000e+00 0.000000000000000000e+00 0.000000000000000000e+00 0.000000000000000000e+00 0.000000000000000000e+00 0.000000000000000000e+00
2.164943892013084406e-05 -2.611808968950587438e-07 -3.799313255912611615e-07 -4.163799075664276677e-07 -2.369333635540487970e-06 2.720575992160816211e-04 1.941459709555952819e-04 1.405478391237476000e-04 5.872850089167930027e-05 2.365217334610618318e-05
4.328646862572527334e-05 -5.273021874383603116e-07 -7.630642663240105585e-07 -8.356679242039325040e-07 -4.737675493241178562e-06 5.441489050116527990e-04 3.883100066928463104e-04 2.811000703996063398e-04 1.174540316834165552e-04 4.725850973347355704e-05
6.491107476964010743e-05 -7.983859152554495685e-07 -1.149418364260448734e-06 -1.257881121940418622e-06 -7.105024255411580245e-06 8.162740901778286085e-04 5.824921107891765449e-04 4.216566964825355069e-04 1.761766025795353705e-04 7.081880355825495512e-05
8.652324294199192055e-05 -1.074454269314654598e-06 -1.539013297784016512e-06 -1.683036692300825795e-06 -9.471378586553190970e-06 1.088433328824743021e-03 7.766922867738643632e-04 5.622177200517222955e-04 2.348962238617181256e-04 9.433284771065872615e-05
1.081229586705561533e-04 -1.355529586408548074e-06 -1.931868882837428091e-06 -2.111151947014770637e-06 -1.183673713345882040e-05 1.360626796405131275e-03 9.709105381198624308e-04 7.027831438138528721e-04 2.936129058880475795e-04 1.178004335576648032e-04
1.297102074195092517e-04 -1.641634351519028197e-06 -2.328005074440925513e-06 -2.542244318682573056e-06 -1.420109852575377030e-05 1.632854669724478338e-03 1.165146868244632591e-03 8.433529704985068742e-04 3.523266590964338170e-04 1.412213509275019778e-04
1.512849745897761338e-04 -1.932791199309200371e-06 -2.727441967616492401e-06 -2.976331363253503559e-06 -1.656446137422360848e-05 1.905117126957292994e-03 1.359401280510395826e-03 9.839272028636333357e-04 4.110374940033771065e-04 1.645953880983699478e-04
1.728472455182178782e-04 -2.229022915692853863e-06 -3.130199798932246599e-06 -3.413430759317066972e-06 -1.892682427216439359e-05 2.177414347656348934e-03 1.553673778220103366e-03 1.124505843692130301e-03 4.697454212035270089e-04 1.879223317820547727e-04
1.943970054769647094e-04 -2.530352438988032592e-06 -3.536298947422909171e-06 -3.853560311057397032e-06 -2.128818579392838896e-05 2.449746512766945699e-03 1.747964364621531173e-03 1.265088895793330288e-03 5.284504513746250383e-04 2.112019671087427518e-04
2.159342396735059594e-04 -2.836802861182444749e-06 -3.945759936481652496e-06 -4.296737947670998739e-06 -2.364854449556276782e-05 2.722113804641988852e-03 1.942273042901760489e-03 1.405676362003691364e-03 5.871525952736673460e-04 2.344340776133093328e-04
