0.000000000000000000e+00 0.000000000000000000e+00 0.000000000000000000e+00 0.000000000000000000e+00 0.000000000000000000e+00 0.000000000000000000e+00 0.000000000000000000e+00 0.000000000000000000e+00
2.766852955127565970e-05 -6.420970193771503650e-07 -5.579758539911720831e-07 -5.229082721043714464e-06 3.650782541492841545e-04 2.487162370944789869e-04 1.288233827141301588e-04 5.871611146440306763e-05
5.530157276638118997e-05 -1.289721828190670185e-06 -1.125350822307249733e-06 -1.046169607426517138e-05 7.301817398586577315e-04 4.974926155890920573e-04 2.576394255192851089e-04 1.173805455317983960e-04
8.289894980232166341e-05 -1.942949815918738979e-06 -1.702249988091530429e-06 -1.569790725695195422e-05 1.095310854633091023e-03 7.463292755945279957e-04 3.864481276585557206e-04 1.759928397692859343e-04
1.104604784892168184e-04 -2.601857908346235531e-06 -2.288800519661074365e-06 -2.093778460329575832e-05 1.460466002710922957e-03 9.952263580198510585e-04 5.152494887349123084e-04 2.345525238888027141e-04
1.379859743551355026e-04 -3.266524622444221917e-06 -2.885131720773359285e-06 -2.618139759646114160e-05 1.825647595973189105e-03 1.244184004073414958e-03 6.440435088400339779e-04 2.930591193092181319e-04
1.654752505850494253e-04 -3.937030106883189718e-06 -3.491375076109791509e-06 -3.142881689262756880e-05 2.190856054109238497e-03 1.493202355255488986e-03 7.728301885711243852e-04 3.515121389717659034e-04
1.929281179784422893e-04 -4.613456182414737441e-06 -4.107664297645509463e-06 -3.668011434551800000e-05 2.556091804787603665e-03 1.742281553349601204e-03 9.016095290482050318e-04 4.099110871397077210e-04
2.203443849060203897e-04 -5.295886383433915317e-06 -4.734135372280439168e-06 -4.193536303207342142e-05 2.921355283830433160e-03 1.991421740417119706e-03 1.030381531927362969e-03 4.682554592020965901e-04
2.477238572655659208e-04 -5.984406001125306556e-06 -5.370926610880714653e-06 -4.719463727854714211e-05 3.286646935393598788e-03 2.240623058788911420e-03 1.159146199421233871e-03 5.265447414641700021e-04
2.750663384367686530e-04 -6.679102126954464269e-06 -6.018178698487787484e-06 -5.245801268671331137e-05 3.651967212149108064e-03 2.489885651054844860e-03 1.287903534314089899e-03 5.847784109379679978e-04
