0.000000000000000000e+00 0.000000000000000000e+00 0.000000000000000000e+00 0.000000000000000000e+00 0.000000000000000000e+00 0.000000000000000000e+00 0.000000000000000000e+00 0.000000000000000000e+00 0.000000000000000000e+00 0.000000000000000000e+00
-2.626661663484150626e-06 -1.010120329679441362e-07 7.989898390069786860e-07 8.736483603133552575e-07 -1.515050572751090842e-05 -3.065447780763714647e-05 2.618320246126655261e-05 1.888216159267288230e-04 2.820943812509461098e-04 1.923444174163862867e-04
-5.253920816213475934e-06 -1.999742153272420738e-07 1.599057721263718538e-06 1.753401654983293743e-06 -3.028703652879128995e-05 -6.134335054562540341e-05 5.235210427079259858e-05 3.776653902962746933e-04 5.642504353431728337e-04 3.846433202848505584e-04
-7.881776388796869935e-06 -2.968769395881050958e-07 2.400216206296100732e-06 2.639278859484199552e-06 -4.540957831890200206e-05 -9.206669404887731206e-05 7.850671327011087247e-05 5.665313766463280594e-04 8.464681819641300302e-04 5.768966698683116725e-04
-1.051022729864997698e-05 -3.917105425533858008e-07 3.202477936496357758e-06 3.531299041299661395e-06 -6.051811694210632026e-05 -1.228245845372861436e-04 1.046470373182683514e-04 7.554196286917073217e-04 1.128747640878470342e-03 7.691044273875942286e-04
-1.313927245004801866e-05 -4.844653049797538069e-07 4.005855637951224730e-06 4.429481360459065433e-06 -7.561263817154355771e-05 -1.536170986085729298e-04 1.307730843184739861e-04 9.443302003464315629e-04 1.411088831866566529e-03 9.612665540292969490e-04
-1.576891073322504627e-05 -5.751314511266054438e-07 4.810362121080611974e-06 5.333845071238644956e-06 -9.069312770853827765e-05 -1.844443132462124412e-04 1.568848622189545022e-04 1.133263145724766477e-03 1.693491774726267824e-03 1.153383010948342505e-03
-1.839914102439738837e-05 -6.636991480819417294e-07 5.616010281585419642e-06 6.244409521483262795e-06 -1.057595711824664114e-04 -2.153063058181366987e-04 1.829823790133857438e-04 1.322218519140599654e-03 1.975956489271788949e-03 1.345453759266614785e-03
-2.102996218617788547e-05 -7.501585053194417126e-07 6.422813100828831295e-06 7.161194154326867378e-06 -1.208119541499419507e-04 -2.462031540806911456e-04 2.090656427403277085e-04 1.511196375109659937e-03 2.258482995334511016e-03 1.537478760074789891e-03
-2.366137306664265456e-05 -8.344995749365375999e-07 7.230783646340828744e-06 8.084218507895736430e-06 -1.358502620945016689e-04 -2.771349361828116722e-04 2.351346614843062024e-04 1.700196768351616879e-03 2.541071312763852359e-03 1.729457974432940803e-03
-2.629337249956758236e-05 -9.167123499120770891e-07 8.039935073370088549e-06 9.013502216814901351e-06 -1.508744804259474570e-04 -3.081017306661743439e-04 2.611894433769434997e-04 1.889219753786852956e-03 2.823721461424715234e-03 1.921391363369107748e-03
