0.000000000000000000e+00 0.000000000000000000e+00 0.000000000000000000e+00 0.000000000000000000e+00 0.000000000000000000e+00 0.000000000000000000e+00 0.000000000000000000e+00 0.000000000000000000e+00
2.056413832648031732e-05 -6.299341458774729600e-07 -1.314361234935830218e-07 -4.685855929200186928e-06 2.731061802358938201e-04 2.411457242304496009e-04 1.291038882714035487e-04 5.634272879659128319e-05
4.110744667757236927e-05 -1.264555250645824311e-06 -2.683387020176229796e-07 -9.373215809165603792e-06 5.462280276151264963e-04 4.823313886530093664e-04 2.582070224387478978e-04 1.126448393534558402e-04
6.162984307216847596e-05 -1.903916714898436792e-06 -4.107806190604604162e-07 -1.406211771843951747e-05 8.193658421536246812e-04 7.235570217770645246e-04 3.873094137471631187e-04 1.689060239512614643e-04
8.213124454956109276e-05 -2.548072872933587076e-06 -5.588358830583917924e-07 -1.875260030641792339e-05 1.092519928357929071e-03 9.648226520510673823e-04 5.164110737944955110e-04 2.251259699533007667e-04
1.026115671714346658e-04 -3.197079017653829675e-06 -7.125796499348439425e-07 -2.344470280178876520e-05 1.365690595538126976e-03 1.206128307718098069e-03 6.455120145621784985e-04 2.813043596517756078e-04
1.230707260054747856e-04 -3.850991420225150527e-06 -8.720882467019561211e-07 -2.813846502414213573e-05 1.638878157900030370e-03 1.447474016808226061e-03 7.746122484222488528e-04 3.374408701601818599e-04
1.435086351077038502e-04 -4.509867352293493481e-06 -1.037439193721511758e-06 -3.283392739463459969e-05 1.912082934644441547e-03 1.688859807130245038e-03 9.037117881479391325e-04 3.935351733082109683e-04
1.639252075062222068e-04 -5.173765106644550324e-06 -1.208711227726033582e-06 -3.753113094789107721e-05 2.185305250064069511e-03 1.930285706264530483e-03 1.032810646924771890e-03 4.495869355309521599e-04
1.843203551822337192e-04 -5.842744020367691071e-06 -1.385984326411099867e-06 -4.223011734423175092e-05 2.458545433646015712e-03 2.171751741554003509e-03 1.161908838358208500e-03 5.055958177566797140e-04
2.046939890526753311e-04 -6.516864496871492063e-06 -1.569339732335157467e-06 -4.693092888056439799e-05 2.731803820175854412e-03 2.413257940097325322e-03 1.291006376487453984e-03 5.615614752915222031e-04
