0.000000000000000000e+00 0.000000000000000000e+00 0.000000000000000000e+00 0.000000000000000000e+00 0.000000000000000000e+00 0.000000000000000000e+00 0.000000000000000000e+00 0.000000000000000000e+00
3.657547435542927305e-06 9.764361608936023628e-08 7.290203440925305439e-07 -1.899531064939921345e-05 4.447866659270464229e-05 1.531675195783430837e-04 2.265160288064447353e-04 2.541243798168797653e-04
7.316323801092710285e-06 2.005624354885665220e-07 1.463212660080953055e-06 -3.797175223028714683e-05 8.890729894975704704e-05 3.063372701410799746e-04 4.530697714964444832e-04 5.082697493532875328e-04
1.097636553086204635e-05 3.088326994578293979e-07 2.202636009903002724e-06 -5.692924771911209245e-05 1.332855249534613924e-04 4.595092724495794794e-04 6.796612455124509964e-04 7.624364629548440733e-04
1.463770961655178754e-05 4.225318556198119302e-07 2.947350482796402916e-06 -7.586771914395952152e-05 1.776129667228374483e-04 6.126835477425448314e-04 9.062904680903273750e-04 1.016624880212709404e-03
1.830039361561322175e-05 5.417385842177438259e-07 3.697417221647649923e-06 -9.478708758833907354e-05 2.218892404418273804e-04 7.658601177743354664e-04 1.132957456100283818e-03 1.270835366294967772e-03
2.196445566242157744e-05 6.665328212821414232e-07 4.452898445939343803e-06 -1.136872731741458585e-04 2.661139562375918811e-04 9.190390048303538574e-04 1.359662226033476855e-03 1.525068292056444650e-03
2.562993447944017026e-05 7.969957840425652147e-07 5.213857474747731746e-06 -1.325681950456350066e-04 3.102867180593193649e-04 1.072220231732839328e-03 1.586404793994566301e-03 1.779324034148369775e-03
2.929686938817799058e-05 9.332099957095567057e-07 5.980358749502913662e-06 -1.514297713513319452e-04 3.544071235504215722e-04 1.225403821859003721e-03 1.813185175689691238e-03 2.033602975133878832e-03
3.296530032157338956e-05 1.075259311468120378e-06 6.752467858841113265e-06 -1.702719192272285928e-04 3.984747639215528671e-04 1.378589799149471150e-03 2.040003386415772078e-03 2.287905503605135692e-03
3.663526783528105066e-05 1.223228945198723101e-06 7.530251563537524018e-06 -1.890945547785390828e-04 4.424892238154457349e-04 1.531778188123322608e-03 2.266859441050332949e-03 2.542232014302141241e-03
