0.000000000000000000e+00 0.000000000000000000e+00 0.000000000000000000e+00 0.000000000000000000e+00 0.000000000000000000e+00 0.000000000000000000e+00 0.000000000000000000e+00 0.000000000000000000e+00
1.618898360843265359e-05 -6.473428157054790435e-07 3.097189724220538329e-07 -8.476936793231437409e-06 2.115389058435596602e-04 1.992904519248613006e-04 1.520725712672902578e-04 1.056587638771224960e-04
3.236521962916035064e-05 -1.299038610836717202e-06 6.189118611868248184e-07 -1.695188416927700595e-05 4.230615395331954851e-04 3.986160481573726953e-04 3.041594268940239006e-04 2.112800928851744833e-04
4.852867575101553531e-05 -1.955127176716900348e-06 9.275558621504131462e-07 -2.542486369499678424e-05 6.345679581980097047e-04 5.979768129385362122e-04 4.562606018201408129e-04 3.168638355591484198e-04
6.467931931259354630e-05 -2.615648844870891048e-06 1.235627754147262779e-06 -3.389589724240737892e-05 8.460582203274065027e-04 7.973727705127660803e-04 6.083761311802652087e-04 4.224098385724319262e-04
8.081711730084074842e-05 -3.280644494626448862e-06 1.543103887494816225e-06 -4.236500699949283488e-05 1.057532385856440899e-03 9.968039450432037308e-04 7.605060503037274237e-04 5.279179467807855334e-04
9.694203634478041048e-05 -3.950155563282022744e-06 1.849960176634362065e-06 -5.083221547636769609e-05 1.268990516195536624e-03 1.196270360610565860e-03 9.126503947166126783e-04 6.333880031848252616e-04
1.130540427095171486e-04 -4.624224055366712999e-06 2.156172091176457588e-06 -5.929754550954242296e-05 1.480432674261193595e-03 1.395772041209338661e-03 1.064809200143604492e-03 7.388198488997303921e-04
1.291531022899511014e-04 -5.302892553069249248e-06 2.461714646852656032e-06 -6.776102026887248118e-05 1.691858924507362019e-03 1.595309010745977942e-03 1.216982502514402835e-03 8.442133231152319610e-04
1.452391806047830512e-04 -5.986204225760319579e-06 2.766562397059127749e-06 -7.622266326227228328e-05 1.903269332956325889e-03 1.794881293036141700e-03 1.369170337963271583e-03 9.495682630634340185e-04
1.613122427896061990e-04 -6.674202841110547134e-06 3.070689423487683826e-06 -8.468249834189579839e-05 2.114663967231693743e-03 1.994488911801406503e-03 1.521372742835226059e-03 1.054884503978786294e-03
