0.000000000000000000e+00 0.000000000000000000e+00 0.000000000000000000e+00 0.000000000000000000e+00 0.000000000000000000e+00 0.000000000000000000e+00 0.000000000000000000e+00 0.000000000000000000e+00
7.689492630693034285e-06 -6.380309098966536907e-07 8.443047662483003370e-07 -8.721241751598726906e-06 1.042907345130003821e-04 2.369776561927612927e-04 1.946378619038265491e-04 1.189049911421150349e-04
1.537321444276241956e-05 -1.278536805858062285e-06 1.692656125643352748e-06 -1.743686392537675367e-05 2.085215827535340726e-04 4.739871601778382652e-04 3.893060817002888573e-04 2.377947040332911320e-04
2.305116944757774452e-05 -1.921517975198167411e-06 2.545086675291972300e-06 -2.614686105575844959e-05 3.126922715876948727e-04 7.110285521383163465e-04 5.840046917157581865e-04 3.566692859871673209e-04
3.072336178456829719e-05 -2.566974478909428049e-06 3.401629510756942811e-06 -3.485122755736234636e-05 4.168025243169903491e-04 9.481018727587998225e-04 7.787337241011118476e-04 4.755288871691277304e-04
3.838979573079242982e-05 -3.214906141239264425e-06 4.262318232916617451e-06 -4.354995772467276031e-05 5.208520607042783348e-04 1.185207163168326260e-03 9.734932108103669639e-04 5.943736606983243210e-04
4.605047570495250187e-05 -3.865312543178980967e-06 5.127186959506594770e-06 -5.224304572874637249e-05 6.248405969025358497e-04 1.422344464950127093e-03 1.168283183590041602e-03 7.132037627112851157e-04
5.370540627018607373e-05 -4.518193013582447130e-06 5.996270335416373600e-06 -6.093048561375035755e-05 7.287678453898713445e-04 1.659513820146352788e-03 1.363103673975549907e-03 8.320193524267490565e-04
6.135459213883828354e-05 -5.173546621208711591e-06 6.869603543322488405e-06 -6.961227129341334959e-05 8.326335148936783075e-04 1.896715271269263335e-03 1.557954713281214107e-03 9.508205922137576410e-04
6.899803817511179988e-05 -5.831372166319103378e-06 7.747222315391455295e-06 -7.828839654735320194e-05 9.364373103215859525e-04 2.133948861309908039e-03 1.752836332595241950e-03 1.069607647658282236e-03
7.663574939946769327e-05 -6.491668171716844708e-06 8.629162944481644690e-06 -8.695885501752446327e-05 1.040178932684490297e-03 2.371214633743243174e-03 1.947748562772691093e-03 1.188380687636012099e-03
