0.000000000000000000e+00 0.000000000000000000e+00 0.000000000000000000e+00 0.000000000000000000e+00 0.000000000000000000e+00 0.000000000000000000e+00
2.077658357083718763e-05 -1.928455830259327090e-06 -2.524688869658817049e-05 1.878473348418949261e-04 2.061129489135783775e-04 2.716495619123570314e-04
4.158474026917225559e-05 -3.870172718483711027e-06 -5.050818750509171950e-05 3.754953353860281356e-04 4.123678068943255706e-04 5.431280765843194335e-04
6.242493239973428228e-05 -5.825106580244413132e-06 -7.578413440698106036e-05 5.629426479641295956e-04 6.187648731667209478e-04 8.144349157515856207e-04
8.329763338195365495e-05 -7.793206640715309724e-06 -1.010749654082360752e-04 7.501878704601562444e-04 8.253044555978565448e-04 1.085569460658953244e-03
1.042033271664677505e-04 -9.774413781462098697e-06 -1.263809138413201814e-04 9.372295676356567212e-04 1.031986862607987354e-03 1.356531106999594527e-03
1.251425086822467042e-04 -1.176866000943247105e-05 -1.517022100119109432e-04 1.124066269604018752e-03 1.238812403178957610e-03 1.627319266144873619e-03
1.461156843094943707e-04 -1.377586789109079282e-05 -1.770390808183891279e-04 1.310696470211346939e-03 1.445781386868267172e-03 1.897933366460894484e-03
1.671233723820930489e-04 -1.579594994618150429e-05 -2.023917493435514368e-04 1.497118625315756396e-03 1.652894123818712683e-03 2.168372854716963012e-03
1.881661037210723944e-04 -1.782880800216362336e-05 -2.277604344166696845e-04 1.683331150953500718e-03 1.860150924769641591e-03 2.438637197598426346e-03
2.092444222009174335e-04 -1.987433250178594120e-05 -2.531453501425983224e-04 1.869332421390287923e-03 2.067552101069061385e-03 2.708725883325106571e-03
