0.000000000000000000e+00 0.000000000000000000e+00 0.000000000000000000e+00 0.000000000000000000e+00 0.000000000000000000e+00 0.000000000000000000e+00
2.443283168902607522e-05 -1.491885798993558640e-06 -2.233963885892687140e-05 2.436176659526277958e-04 2.048071902660947828e-04 2.289687724761921099e-04
4.889362638511078011e-05 -3.007613357152420903e-06 -4.470338775292190904e-05 4.870369862587842127e-04 4.097542326503477383e-04 4.577502379990053640e-04
7.338273338044995237e-05 -4.547634243987250892e-06 -6.709172700176293364e-05 7.302568490588396029e-04 6.148414800212421332e-04 6.863431461478811894e-04
9.790050318994768437e-05 -6.112412016446995048e-06 -8.950514628627132246e-05 9.732761249293906411e-04 8.200692935581445743e-04 9.147462247623249897e-04
1.224472866263161893e-04 -7.702421674359260340e-06 -1.119441444822693671e-04 1.216093681171542904e-03 1.025438035571689735e-03 1.142958183601451008e-03
1.470234346395281225e-04 -9.318150027671453269e-06 -1.344092299285168119e-04 1.458708382095471332e-03 1.230948069519838175e-03 1.370977713816683499e-03
1.716292981466710271e-04 -1.096009607940166743e-05 -1.569009207058761149e-04 1.701119089320537146e-03 1.436599760029608035e-03 1.598803487401895956e-03
1.962652278505976750e-04 -1.262877142416204058e-05 -1.794197449292313619e-04 1.943324662106120327e-03 1.642393472912597342e-03 1.826434156620470976e-03
2.209315740470653921e-04 -1.432470066482003135e-05 -2.019662410508879470e-04 2.185323957697531821e-03 1.848329575185795378e-03 2.053868353400607749e-03
2.456286864192340209e-04 -1.604842184579263807e-05 -2.245409581785373968e-04 2.427115831703886839e-03 2.054408435091867671e-03 2.281104688706495857e-03
