0.000000000000000000e+00 0.000000000000000000e+00 0.000000000000000000e+00 0.000000000000000000e+00 0.000000000000000000e+00 0.000000000000000000e+00 0.000000000000000000e+00 0.000000000000000000e+00
1.877487731498614804e-05 4.058427946500512105e-07 -4.344468816396077514e-07 -1.972148015158544596e-05 2.362893074969216569e-04 1.188351134906934833e-04 1.386358016811591910e-04 2.492937315458398960e-04
3.753927198886319552e-05 8.141333943535538567e-07 -8.715116142758502867e-07 -3.943065653739804904e-05 4.725819925985391906e-04 2.376811328308604094e-04 2.772880610350507576e-04 4.985893652249022076e-04
5.629315927131676848e-05 1.224886183591938681e-06 -1.311210524717217414e-06 -5.912749612461289361e-05 7.088780704495858606e-04 3.565380992382337268e-04 4.159568362520032320e-04 7.478868840713946654e-04
7.503651426821659847e-05 1.638115635688294422e-06 -1.753560067200320875e-06 -7.881196566411827740e-05 9.451775566480704726e-04 4.754060540802541586e-04 5.546421858390642367e-04 9.971862709274542484e-04
9.376931194306961767e-05 2.053836311815403716e-06 -2.198576822399868581e-06 -9.848403169283138437e-05 1.181480467263237594e-03 5.942850388605781190e-04 6.933441685782294273e-04 1.246487508490312906e-03
1.124915271158269029e-04 2.472062860767546496e-06 -2.646277498518589019e-06 -1.181436605337714344e-04 1.417786818843487029e-03 7.131750952209033479e-04 8.320628435292168031e-04 1.495790579306276007e-03
1.312031344617102502e-04 2.892810019839706632e-06 -3.096678932810295173e-06 -1.377908182939541562e-04 1.654096628426184002e-03 8.320762649394323248e-04 9.707982700326567554e-04 1.745095465765660742e-03
1.499041085103688421e-04 3.316092614805105660e-06 -3.549798092840460551e-06 -1.574254708618473878e-04 1.890409913545837081e-03 9.509885899339465785e-04 1.109550507711796379e-03 1.994402150098237812e-03
1.685944236444311326e-04 3.741925560240715843e-06 -4.005652077999308450e-06 -1.770475839068367011e-04 2.126726692241792324e-03 1.069912112259425617e-03 1.248319616474371455e-03 2.243710614367799144e-03
1.872740540984295355e-04 4.170323859947142877e-06 -4.464258121015743583e-06 -1.966571228769179076e-04 2.363046983069221237e-03 1.188846874110080455e-03 1.387105656516080671e-03 2.493020840466152275e-03
