0.000000000000000000e+00 0.000000000000000000e+00 0.000000000000000000e+00 0.000000000000000000e+00 0.000000000000000000e+00 0.000000000000000000e+00
-1.177063334908517019e-05 1.664494344453342590e-05 -2.565122890090058274e-05 -1.090514458842181076e-04 4.141128704982880446e-04 2.397215303349867590e-04
-2.355144525929630685e-05 3.360124223041378611e-05 -5.135487063674116484e-05 -2.182876839225973264e-04 8.284721318613322023e-04 4.791022196370765059e-04
-3.534347824854850757e-05 5.087424791345827738e-05 -7.711244451678881870e-05 -3.276993843609138455e-04 1.243079274621496783e-03 7.181298355288419366e-04
-4.714786029958747639e-05 6.846937491006804919e-05 -1.029255685452977226e-04 -4.372765709019612907e-04 1.657935779214573645e-03 9.567915735737312841e-04
-5.896581141155165948e-05 8.639209752121908227e-05 -1.287959666684292928e-04 -5.470085804661639368e-04 2.073043114471275882e-03 1.195074025299796509e-03
-7.079865066626596566e-05 1.046479464801129016e-04 -1.547254765746674859e-04 -6.568840201497982197e-04 2.488402736025179408e-03 1.432963144051761393e-03
-8.264780385185944934e-05 1.232425049773408911e-04 -1.807160580955598662e-04 -7.668907211685032765e-04 2.904016084622960264e-03 1.670444208503043268e-03
-9.451481169076875351e-05 1.421814041046986642e-04 -2.067698022582853965e-04 -8.770156895261936071e-04 3.319884584337456836e-03 1.907501783636217580e-03
-1.064013387260465875e-04 1.614703176565175289e-04 -2.328889410438914358e-04 -9.872450531616229832e-04 3.736009640670676004e-03 2.144119678985571213e-03
-1.183091829218107908e-04 1.811149562224419543e-04 -2.590758579127713096e-04 -1.097564005267757242e-03 4.152392638549978927e-03 2.380280903918135897e-03
