0.000000000000000000e+00 0.000000000000000000e+00 0.000000000000000000e+00 0.000000000000000000e+00 0.000000000000000000e+00 0.000000000000000000e+00 0.000000000000000000e+00 0.000000000000000000e+00
1.711383464296553078e-05 -6.388478484717758138e-07 -2.041472399697049455e-07 -9.275223253332851877e-06 2.243476416051245917e-04 1.525307336410262709e-04 2.042572638119935513e-04 1.176119771620868782e-04
3.421516112372942022e-05 -1.281421580102409734e-06 -4.122535409891306444e-07 -1.854802558186033947e-05 4.487185937284955900e-04 3.050785006364817287e-04 4.085281062592240379e-04 2.351834080354484209e-04
5.130393178641769745e-05 -1.927766768649555830e-06 -6.243754718257656097e-07 -2.781843023009055384e-05 6.731131696339754094e-04 4.576433087830054404e-04 6.128125528038273588e-04 3.527139717018946703e-04
6.838009837261703797e-05 -2.577929822630233481e-06 -8.405705497021757501e-07 -3.708646085807321737e-05 8.975316876399319979e-04 6.102251655050628266e-04 8.171106293956147430e-04 4.702033421085335431e-04
8.544361201464820404e-05 -3.231958005310804082e-06 -1.060897260900496069e-06 -4.635214154992730993e-05 1.121974471277980157e-03 7.628240778098753505e-04 1.021422362490478301e-03 5.876511879440148587e-04
1.024944232245021138e-04 -3.889899452843412664e-06 -1.285415080495001897e-06 -5.561549682183218439e-05 1.346441849397740165e-03 9.154400522749276629e-04 1.225747779059101206e-03 7.050571725311189850e-04
1.195324818819203463e-04 -4.551803194403918382e-06 -1.514184493507569475e-06 -6.487655163243885852e-05 1.570934156274082392e-03 1.068073095037871132e-03 1.430086906600647970e-03 8.224209537162380668e-04
1.365577372219140364e-04 -5.217719170765422923e-06 -1.747267015639530707e-06 -7.413533139174029651e-05 1.795451731717852750e-03 1.220723211785850956e-03 1.634439773151262314e-03 9.397421837548017689e-04
1.535701378228494687e-04 -5.887698254740677154e-06 -1.984725215093849045e-06 -8.339186197110887134e-05 2.019994921188816850e-03 1.373390407744726162e-03 1.838806407298166886e-03 1.057020509198150536e-03
1.705696315936827624e-04 -6.561792272025191957e-06 -2.226622734665739607e-06 -9.264616971309625815e-05 2.244564075911736640e-03 1.526074687666279916e-03 2.043186838188454195e-03 1.174255570770934339e-03
