0.000000000000000000e+00 0.000000000000000000e+00 0.000000000000000000e+00 0.000000000000000000e+00 0.000000000000000000e+00 0.000000000000000000e+00 0.000000000000000000e+00 0.000000000000000000e+00 0.000000000000000000e+00 0.000000000000000000e+00
8.389508707699890012e-06 4.122745666190259895e-07 5.209114584493615850e-07 3.324014837814441867e-07 -1.321799138967363632e-05 1.006043955763287609e-04 1.314835120902192972e-04 8.849469038986522776e-05 1.244864462809530702e-04 1.647236490316069974e-04
1.677609641737879420e-05 8.250559968608285581e-07 1.042899424456111390e-06 6.664432989507015510e-07 -2.643142470530839203e-05 2.011859889045000010e-04 2.629796247788690933e-04 1.769866398431152205e-04 2.489796714332245331e-04 3.294565819262464459e-04
2.515976356190961039e-05 1.238349341940965314e-06 1.565968767110701926e-06 1.002131178144642231e-06 -3.964029751313649549e-05 3.017447211763408708e-04 3.944883412187299965e-04 2.654758474307422123e-04 3.734796788716068989e-04 4.941988485500380156e-04
3.354051057668850012e-05 1.652159687147271099e-06 2.090124387273734959e-06 1.339470888934714312e-06 -5.284460737015905411e-05 4.022805332241329566e-04 5.260096645785498773e-04 3.539623122184384777e-04 4.979864720094319321e-04 6.589504991020578035e-04
4.191833790105972679e-05 2.066492151470217256e-06 2.615371216244929069e-06 1.678468233279246821e-06 -6.604435182465044727e-05 5.027933655198559958e-04 6.575435980400096744e-04 4.424460332693275449e-04 6.225000542527203782e-04 8.237115841221825637e-04
5.029324597698810775e-05 2.481351887786521903e-06 3.141714216944671104e-06 2.019129047856860951e-06 -7.923952841543222426e-05 6.032831581715835008e-04 7.890901447985760112e-04 5.309270096434146958e-04 7.470204290018146905e-04 9.884821544937577933e-04
5.866523524991845793e-05 2.896744083830872060e-06 3.669158384181659955e-06 2.361459205193120440e-06 -9.243013467251861453e-05 7.037498509205916252e-04 9.206493080625438455e-04 6.194052403984324530e-04 8.715475996508865314e-04 1.153262261446853700e-03
6.703430616879686732e-05 3.312673961472818395e-06 4.197708744488671111e-06 2.705464612789818977e-06 -1.056161681165467795e-04 8.041933831382648513e-04 1.052221091055199724e-03 7.078807245892273017e-04 9.960815695873842090e-04 1.318051956560149438e-03
7.540045918580723307e-05 3.729146778068365375e-06 4.727370356599782633e-06 3.051151214168351992e-06 -1.187976262592935634e-04 9.046136938244826427e-04 1.183805497012041779e-03 7.963534612670041630e-04 1.120622342193539284e-03 1.482851291764692792e-03
8.376369475651503148e-05 4.146167825594901594e-06 5.258148312078777051e-06 3.398524989080921782e-06 -1.319745066028280001e-04 1.005010721602504070e-03 1.315402529183325652e-03 8.848234494802029171e-04 1.245169920843046960e-03 1.647660319346580656e-03
