0.000000000000000000e+00 0.000000000000000000e+00 0.000000000000000000e+00 0.000000000000000000e+00 0.000000000000000000e+00 0.000000000000000000e+00 0.000000000000000000e+00 0.000000000000000000e+00 0.000000000000000000e+00 0.000000000000000000e+00
9.973016389400564535e-06 2.231692354110057277e-07 6.006498462203776365e-07 3.054355509099760367e-07 -1.321307980394981899e-05 1.215626043007349803e-04 1.142155807661843334e-04 1.599714199381090975e-04 1.145981952329055693e-04 1.643891574653069351e-04
1.994275221409327651e-05 4.461977887970841371e-07 1.202192332753039219e-06 6.124054181896331186e-07 -2.642148931983114441e-05 2.431092748229656876e-04 2.284341090761495224e-04 3.199560001427929337e-04 2.291972101320386085e-04 3.287824343297893214e-04
2.990920768444516685e-05 6.690891357966693775e-07 1.804631829244224796e-06 9.209138481628774358e-07 -3.962522678208252775e-05 3.646399654602040146e-04 3.426555887409274610e-04 4.799537418120121304e-04 3.437970446180982939e-04 4.931798706094277056e-04
3.987238301388901755e-05 8.918467785954427155e-07 2.407972736047443011e-06 1.230965114402427075e-06 -5.282429041838067676e-05 4.861546297875849105e-04 4.568800235895084964e-04 6.399646461440412944e-04 4.583976985969739253e-04 6.575815066264834594e-04
4.983227841814454365e-05 1.114474247084951846e-06 3.012219483638836683e-06 1.542563518945246702e-06 -6.601867845035555126e-05 6.076532210599242629e-04 5.711074174711487476e-04 7.999887143360157526e-04 5.729991719597226458e-04 8.219873830149906435e-04
5.978889411571774797e-05 1.336975098366928059e-06 3.617376533995426112e-06 1.855713391703576752e-06 -7.920838909360377667e-05 7.291356922068147669e-04 6.853377742516656573e-04 9.600259475837012680e-04 6.876014645828922630e-04 9.863975407225949229e-04
6.974223032778399667e-05 1.559352917208836864e-06 4.223448379881116209e-06 2.170419091293967351e-06 -9.239342055715043254e-05 8.506019958311667514e-04 7.995710978165257183e-04 1.120076347082487982e-03 8.022045763270933003e-04 1.150812021014371205e-03
7.969228727802654428e-05 1.781611316554782003e-06 4.830439545986887548e-06 2.486685004865269219e-06 -1.055737710436995100e-04 9.720520842060617703e-04 9.138073920698921646e-04 1.280139914025782161e-03 9.168085070379621481e-04 1.315230865474768807e-03
8.963906519308077877e-05 2.003753937400646869e-06 5.438354588557725783e-06 2.804515548614442007e-06 -1.187494387492397095e-04 1.093485909271742478e-03 1.028046660936361321e-03 1.440216649606224303e-03 1.031413256545450803e-03 1.479654116010873386e-03
9.958256430233799453e-05 2.225784449383233024e-06 6.047198095746967721e-06 3.123915168214356754e-06 -1.319204218638084236e-04 1.214903422632268408e-03 1.142288908357780037e-03 1.600306555015347390e-03 1.146018824664513927e-03 1.644081814856150582e-03
