0.000000000000000000e+00 0.000000000000000000e+00 0.000000000000000000e+00 0.000000000000000000e+00 0.000000000000000000e+00 0.000000000000000000e+00
1.870266825911006414e-05 -4.999436330011175131e-07 -2.191718228923073475e-05 1.793193994731321402e-04 2.582456583898026293e-04 2.226365182387959668e-04
3.742318838659618272e-05 -1.011935351640280269e-06 -4.385609999243134907e-05 3.585387596822063442e-04 5.166219991465510709e-04 4.450447522625674678e-04
5.616152103277542999e-05 -1.536523297555801149e-06 -6.581732061891974316e-05 5.376593733894493611e-04 7.751292160756075456e-04 6.672220329125978615e-04
7.491761045000104222e-05 -2.074286940273771469e-06 -8.780143382393454810e-05 7.166826205726706776e-04 1.033767510068722608e-03 8.891655789846132120e-04
9.369138269665505420e-05 -2.625839166066156984e-06 -1.098090522185466713e-04 8.956099794877458043e-04 1.292537082434987942e-03 1.110872502795413972e-03
1.124827442156339953e-04 -3.191828481733258592e-06 -1.318408128340987874e-04 1.074443032997794830e-03 1.551438134915533208e-03 1.332339803886259519e-03
1.312915802990439931e-04 -3.772941385768944559e-06 -1.538973786996675522e-04 1.253183475368996932e-03 1.810470869701992285e-03 1.553564362272822534e-03
1.501177534316137149e-04 -4.369904919424609177e-06 -1.759794405429302778e-04 1.431833119565203202e-03 2.069635489453807570e-03 1.774542931197992460e-03
1.689611015002892634e-04 -4.983489413060665605e-06 -1.980877186240329231e-04 1.610393905091157731e-03 2.328932197315440600e-03 1.995272129356278918e-03
1.878214358594732587e-04 -5.614511445536333746e-06 -2.202229647157913080e-04 1.788867906421911678e-03 2.588361196938702286e-03 2.215748432530209588e-03
