0.000000000000000000e+00 0.000000000000000000e+00 0.000000000000000000e+00 0.000000000000000000e+00 0.000000000000000000e+00 0.000000000000000000e+00
7.671792691648537371e-06 7.641070025835736487e-06 -2.632101306915299272e-05 8.462092899966376267e-05 2.496583059488364023e-04 2.655640294499857245e-04
1.535328717065652409e-05 1.540691724758073703e-05 -5.267015308683876718e-05 1.691513570572459463e-04 4.994427115835319052e-04 5.308926660316937033e-04
2.304480585735260072e-05 2.329949637717170476e-05 -7.904781391865707194e-05 2.535918608745199501e-04 7.493538005903493514e-04 7.959825591024028129e-04
3.074667329794558175e-05 3.132077462113832237e-05 -1.054543914690410182e-04 3.379430871966818952e-04 9.993921152401863059e-04 1.060830366806541757e-03
3.845921269483862175e-05 3.947276284167763427e-05 -1.318903016402508488e-04 4.222057514361584555e-04 1.249558266263840626e-03 1.325432494810778808e-03
4.618274751454779842e-05 4.775749025674828072e-05 -1.583559675777176251e-04 5.063806484196062708e-04 1.499852846216801795e-03 1.589785292713340572e-03
5.391760022308062812e-05 5.617701007850748761e-05 -1.848518238380271851e-04 5.904686565479977433e-04 1.750276451031264899e-03 1.853884998574790435e-03
6.166409150041353990e-05 6.473339887274869183e-05 -2.113783172817342189e-04 6.744707438115590424e-04 2.000829680011863201e-03 2.117727733137046969e-03
6.942253937122216533e-05 7.342875580855777766e-05 -2.379359080473310035e-04 7.583879742507779404e-04 2.251513135828770665e-03 2.381309493655469223e-03
7.719325824488443852e-05 8.226520178944615443e-05 -2.645250706145302203e-04 8.422215149096704424e-04 2.502327424508517251e-03 2.644626147298915868e-03
