0.000000000000000000e+00 0.000000000000000000e+00 0.000000000000000000e+00 0.000000000000000000e+00 0.000000000000000000e+00 0.000000000000000000e+00 0.000000000000000000e+00 0.000000000000000000e+00
1.348945466572407209e-05 6.276354575266805454e-07 -1.283285765182076709e-07 -1.822361662183163340e-05 1.727895323130250547e-04 1.569716735927348113e-04 1.430579448385153516e-04 2.361552148951195939e-04
2.697216539360985780e-05 1.260412356838780906e-06 -2.579789931622932443e-07 -3.643274904223347106e-05 3.455712111399527188e-04 3.139599348599991400e-04 2.861354921839659167e-04 4.723089667122074681e-04
4.044812867834699291e-05 1.898371628630330051e-06 -3.889540962576953027e-07 -5.462734755911558595e-05 5.183449984044941799e-04 4.709648150622506961e-04 4.292327091055450476e-04 7.084612758671597014e-04
5.391734111013051747e-05 2.541554630214846841e-06 -5.212566234149909571e-07 -7.280736205139794529e-05 6.911108553442289184e-04 6.279863457012541637e-04 5.723496630079501820e-04 9.446121633346362366e-04
6.737979938971413866e-05 3.190003146264499730e-06 -6.548891933147323968e-07 -9.097274199015160771e-05 8.638687425769102845e-04 7.850245584308108678e-04 7.154864215315901105e-04 1.180761650822210150e-03
8.083550033100635624e-05 3.843759394911535593e-06 -7.898543021869955299e-07 -1.091234364346833745e-04 1.036618620084395290e-03 9.420794850580721221e-04 8.586430525519623191e-04 1.416909760781687047e-03
9.428444086418102509e-05 4.502866034126377256e-06 -9.261543196025382786e-07 -1.272593940269878049e-04 1.209360447201793427e-03 1.099151157546415184e-03 1.001819624179523319e-03 1.653056516425455320e-03
1.077266180390872252e-04 5.167366168026523094e-06 -1.063791484821700635e-06 -1.453805629863686453e-04 1.382094182603426464e-03 1.256239608015981887e-03 1.145016204762586230e-03 1.889201941739513703e-03
1.211620290279921984e-04 5.837303353180149282e-06 -1.202767902993911401e-06 -1.634868911043141576e-04 1.554819784288694788e-03 1.413344868744886330e-03 1.288232862885724727e-03 2.125346061498655740e-03
1.345906711290094327e-04 6.512721605476466032e-06 -1.343085540735690849e-06 -1.815783257387612701e-04 1.727537209567555927e-03 1.570466972172434965e-03 1.431469667370822768e-03 2.361488901281463219e-03
