0.000000000000000000e+00 0.000000000000000000e+00 0.000000000000000000e+00 0.000000000000000000e+00 0.000000000000000000e+00 0.000000000000000000e+00
1.839945931540950622e-05 1.397358477161746442e-08 -1.149605839410279548e-05 2.056585449109431382e-04 2.670126652809321345e-04 1.136282211674309578e-04
3.680555672358859330e-05 2.718121279899893809e-08 -2.300252772177106475e-05 4.111973322288615821e-04 5.340905146575620956e-04 2.272180358487472347e-04
5.521852176449502524e-05 3.975184459523783284e-08 -3.451942517610575466e-05 6.166149451980841101e-04 8.012336371199768300e-04 3.407701834213030536e-04
7.363859276225109677e-05 5.182594596801261435e-08 -4.604676148286258446e-05 8.219099146995943956e-04 1.068442123710103752e-03 4.542854482990399986e-04
9.206601728600792079e-05 6.355639105111293832e-08 -5.758454030162118200e-05 1.027080719737584295e-03 1.335716065946306822e-03 5.677646631567441525e-04
1.105010527460118137e-04 7.510934135838835576e-08 -6.913275764952577440e-05 1.232125784617716215e-03 1.603055555831458265e-03 6.812087118448342587e-04
1.289439670332379528e-04 8.666518886037020481e-08 -8.069140128207793702e-05 1.437043475942628669e-03 1.870460685860160554e-03 7.946185325020807067e-04
1.473950392067056522e-04 9.841956956726212262e-08 -9.226045002641630668e-05 1.641832099402147291e-03 2.137931549026674850e-03 9.079951208809886867e-04
1.658545602327528496e-04 1.105844501272738710e-07 -1.038398730624286875e-04 1.846489896348571958e-03 2.405468238833597446e-03 1.021339533900190132e-03
1.843228337805697347e-04 1.233892971620407771e-07 -1.154296291495889081e-04 2.051015040139586749e-03 2.673070849299857485e-03 1.134652893447057106e-03
