0.000000000000000000e+00 0.000000000000000000e+00 0.000000000000000000e+00 0.000000000000000000e+00 0.000000000000000000e+00 0.000000000000000000e+00 0.000000000000000000e+00 0.000000000000000000e+00
4.538456916089244059e-07 -7.513494380067117708e-07 1.407026548084521810e-06 -7.787256447211387289e-06 1.358431284672266132e-05 2.545138107111493027e-04 2.343279808863710364e-04 1.132421911265214267e-04
9.057437450696785602e-07 -1.504742390879384524e-06 2.823062623079819899e-06 -1.556562458164408196e-05 2.708708716380768948e-05 5.090663547795653936e-04 4.687013655112260194e-04 2.264550987546364936e-04
1.355713343800660234e-06 -2.260165825523938150e-06 4.248184722502926339e-06 -2.333507516528692734e-05 4.050797232386681076e-05 7.636577080997158495e-04 7.031202197424344302e-04 3.396388223613512332e-04
1.803773992724317871e-06 -3.017606280162374137e-06 5.682470347482018838e-06 -3.109557855531003046e-05 5.384661355928256274e-05 1.018287947240050385e-03 9.375846095429936486e-04 4.527934639042421688e-04
2.249945539958256385e-06 -3.777049849008904319e-06 7.125998016170901226e-06 -3.884710470204639262e-05 6.710265211161273776e-05 1.272957149350371605e-03 1.172094600876454540e-03 5.659191279614582838e-04
2.694248183722767657e-06 -4.538482171107502516e-06 8.578847280758274390e-06 -4.658962314165421379e-05 8.027572516037143426e-05 1.527665392168097791e-03 1.406650259705459352e-03 6.790159217883464347e-04
3.136702478997313386e-06 -5.301888419228541804e-06 1.004109874593819348e-05 -5.432310298847963691e-05 9.336546575105831051e-05 1.782412754026137681e-03 1.641251651983969672e-03 7.920839553794290638e-04
3.577329344126548596e-06 -6.067253287936158577e-06 1.151283408633334590e-05 -6.204751292690884328e-05 1.063715027221414646e-04 2.037199313862347524e-03 1.875898843654984823e-03 9.051233415281885160e-04
4.016150067957209069e-06 -6.834560981238264844e-06 1.299413606561445685e-05 -6.976282120413798932e-05 1.192934606289189169e-04 2.292025151225498755e-03 2.110591900644643703e-03 1.018134195890892883e-03
4.453186316662562623e-06 -7.603795201155389680e-06 1.448508855514582235e-05 -7.746899562085848693e-05 1.321309596681524234e-04 2.546890346285161574e-03 2.345330888857594803e-03 1.131116637051213366e-03
