0.000000000000000000e+00 0.000000000000000000e+00 0.000000000000000000e+00 0.000000000000000000e+00 0.000000000000000000e+00 0.000000000000000000e+00
1.326721972051214679e-05 7.630257403344454614e-06 -3.234858972195849068e-05 1.419127591152541965e-04 3.281071906124217964e-04 3.264227204053088524e-04
2.654939473914010682e-05 1.542083580193262941e-05 -6.474091774101498520e-05 2.837003025375008677e-04 6.564118707309151866e-04 6.524668300062908943e-04
3.984693624356736458e-05 2.337483045745878529e-05 -9.717787188641677828e-05 4.253648022840231398e-04 9.849150035547103981e-04 9.781254988351897797e-04
5.316024303533549455e-05 3.149537283991334406e-05 -1.296603733425417525e-04 5.669086566400067737e-04 1.313617559310009111e-03 1.303391618475500079e-03
6.648969856222266823e-05 3.978562769345929542e-05 -1.621893798688777560e-04 7.083345101208452215e-04 1.642520515261091784e-03 1.628257782845329935e-03
7.983566757561522727e-05 4.824878960313903377e-05 -1.947658893889798451e-04 8.496452753549491293e-04 1.971624855713473116e-03 1.952716267255549245e-03
9.319849236783752549e-05 5.688807899720257975e-05 -2.273909439899799107e-04 9.908441570890837678e-04 2.300931572007062793e-03 2.276759005559076798e-03
1.065784885378219266e-04 6.570673751562503874e-05 -2.600656343854985302e-04 1.131934678552180178e-03 2.630441662497444346e-03 2.600377565190747572e-03
1.199759402279802734e-04 7.470802266179045730e-05 -2.927911048959340435e-04 1.272920710430709354e-03 2.960156132523272116e-03 2.923563119862462954e-03
1.333910947661023113e-04 8.389520164654690844e-05 -3.255685590109093233e-04 1.413806502751055721e-03 3.290075994359632772e-03 3.246306419665880190e-03
