0.000000000000000000e+00 0.000000000000000000e+00 0.000000000000000000e+00 0.000000000000000000e+00 0.000000000000000000e+00 0.000000000000000000e+00 0.000000000000000000e+00 0.000000000000000000e+00
1.250970769611446022e-05 -3.020082726335524485e-07 3.776705089878102031e-07 -1.293536088193050692e-05 1.633641771006671289e-04 1.959533855369249616e-04 1.907992889539181800e-04 1.686783059940709156e-04
2.501171890128469838e-05 -6.045687059738938996e-07 7.563488766940538393e-07 -2.586223425172099122e-05 3.267059830120609080e-04 3.919339073488962294e-04 3.816234858481167176e-04 3.373298557597690186e-04
3.750603104284436424e-05 -9.076799569098763712e-07 1.136036318086887830e-06 -3.878061260942251831e-05 4.900254369111778623e-04 5.879415749402394338e-04 5.724726079916612250e-04 5.059546181333623950e-04
4.999264155084125861e-05 -1.211340678978286755e-06 1.516734038343224778e-06 -5.169048841593178455e-05 6.533225583388218086e-04 7.839763978055476479e-04 7.633466727803552227e-04 6.745525615517626930e-04
6.247154786292681073e-05 -1.515549522272265190e-06 1.898443232171418739e-06 -6.459185409749833881e-05 8.165973672642751592e-04 9.800383853906173386e-04 9.542456976671058856e-04 8.431236540878284808e-04
7.494274742437919887e-05 -1.820305134506858960e-06 2.281165083645327233e-06 -7.748470204540773456e-05 9.798498840931906678e-04 1.176127547089350070e-03 1.145169700163302037e-03 1.011667863447048401e-03
8.740623768857922360e-05 -2.125606161116042915e-06 2.664900764993935895e-06 -9.036902461557581466e-05 1.143080129677178161e-03 1.372243892242849253e-03 1.336118697839165648e-03 1.180185156955356959e-03
9.986201611655290324e-05 -2.431451246178075864e-06 3.049651436726306416e-06 -1.032448141285658349e-04 1.306288125323032834e-03 1.568387430139782813e-03 1.527092708325325336e-03 1.348675501551226466e-03
1.123100801771996781e-04 -2.737839032173185620e-06 3.435418246185403313e-06 -1.161120628692221326e-04 1.469473892801028206e-03 1.764558170013019777e-03 1.718091749313469061e-03 1.517138863777287667e-03
1.247504273475782467e-04 -3.044768161355887741e-06 3.822202327494549594e-06 -1.289707630866571565e-04 1.632637454354333387e-03 1.960756121040535798e-03 1.909115838558352821e-03 1.685575209770249919e-03
