0.000000000000000000e+00 0.000000000000000000e+00 0.000000000000000000e+00 0.000000000000000000e+00 0.000000000000000000e+00 0.000000000000000000e+00 0.000000000000000000e+00 0.000000000000000000e+00 0.000000000000000000e+00 0.000000000000000000e+00
1.500108356996884586e-05 -4.229810760758966719e-08 1.745534972474566167e-07 3.762681128971197531e-08 -5.400803509757820841e-06 1.874718144531376982e-04 1.790713216659707357e-04 1.640614211379604829e-04 6.741608463642286301e-05 6.582554027839660708e-05
2.999449795433005032e-05 -8.753100918696870355e-08 3.481933902471915954e-07 7.445253131752486305e-08 -1.080038708700432095e-05 3.749429071104729613e-04 3.581591455226487111e-04 3.281345662802410685e-04 1.348274819980782655e-04 1.316315475774637058e-04
4.498023784808662367e-05 -1.357076728512758557e-07 5.209121077850000035e-07 1.104707182027304734e-07 -1.619875232190293878e-05 5.624133246101914799e-04 5.372634765052963302e-04 4.922194400206628215e-04 2.022341935459130225e-04 1.974179602590927791e-04
5.995829792524192179e-05 -1.868371173928406675e-07 6.927020269959816722e-07 1.456748891987656052e-07 -2.159590081089567674e-05 7.498831139654426768e-04 7.163843195367922394e-04 6.563160469684519100e-04 2.696362207604841845e-04 2.631847162613855633e-04
7.492867283789057147e-05 -2.409284134279449086e-07 8.635554753008932427e-07 1.800585199130165624e-07 -2.699183415659453950e-05 9.373523225696253278e-04 8.955216795255635650e-04 8.204243917503700355e-04 3.370335651442444820e-04 3.289317530926650778e-04
8.989135721600164861e-05 -2.979906830231999408e-07 1.033464728247629542e-06 2.136150437296930441e-07 -3.238655396779163324e-05 1.124820998201696547e-03 1.074675561364048758e-03 9.845444790076973967e-04 4.044262282193367055e-04 3.946590078288570325e-04
1.048463456680379541e-04 -3.580331012309514836e-07 1.202422009408405642e-06 2.463378520622062695e-07 -3.778006185954638284e-05 1.312289189028586524e-03 1.253845969931301251e-03 1.148676313400118741e-03 4.718142115299790587e-04 4.603664171098392115e-04
1.197936327802234119e-04 -4.210648953176469986e-07 1.370419490320693253e-06 2.782202932879632135e-07 -4.317235945314147947e-05 1.499756943608533850e-03 1.433032910090342163e-03 1.312819899602584491e-03 5.391975166409108738e-04 5.260539171343520375e-04
1.347332131163665129e-04 -4.870953459892424892e-07 1.537449290055381302e-06 3.092556731953361522e-07 -4.856344837614049912e-05 1.687224310895134262e-03 1.612236386687707860e-03 1.476975242307632455e-03 6.065761451397150804e-04 5.917214436568113975e-04
1.496650812179543431e-04 -5.561337873147408371e-07 1.703503474339680094e-06 3.394372537820384303e-07 -5.395333026254940808e-05 1.874691340241016078e-03 1.791456404555794328e-03 1.641142346225086526e-03 6.739500986339906066e-04 6.573689319838079163e-04
