0.000000000000000000e+00 0.000000000000000000e+00 0.000000000000000000e+00 0.000000000000000000e+00 0.000000000000000000e+00 0.000000000000000000e+00
2.143717558177019072e-05 1.376650685971473131e-07 -2.033051169367673905e-05 2.286119669460314201e-04 2.888437586608265427e-04 2.150988473444599713e-04
4.289333499165136598e-05 2.812813030695403494e-07 -4.067699157719898643e-05 4.570521844860523037e-04 5.777935510120718555e-04 4.300898466338948624e-04
6.436896477680857762e-05 4.311728599230877283e-07 -6.103955346220851406e-05 6.853186608180396929e-04 8.668496153304277186e-04 6.449732920984725454e-04
8.586456797307811856e-05 5.876840995704702564e-07 -8.141830182598832775e-05 9.134093280773228048e-04 1.156012195137275361e-03 8.597495289961493321e-04
1.073806648480218022e-04 7.511810658481306283e-07 -1.018133306415049480e-04 1.141322044095699267e-03 1.445281535145102577e-03 1.074418961383639742e-03
1.289177939922128376e-04 9.220530500398128521e-07 -1.222247223626077056e-04 1.369054587814508414e-03 1.734657881272411509e-03 1.288982056561380077e-03
1.504765135035212534e-04 1.100714284674117143e-06 -1.426525468186038543e-04 1.596604654337346624e-03 2.024141480651818394e-03 1.503439349880588988e-03
1.720574022679453093e-04 1.287605780505642636e-06 -1.630968600118202474e-04 1.823969849584765757e-03 2.313732581648418000e-03 1.717791449947959079e-03
1.936610613512579240e-04 1.483197316407508873e-06 -1.835577028058572847e-04 2.051147684517732120e-03 2.603431433869912021e-03 1.932039044260344717e-03
2.152881155088314522e-04 1.687989602800166563e-06 -2.040350994981056712e-04 2.278135568885929826e-03 2.893238288181658024e-03 2.146182905317376571e-03
