0.000000000000000000e+00 0.000000000000000000e+00 0.000000000000000000e+00 0.000000000000000000e+00 0.000000000000000000e+00 0.000000000000000000e+00 0.000000000000000000e+00 0.000000000000000000e+00
-4.471183847373724513e-06 -1.473538103708430192e-06 5.519726987711936721e-07 -7.500703511259868605e-06 -5.078676398036898268e-05 7.285135286227524467e-05 4.164055356760840111e-04 1.169394023724722550e-04
-8.941056925044916630e-06 -2.945908872655022891e-06 1.106893697023863298e-06 -1.499065328503914325e-05 -1.015914927894284823e-04 1.456893373810470437e-04 8.328949787317159372e-04 2.338216444617836854e-04
-1.340959768613080537e-05 -4.417098382000300572e-06 1.664770150172591498e-06 -2.246983510514291666e-05 -1.524140177671593204e-04 2.185139445445994765e-04 1.249468266173562030e-03 3.506466879311802049e-04
-1.787678435899568458e-05 -5.887092646048784584e-06 2.225609073834375424e-06 -2.993823449437715996e-05 -2.032541676249805895e-04 2.913251646449694179e-04 1.666125335465442388e-03 4.674144923073224388e-04
-2.234259494534762989e-05 -7.355877617008643726e-06 2.789417339912840030e-06 -3.739583672204333962e-05 -2.541117684100084812e-04 3.641229872735143327e-04 2.082866124439788393e-03 5.841250150736388520e-04
-2.680700721743506024e-05 -8.823439187618274803e-06 3.356201670229205070e-06 -4.484262680241451202e-05 -3.049866434501794063e-04 4.369074013098138811e-04 2.499690571308687149e-03 7.007782116274194643e-04
-3.126999871566602299e-05 -1.028976319109235383e-05 3.925968630483040128e-06 -5.227858949164642467e-05 -3.558786132987829713e-04 5.096783949075237366e-04 2.916598614668498238e-03 8.173740352341771730e-04
-3.573154674584798465e-05 -1.175483540380400482e-05 4.498724623478496403e-06 -5.970370928454444908e-05 -4.067874956760515618e-04 5.824359554818514789e-04 3.333590193509057293e-03 9.339124369854035499e-04
-4.019162837622462499e-05 -1.321864154566538355e-05 5.074475882282879192e-06 -6.711797041297130786e-05 -4.577131054119343355e-04 6.551800696960983919e-04 3.750665247218895344e-03 1.050393365750002276e-03
-4.465022043479505907e-05 -1.468116728274700327e-05 5.653228463731702584e-06 -7.452135684235609283e-05 -5.086552543818374274e-04 7.279107234476707086e-04 4.167823715595915177e-03 1.166816768127625298e-03
