0.000000000000000000e+00 0.000000000000000000e+00 0.000000000000000000e+00 0.000000000000000000e+00 0.000000000000000000e+00 0.000000000000000000e+00
2.756335974621110233e-05 -5.148282563114717345e-07 -2.275287598520270844e-05 3.000300576633626497e-04 1.785918442896102280e-04 2.367964935552622531e-04
5.514767662447392387e-05 -1.045403660109164673e-06 -4.553389170806650262e-05 5.998952568451651739e-04 3.572938836571430189e-04 4.734205165209413109e-04
8.275333489929869411e-05 -1.592181431442253117e-06 -6.834367287038776420e-05 8.995942792648975363e-04 5.361065675937289141e-04 7.098703394186496856e-04
1.103807192317122701e-04 -2.155632577144763507e-06 -9.118286017382620540e-05 1.199125799691441426e-03 7.150303521400341086e-04 9.461441926795464714e-04
1.380302139834449005e-04 -2.736244313716307253e-06 -1.140521095601744077e-04 1.498488492465841837e-03 8.940656962931052987e-04 1.182240268984617333e-03
1.657022028819180731e-04 -3.334520769788131402e-06 -1.369520927748822583e-04 1.797681032364386320e-03 1.073213062045591049e-03 1.418156721789348186e-03
1.933970686610665972e-04 -3.950983727607604579e-06 -1.598834979598942531e-04 2.096702095532891261e-03 1.252472914424770630e-03 1.653891663768231567e-03
2.211151926728065014e-04 -4.586173406245532523e-06 -1.828470302788677169e-04 2.395550360495552009e-03 1.431845721529080573e-03 1.889443165167112391e-03
2.488569544690932161e-04 -5.240649290551696413e-06 -2.058434125756274037e-04 2.694224509250726929e-03 1.611331954571313839e-03 2.124809252054394790e-03
2.766227313502598348e-04 -5.914991004736201324e-06 -2.288733860701011428e-04 2.992723228454923032e-03 1.790932087917022474e-03 2.359987904472947515e-03
