0.000000000000000000e+00 0.000000000000000000e+00 0.000000000000000000e+00 0.000000000000000000e+00 0.000000000000000000e+00 0.000000000000000000e+00
6.812550662876357829e-06 4.134447645467638103e-06 -1.788190145975632943e-05 8.141266756732860432e-05 2.235462328183650683e-04 1.889957986759531342e-04
1.362669413358225565e-05 8.321116153923346681e-06 -3.577650701843796034e-05 1.628125930312512750e-04 4.471475204192772320e-04 3.778689824301632708e-04
2.044240066085469478e-05 1.256054768425479516e-05 -5.368406805530497223e-05 2.442008295050504497e-04 6.708040228114736268e-04 5.666177254460086571e-04
2.725963408079385011e-05 1.685328483067551417e-05 -7.160484501690971752e-05 3.255784814307869789e-04 8.945159043763409833e-04 7.552401381517104620e-04
3.407835141818996605e-05 2.119986926820900707e-05 -8.953910742323328386e-05 4.069467068427775496e-04 1.118283330237457036e-03 9.437342735773585761e-04
4.089850240076046625e-05 2.560084121688206726e-05 -1.074871343708638918e-04 4.883067200634567603e-04 1.342106466253147664e-03 1.132098124821072751e-03
4.772002894157812152e-05 3.005673886414547292e-05 -1.254492150684804108e-04 5.696597945530824285e-04 1.565985479005812869e-03 1.320329622378296980e-03
5.454286458800247661e-05 3.456809774152100448e-05 -1.434256494068828999e-04 6.510072659214865415e-04 1.789920535792074302e-03 1.508426631320457494e-03
6.136693393312883920e-05 3.913545005266327214e-05 -1.614167485636256642e-04 7.323505351131469289e-04 2.013911804609731879e-03 1.696386948323114078e-03
6.819215198867914322e-05 4.375932395078445023e-05 -1.794228356490047097e-04 8.136910717750393211e-04 2.237959454146888367e-03 1.884208298520583967e-03
