0.000000000000000000e+00 0.000000000000000000e+00 0.000000000000000000e+00 0.000000000000000000e+00 0.000000000000000000e+00 0.000000000000000000e+00 0.000000000000000000e+00 0.000000000000000000e+00
2.022409167565862278e-06 -7.636729669037995809e-07 8.628978372369982500e-07 -8.712843450267437629e-06 3.146248164718614895e-05 1.794927960364216843e-04 2.533123361098125657e-04 1.236623266249081330e-04
4.043779189913773148e-06 -1.528545354787159835e-06 1.730901393256059005e-06 -1.741723806407095159e-05 6.288410998614416447e-05 3.590017575919617803e-04 5.066671294116784552e-04 2.472943284294883658e-04
6.064124704700680826e-06 -2.294605801862254334e-06 2.604048738389292481e-06 -2.611316602315896121e-05 9.426477196183498158e-05 5.385269263254048372e-04 7.600643903892059534e-04 3.708960274189366494e-04
8.083460539932275682e-06 -3.061842709971243427e-06 3.482378386746884907e-06 -3.480060929418746300e-05 1.256043533751200988e-04 7.180683440761150222e-04 1.013504129585784301e-03 4.944674461715665515e-04
1.010180172151098045e-05 -3.830244238052402480e-06 4.365929301443038338e-06 -4.347954962679966137e-05 1.569027389274605842e-04 8.976260528790246194e-04 1.266986357528851687e-03 6.180086078903594378e-04
1.211916347617250335e-05 -4.599798297912718293e-06 5.254740901942920347e-06 -5.214996855077758310e-05 1.881598122007974204e-04 1.077200094965258259e-03 1.520511084729148392e-03 7.415195364142825128e-04
1.413556123531935674e-05 -5.370492549470473067e-06 6.148853070500684482e-06 -6.081184737302934720e-05 2.193754556416496607e-04 1.256790512763522648e-03 1.774078321681611583e-03 8.650002562337512227e-04
1.615101063741380648e-05 -6.142314396272526670e-06 7.048306159667588942e-06 -6.946516717305233784e-05 2.505495505416516309e-04 1.436397348903640202e-03 2.027688078861014653e-03 9.884507925037096677e-04
1.816552753176624548e-05 -6.915250979982586003e-06 7.953140998685424135e-06 -7.810990880030300445e-05 2.816819770210837628e-04 1.616020646216636105e-03 2.281340366724988241e-03 1.111871171058321757e-03
2.017912798166142285e-05 -7.689289175970147094e-06 8.863398901215922100e-06 -8.674605287001381320e-05 3.127726140062287883e-04 1.795660447738450186e-03 2.535035195711192197e-03 1.235261418424771695e-03
