0.000000000000000000e+00 0.000000000000000000e+00 0.000000000000000000e+00 0.000000000000000000e+00 0.000000000000000000e+00 0.000000000000000000e+00 0.000000000000000000e+00 0.000000000000000000e+00 0.000000000000000000e+00 0.000000000000000000e+00
1.042141802065388615e-05 6.272067370229256729e-08 3.152257776187827456e-07 1.967259055301147332e-07 -1.017910984302717102e-05 1.293474802116958543e-04 1.221115717959101506e-04 1.399296717574516477e-04 1.320442370960932450e-04 1.257040855519045647e-04
2.083924467541438784e-05 1.244484120736718447e-07 6.302583976455537618e-07 3.942698967362904198e-07 -2.035424329987748328e-05 2.586900703487407809e-04 2.442276315310314811e-04 2.798695866312060415e-04 2.640949325873387160e-04 2.513945762183643091e-04
3.125347976712378184e-05 1.851820280323502719e-07 9.450969172921613561e-07 5.926316158197932830e-07 -3.052539945367743453e-05 3.880277822830145609e-04 3.663481803442474667e-04 4.198197491127212224e-04 3.961520890253032810e-04 3.770714503400014370e-04
4.166412309987358299e-05 2.449203269916733688e-07 1.259740387005186439e-06 7.918106986031647884e-07 -4.069257738524631999e-05 5.173606279946651879e-04 4.884732193706239987e-04 5.597801636980270952e-04 5.282157089684987733e-04 5.027346861387425175e-04
5.207117447968469812e-05 3.036621085365753917e-07 1.574187849754151095e-06 9.918067746441708684e-07 -5.085577617293829964e-05 6.466886195747230956e-04 6.106027497420198980e-04 6.997508348850348722e-04 6.602857949826870321e-04 6.283842617172053684e-04
6.247463371366277494e-05 3.614061648289068257e-07 1.888438341223781504e-06 1.192619467054076933e-06 -6.101499489276757782e-05 7.760117692265448277e-04 7.327367725869581667e-04 8.397317671760174025e-04 7.923623496424044531e-04 7.540201550579150695e-04
7.287450061060648349e-05 4.181512813868029524e-07 2.202490889882122101e-06 1.394248392074460467e-06 -7.117023261828800602e-05 9.053300892655253987e-04 8.548752890310135901e-04 9.797229650753782638e-04 9.244453755288300134e-04 8.796423440220154429e-04
8.327077498109357475e-05 4.738962366630194132e-07 2.516344516824046236e-06 1.596693160185441837e-06 -8.132148842117221618e-05 1.034643592121029963e-03 9.770183001951999319e-04 1.119724433091524342e-03 1.056534875231423176e-03 1.005250806349744421e-03
9.366345663683025083e-05 5.286398019931225927e-07 2.829998235523477015e-06 1.799953374760519733e-06 -9.146876137044452737e-05 1.163952290337619830e-03 1.099165807198332302e-03 1.259736175735528792e-03 1.188630851346658517e-03 1.130845519656726184e-03
1.040525453914043738e-04 5.823807418712132421e-07 3.143451051991123470e-06 2.004028632575009474e-06 -1.016120505327379762e-04 1.293256196575192111e-03 1.221317811154368910e-03 1.399758197522297208e-03 1.320733306478957597e-03 1.256426461434948134e-03
