0.000000000000000000e+00 0.000000000000000000e+00 0.000000000000000000e+00 0.000000000000000000e+00 0.000000000000000000e+00 0.000000000000000000e+00 0.000000000000000000e+00 0.000000000000000000e+00
1.036464387642884618e-05 -1.986724224158199247e-07 2.150704740927739355e-08 -1.363332164526721014e-05 1.331960919652938906e-04 1.193758927916751985e-04 1.992249532179235277e-04 1.787196636165068334e-04
2.072555731541122316e-05 -3.967087585033571155e-07 4.218845640309646150e-08 -2.725784521293966980e-05 2.663879499782417239e-04 2.387539327566947137e-04 3.984746594914339636e-04 3.574296553407518623e-04
3.108274164696124287e-05 -5.941014186805289426e-07 6.203598898202934922e-08 -4.087355512639947211e-05 3.995756091469442528e-04 3.581341118899810825e-04 5.977491359906783120e-04 5.361299723794285934e-04
4.143619823695246881e-05 -7.908427606780035117e-07 8.104133628595638287e-08 -5.448043569406345576e-05 5.327591050717054048e-04 4.775164220945108599e-04 7.970484000489028208e-04 7.148206115650336577e-04
5.178592848793039336e-05 -9.869250893560660589e-07 9.919611888448147977e-08 -6.807847111767278113e-05 6.659384738434656918e-04 5.969008551782012915e-04 9.963724690977239160e-04 8.935015694501347201e-04
6.213193383926740761e-05 -1.182340656155340531e-06 1.164918865140863899e-07 -8.166764549041414677e-05 7.991137520506134658e-04 7.162874028534198072e-04 1.195721360672224358e-03 1.072172842300038670e-03
7.247421576776853151e-05 -1.377081659300881749e-06 1.329201164550410802e-07 -9.524794279690970635e-05 9.322849767896720626e-04 8.356760567327148120e-04 1.395095092409107985e-03 1.250834426085351827e-03
8.281277578829464043e-05 -1.571140243362571242e-06 1.484722132805401041e-07 -1.088193469119911748e-04 1.065452185673724812e-03 9.550668083315789385e-04 1.594493682050372989e-03 1.429486316474533423e-03
9.314761545390281509e-05 -1.764508499053294701e-06 1.631395073030366533e-07 -1.223818415995361203e-04 1.198615416842060532e-03 1.074459649063428919e-03 1.793917147441932702e-03 1.608128508825522850e-03
1.034787363567002253e-04 -1.957178463592814633e-06 1.769132540975417323e-07 -1.359354105117074505e-04 1.331774708967105271e-03 1.193854570240083287e-03 1.993365506538178570e-03 1.786760998179356312e-03
